0.583571 0.08072 0.359224
0.535884 0.0856418 0.587472
0.569404 0.0906956 0.729492
0.332831 0.120818 0.404946
0.532157 0.0918963 0.217169
0.581863 0.0998157 0.202097
0.584605 0.0961455 0.623091
0.44923 0.0553895 0.633192
0.394292 0.041531 0.585955
0.847303 0.135912 0.51611
0.812079 0.174571 0.437003
0.812294 0.14256 0.425849
0.482227 0.1028 0.571382
0.55658 0.0931664 0.589295
0.454902 0.0342753 0.620515
0.40134 0.0578896 0.271969
0.921175 0.16676 0.448717
0.475357 0.0872384 0.333414
0.213702 0.160588 0.437657
0.830602 0.134053 0.504588
0.453809 0.0387451 0.314525
0.105826 0.129287 0.495478
0.907332 0.1277 0.477393
0.600384 0.098425 0.186912
0.865304 0.131579 0.489827
0.799092 0.204496 0.432846
0.16265 0.128237 0.407911
0.904427 0.131986 0.514325
0.472056 0.043628 0.612838
0.730769 0.146773 0.422762
0.1653 0.101441 0.502597
0.931015 0.175651 0.446183
0.493258 0.1025 0.310438
0.503976 0.101972 0.590347
0.575724 0.0914574 0.629393
0.538653 0.0613658 0.454706
0.668156 0.0940904 0.107389
0.114003 0.155803 0.466621
0.0666693 0.145614 0.453154
0.382136 0.070053 0.317379
0.478267 0.150704 0.488327
0.278131 0.115697 0.403572
0.672395 0.0934033 0.115208
0.834995 0.132978 0.356767
0.406079 0.144766 0.415412
0.501585 0.0880512 0.601361
0.632192 0.0920687 0.156546
0.570048 0.152752 0.423401
0.5015 0.155779 0.42643
0.841883 0.0952838 0.46603
0.936788 0.156413 0.637864
0.574993 0.151868 0.422518
0.672075 0.0915481 0.0455497
0.446049 0.0327403 0.309838
0.473836 0.149934 0.489097
0.208596 0.0642407 0.441099
0.041524 0.120268 0.44034
0.76717 0.0825675 0.426951
0.398853 0.0653143 0.43194
0.642227 0.0805803 0.500215
0.180558 0.144145 0.414803
0.0447883 0.0952652 0.469769
0.409777 0.158377 0.429404
0.433177 0.0309292 0.286272
0.604073 0.0925425 0.288363
0.478742 0.0977288 0.306636
0.249804 0.081288 0.493761
0.47504 0.162332 0.444174
0.569193 0.105429 0.40324
0.485065 0.14728 0.417927
0.409658 0.0866341 0.398337
0.55895 0.0789165 0.349339
0.686018 0.0918605 0.852929
0.484417 0.0547226 0.603155
0.403954 0.0821579 0.29894
0.837586 0.1238 0.408503
0.741307 0.140429 0.492062
0.138382 0.151382 0.426057
0.582594 0.095224 0.150647
0.807854 0.153548 0.445137
0.539152 0.0613634 0.468479
0.931105 0.144552 0.58223
0.316565 0.0727169 0.424486
0.379972 0.0391074 0.299134
0.36264 0.163768 0.460154
0.523999 0.160138 0.47369
0.385857 0.0281559 0.614443
0.626495 0.091344 0.778923
0.29203 0.136088 0.409041
0.0876002 0.152934 0.456129
0.820656 0.123409 0.499867
0.385813 0.0659862 0.587489
0.836348 0.12879 0.53201
0.75791 0.152015 0.430474
0.467857 0.0498759 0.600112
0.654869 0.159598 0.474511
0.380764 0.0451445 0.604013
0.879756 0.164691 0.444603
0.49632 0.0798827 0.377735
0.657401 0.0929878 0.117695
0.877001 0.139877 0.441916
0.853802 0.146657 0.467554
0.840065 0.130971 0.366541
0.774255 0.148797 0.428677
0.905928 0.144498 0.56621
0.543507 0.164814 0.453441
0.773512 0.181518 0.436165
0.7318 0.0706288 0.43899
0.624038 0.156762 0.427413
0.573858 0.0916473 0.244793
0.157167 0.143459 0.493762
0.379152 0.13622 0.409076
0.879119 0.231164 0.451141
0.58722 0.0900445 0.305565
0.598975 0.0985543 0.187314
0.674671 0.0681537 0.479648
0.911236 0.282514 0.457605
0.604353 0.129239 0.502475
0.315973 0.0680012 0.479603
0.879338 0.218864 0.450833
0.512575 0.079763 0.549086
0.651566 0.0931767 0.0442931
0.255189 0.145221 0.493808
0.833812 0.0929141 0.466007
0.442263 0.0622998 0.436222
0.54784 0.0839632 0.327037
0.517209 0.101677 0.314754
0.809812 0.125947 0.394151
0.447685 0.0529017 0.633834
0.633653 0.138722 0.499935
0.121194 0.156221 0.44011
0.443241 0.0305621 0.605564
0.846634 0.13302 0.554907
0.836754 0.221484 0.458451
0.818647 0.145079 0.430704
0.868769 0.139698 0.372795
0.779819 0.136209 0.416374
0.569474 0.0613731 0.412777
0.361091 0.105857 0.504763
0.597684 0.0960338 0.657354
0.726791 0.15876 0.465401
0.845005 0.124828 0.402023
0.620301 0.163982 0.459356
0.445801 0.102968 0.389122
0.576881 0.0907046 0.157038
0.483319 0.0993645 0.384595
0.628814 0.156588 0.427239
0.557241 0.139405 0.499623
0.469146 0.0700826 0.4062
0.897214 0.151227 0.293031
0.52004 0.098386 0.3342
0.783902 0.179846 0.474159
0.906491 0.134818 0.537075
0.482247 0.0817156 0.374512
0.0264122 0.102615 0.453318
0.830394 0.154917 0.450702
0.600636 0.0926968 0.792839
0.213861 0.14508 0.493949
0.575503 0.0971678 0.622623
0.501326 0.0791979 0.532013
0.704367 0.128612 0.500341
0.551602 0.0878614 0.308421
0.954413 0.205079 0.455994
0.876358 0.138176 0.580247
0.711563 0.102655 0.40812
0.577975 0.0820461 0.335596
0.770829 0.220127 0.461687
0.531063 0.0719513 0.392068
0.603917 0.0878399 0.592819
0.891981 0.141209 0.588446
0.48814 0.0747892 0.609542
0.379903 0.060394 0.62356
0.622516 0.092476 0.664997
0.95268 0.211511 0.453175
0.899335 0.313586 0.455475
0.930947 0.286695 0.456045
0.429906 0.0778066 0.290014
0.886545 0.138795 0.376415
0.645866 0.0932885 0.185721
0.501142 0.0867722 0.2965
0.77301 0.0745436 0.465411
0.0697153 0.135877 0.476294
0.207393 0.0937791 0.40815
0.547216 0.0906271 0.205912
0.554961 0.0768643 0.508432
0.574064 0.0699472 0.388653
0.379688 0.0649675 0.620723
0.436658 0.163613 0.448956
0.790545 0.1384 0.417568
0.546547 0.0907054 0.708852
0.700563 0.0920924 0.0291811
0.5627 0.0906949 0.216064
0.513516 0.0613653 0.458182
0.472694 0.0620928 0.471119
0.867126 0.127149 0.396585
0.567909 0.0880773 0.50567
0.43081 0.0799903 0.397312
0.533705 0.163243 0.46211
0.601007 0.0903622 0.772758
0.821231 0.174868 0.473826
0.228377 0.074425 0.422779
0.921708 0.150682 0.608156
0.833627 0.230126 0.457555
0.142544 0.0744625 0.483431
0.771342 0.206076 0.433885
0.83224 0.14836 0.438584
0.302188 0.0762394 0.420965
0.555956 0.0848981 0.32661
0.616369 0.0633919 0.493415
0.362968 0.159307 0.432873
0.452216 0.0919147 0.330825
0.857956 0.121164 0.430976
0.238464 0.0770736 0.420131
0.465506 0.0766467 0.513745
0.234707 0.102234 0.405886
0.298574 0.0813608 0.493834
0.612125 0.0941997 0.658084
0.562609 0.0613674 0.445644
0.934349 0.153818 0.644779
0.913402 0.284472 0.45749
0.605559 0.132109 0.501706
0.479438 0.101946 0.355511
0.732127 0.0680073 0.449223
0.669778 0.095507 0.0422398
0.875469 0.129393 0.431112
0.926845 0.147666 0.321072
0.55879 0.0914647 0.729515
0.534655 0.0613694 0.434798
0.788615 0.110331 0.415853
0.814861 0.133056 0.398212
0.585126 0.0765378 0.373341
0.514509 0.0927461 0.363844
0.521195 0.0904661 0.54065
0.0939218 0.112484 0.413233
0.386334 0.0679354 0.632403
0.29304 0.0641857 0.444317
0.422609 0.154958 0.484074
0.391472 0.163299 0.461905
0.832591 0.135504 0.522452
0.526826 0.100495 0.402925
0.844965 0.140518 0.34179
0.592077 0.0915833 0.30815
0.839955 0.203654 0.433902
0.920616 0.152562 0.64589
0.10047 0.0801612 0.480632
0.915681 0.26357 0.456519
0.480187 0.051365 0.290975
0.503794 0.07499 0.516644
0.552521 0.090561 0.650873
0.756147 0.159824 0.454972
0.475556 0.0449219 0.302994
0.892753 0.151014 0.281144
0.909896 0.134705 0.513347
0.475772 0.157564 0.481469
0.523483 0.0919894 0.402923
0.922279 0.152344 0.290925
0.895486 0.143551 0.558778
0.775208 0.181873 0.47427
0.511945 0.0694827 0.298541
0.755391 0.20844 0.462992
0.473381 0.103105 0.347848
0.876148 0.179278 0.433083
0.367499 0.0876984 0.499893
0.620815 0.0638496 0.419181
0.919902 0.143378 0.561453
0.125673 0.07943 0.48585
0.447995 0.160087 0.473878
0.596791 0.0818764 0.570611
0.590222 0.158708 0.47902
0.941403 0.149715 0.298625
0.499495 0.0954528 0.372888
0.740392 0.155137 0.433681
0.448996 0.0627094 0.319809
0.861479 0.143535 0.569675
0.819937 0.214934 0.441285
0.0772628 0.118783 0.42068
0.425443 0.163074 0.462741
0.501233 0.0680697 0.40616
0.51942 0.0981707 0.651849
0.07651 0.149401 0.4544
0.438525 0.0861479 0.377134
0.334422 0.0639781 0.464581
0.769294 0.0829334 0.426949
0.185481 0.123671 0.40571
0.486901 0.0865194 0.579771
0.952076 0.15548 0.639898
0.582239 0.0805611 0.342556
0.623665 0.0925572 0.204293
0.757679 0.204419 0.447088
0.61579 0.0936159 0.655817
0.944009 0.151054 0.301729
0.745196 0.157308 0.4671
0.774897 0.18081 0.473083
0.595805 0.0882928 0.313831
0.156334 0.0806714 0.491272
0.857242 0.0972533 0.461141
0.234083 0.12392 0.405777
0.757737 0.220605 0.449548
0.426811 0.101021 0.395526
0.837731 0.0955246 0.468767
0.878994 0.1984 0.434463
0.153567 0.0720464 0.482432
0.048554 0.128452 0.443649
0.658388 0.0935505 0.147352
0.869318 0.164152 0.464512
0.830924 0.134021 0.503546
0.851461 0.132481 0.356838
0.478882 0.0662275 0.498609
0.198012 0.147257 0.491773
0.590332 0.159675 0.475414
0.557645 0.0908507 0.725131
0.85376 0.231205 0.450892
0.607062 0.0924018 0.682703
0.584926 0.0919819 0.663976
0.630411 0.0927981 0.676426
0.636843 0.0924645 0.730753
0.868735 0.132981 0.35185
0.487648 0.0703826 0.404659
0.597907 0.0989257 0.73197
0.649407 0.0937079 0.744885
0.685321 0.0941393 0.0586285
0.595423 0.0781516 0.404102
0.144645 0.14573 0.490217
0.901984 0.142856 0.354306
0.876964 0.142456 0.310505
0.513561 0.0902501 0.66144
0.296895 0.0680542 0.479801
0.660618 0.0943741 0.120873
0.554542 0.0899805 0.56892
0.584924 0.15937 0.433116
0.460162 0.0881808 0.572535
0.318638 0.163535 0.448659
0.92771 0.145253 0.594835
0.871093 0.1079 0.441313
0.566088 0.0613659 0.45389
0.315109 0.147876 0.418523
0.546497 0.145788 0.493241
0.621993 0.0926578 0.258435
0.544104 0.0714302 0.521139
0.0789301 0.115081 0.41863
0.394711 0.070438 0.487694
0.180448 0.0621495 0.462524
0.497648 0.151837 0.487194
0.512752 0.0959276 0.251751
0.618169 0.0671419 0.40987
0.320123 0.159994 0.435439
0.229298 0.142079 0.496949
0.289328 0.0734298 0.4859
0.4052 0.069648 0.321889
0.634727 0.0926471 0.684224
0.916926 0.167682 0.444699
0.387409 0.0673367 0.477123
0.669571 0.0930785 0.130165
0.896965 0.136249 0.388992
0.665495 0.0914006 0.875285
0.427669 0.155292 0.48374
0.585971 0.0684979 0.401923
0.731154 0.131964 0.497791
0.912865 0.239342 0.455727
0.532005  0.165 0.454135
0.103139 0.0958072 0.493848
0.735191 0.0943512 0.412681
0.712907 0.159263 0.443416
0.803113 0.0826728 0.461276
0.383153 0.057774 0.585762
0.0567583 0.131571 0.469646
0.868086 0.283867 0.454617
0.303081 0.163668 0.460532
0.381622 0.0509189 0.323539
0.552679 0.160343 0.472923
0.261026 0.102164 0.503773
0.426591 0.0801073 0.511013
0.876972 0.1351 0.513222
0.378586 0.0418688 0.319608
0.900889 0.150916 0.300238
0.603917 0.146425 0.492605
0.409406 0.0379318 0.27644
0.496753 0.101024 0.61124
0.681022 0.0923477 0.0910415
0.913834 0.248316 0.453803
0.399743 0.124537 0.405943
0.254186 0.160276 0.436493
0.797788 0.207871 0.434652
0.258777 0.0798023 0.417404
0.459616 0.110677 0.402926
0.597941 0.0992243 0.172257
0.500229 0.0878604 0.607953
0.883349 0.124516 0.434483
0.550577 0.0966513 0.403169
0.679959 0.0945557 0.0597711
0.197487 0.118223 0.404249
0.262092 0.159434 0.43335
0.469953 0.100094 0.57996
0.760988 0.071754 0.460743
0.882297 0.13674 0.522512
0.309539 0.106324 0.504888
0.339424 0.15831 0.480508
0.85253 0.220697 0.459117
0.562612 0.0957614 0.726942
0.307024 0.141969 0.497058
0.752136 0.0714237 0.46393
0.500247 0.0983372 0.628995
0.110807 0.0694453 0.446077
0.531952 0.0839817 0.39262
0.487524 0.0984563 0.380556
0.308942 0.11384 0.506598
0.853254 0.136392 0.390741
0.417808 0.0619676 0.450025
0.438546 0.0870261 0.538918
0.910137 0.121489 0.460679
0.0375603 0.0955977 0.461597
0.569941 0.0974458 0.298614
0.198296 0.159357 0.433062
0.880257 0.142798 0.44534
0.563852 0.0871367 0.596934
0.591156 0.0730844 0.536226
0.431651 0.0776801 0.308029
0.883262 0.127415 0.405452
0.181145 0.0930626 0.408342
0.501179 0.160534 0.437459
0.508047 0.151824 0.487207
0.646676 0.0945457 0.0563847
0.747416 0.14834 0.425843
0.632148 0.0987515 0.504794
0.179114 0.132149 0.408065
0.463988 0.0859474 0.29879
0.511385 0.139358 0.499669
0.58863 0.0646595 0.404137
0.884199 0.298343 0.454292
0.901473 0.141006 0.363944
0.23919 0.117862 0.404153
0.386229 0.129191 0.407191
0.156763 0.120552 0.503579
0.816627 0.22176 0.457542
0.411393 0.154465 0.484567
0.510666 0.0866295 0.302007
0.42039 0.062619 0.444821
0.538672 0.0778127 0.550222
0.72389 0.141557 0.492757
0.21263 0.162222 0.443758
0.344495 0.0647122 0.467322
0.5471 0.0903316 0.68063
0.448323 0.0751923 0.291863
0.406615 0.0575407 0.326348
0.534456 0.0994745 0.244579
0.157226 0.0682614 0.477262
0.449653 0.0343222 0.598352
0.540559 0.0894921 0.62984
0.426872 0.0712894 0.317853
0.345546 0.133175 0.40826
0.914581 0.134294 0.392143
0.445536 0.0617315 0.447548
0.421239 0.026948 0.612459
0.591255 0.0955877 0.630668
0.868905 0.130535 0.538698
0.487104 0.0978431 0.385245
0.801126 0.112296 0.4914
0.683987 0.0941131 0.0617157
0.502364 0.0828709 0.562721
0.450095 0.0468382 0.277954
0.274549 0.16304 0.446811
0.945626 0.154252 0.625797
0.886211 0.13061 0.382621
0.915677 0.31884 0.453162
0.598374 0.0948457 0.275528
0.661812 0.0949398 0.101424
0.840836 0.123367 0.41488
0.404599 0.11582 0.506068
0.160274 0.146162 0.418377
0.426333 0.0621478 0.461092
0.436593 0.0809718 0.392901
0.189335 0.0904002 0.500617
0.202638 0.0844965 0.412711
0.918269 0.258575 0.456095
0.573293 0.0915746 0.241409
0.508151 0.0898346 0.650945
0.501565 0.102245 0.591659
0.384209 0.0642028 0.465421
0.600849 0.0958342 0.778068
0.593886 0.0908759 0.156314
0.234198 0.162501 0.464882
0.482643 0.0923409 0.286499
0.834172 0.144047 0.432452
0.379125 0.0627127 0.626442
0.387008 0.079935 0.609929
0.412371 0.0264094 0.613207
0.637373 0.0630121 0.46307
0.269867 0.136528 0.409159
0.0342591 0.109023 0.440645
0.692446 0.0787389 0.416478
0.94315 0.149114 0.307238
0.500254 0.0804306 0.368894
0.0399103 0.123648 0.445751
0.911557 0.26252 0.456766
0.806216 0.127413 0.517227
0.456139 0.0881658 0.344927
0.942743 0.18701 0.448455
0.845946 0.102158 0.471862
0.889112 0.149345 0.603778
0.432477 0.147622 0.418269
0.26433 0.129773 0.502331
0.781078 0.0772636 0.443952
0.773133 0.170633 0.453703
0.839224 0.123813 0.500539
0.432541 0.127418 0.406716
0.870529 0.131778 0.547398
0.680327 0.0914572 0.872169
0.611684 0.0941477 0.221474
0.857524 0.207583 0.471129
0.174058 0.0688023 0.428912
0.574639 0.0767262 0.528259
0.565495 0.0684675 0.512471
0.901999 0.266858 0.457561
0.486387 0.0970305 0.392492
0.769059 0.150209 0.429775
0.664215 0.158638 0.476579
0.547627 0.0820886 0.573942
0.503118 0.0822598 0.559398
0.93767 0.148748 0.60932
0.833407 0.134101 0.408872
0.195521 0.140665 0.411308
0.492533 0.0794647 0.526857
0.572938 0.0953868 0.165062
0.152141 0.0788387 0.420558
0.82897 0.143421 0.479622
0.42316 0.0802281 0.509943
0.468602 0.082858 0.535196
0.915076 0.13674 0.385541
0.34403 0.142591 0.413236
0.586819 0.0986231 0.222296
0.554873 0.100264 0.641805
0.465789 0.0871074 0.344711
0.515112 0.0891381 0.276596
0.706384 0.0927463 0.0475693
0.877912 0.124419 0.425137
0.891832 0.129969 0.518283
0.098085 0.0909082 0.419075
0.215441 0.0761588 0.421045
0.846144 0.261555 0.454577
0.868683 0.135511 0.515121
0.403138 0.124593 0.405958
0.9057 0.145198 0.339079
0.485704 0.160404 0.436973
0.560126 0.0782288 0.557415
0.171819 0.129913 0.501848
0.752765 0.192114 0.442472
0.537338 0.0799041 0.559907
0.917901 0.266533 0.453277
0.244748 0.0619195 0.456893
0.747076 0.105353 0.498869
0.486321 0.101071 0.596153
0.654613 0.0915136 0.0710367
0.824654 0.0926812 0.439333
0.407371 0.0325092 0.316546
0.521272 0.0697122 0.506482
0.572269 0.0877221 0.340177
0.801965 0.0902298 0.433181
0.880518 0.115247 0.440072
0.691421 0.0680552 0.436279
0.706735 0.0836727 0.414776
0.24467 0.138379 0.409655
0.826285 0.116593 0.421673
0.906813 0.306526 0.452655
0.479981 0.0487148 0.617705
0.630357 0.0964247 0.101861
0.83195 0.126257 0.518893
0.294067 0.160454 0.437157
0.568078 0.0986888 0.692993
0.85359 0.215303 0.462557
0.874673 0.142007 0.360533
0.440111 0.0918577 0.561385
0.826729 0.19687 0.478497
0.741501 0.153444 0.430411
0.46079 0.061734 0.462214
0.523812 0.165026 0.454232
0.930229 0.141517 0.556154
0.0719532 0.147442 0.457558
0.658571 0.161615 0.466355
0.802399 0.079907 0.456398
0.489676 0.0800803 0.528348
0.574728 0.164429 0.452001
0.555072 0.0898552 0.56641
0.70163 0.11751 0.406161
0.292352 0.0795318 0.417674
0.461065 0.0675063 0.606268
0.920974 0.148464 0.317339
0.464025 0.0604175 0.600669
0.76395 0.104051 0.413094
0.648315 0.0925626 0.173415
0.919135 0.222271 0.452181
0.496247 0.078047 0.38593
0.685539 0.0733322 0.420412
0.890587 0.288985 0.457606
0.795711 0.0807562 0.448584
0.420329 0.0452282 0.27418
0.694675 0.120657 0.502913
0.362798 0.142202 0.496825
0.568947 0.0991249 0.689924
0.685756 0.094753 0.0447157
0.5813 0.145207 0.493822
0.190288 0.119752 0.404659
0.521312 0.101644 0.602898
0.587993 0.0848361 0.570177
0.810673 0.15506 0.449652
0.774207 0.206543 0.475769
0.453859 0.0856553 0.365707
0.646273 0.094147 0.165018
0.616188 0.0924764 0.663336
0.613301 0.0932822 0.691868
0.843047 0.13267 0.419494
0.225567 0.106156 0.404836
0.884051 0.127157 0.407973
0.360442 0.0644307 0.443403
0.471964 0.0635508 0.48452
0.770901 0.125124 0.496072
0.171686 0.141172 0.412509
0.497663 0.0967059 0.370019
0.509515 0.0613634 0.469278
0.898657 0.193002 0.474686
0.689301 0.0930176 0.0805382
0.568035 0.0783594 0.352219
0.591048 0.0986212 0.704365
0.23211 0.073496 0.423707
0.823544 0.0949313 0.436173
0.546352 0.0905071 0.69912
0.61354 0.0957665 0.216733
0.525974 0.0811918 0.562234
0.624514 0.1613 0.440322
0.695616 0.0932408 0.852891
0.914798 0.149318 0.311648
0.884419 0.135057 0.440473
0.49963 0.0880741 0.308895
0.331249 0.0821437 0.494617
0.742351 0.112993 0.408293
0.874234 0.290554 0.455017
0.658171 0.0925636 0.167599
0.412239 0.16467 0.452901
0.911529 0.149299 0.311775
0.854779 0.262613 0.456553
0.59603 0.0784065 0.357591
0.62274 0.0982295 0.780587
0.878921 0.217194 0.450822
0.54228 0.0834273 0.528416
0.681019 0.15751 0.431386
0.501147 0.0975603 0.275377
0.875319 0.217897 0.459032
0.869143 0.201095 0.474738
0.495428 0.10142 0.573044
0.231979 0.16284 0.463615
0.673478 0.12171 0.503437
0.54902 0.0904543 0.691532
0.119008 0.134318 0.496267
0.558799 0.0832802 0.539942
0.842457 0.133156 0.416026
0.473275 0.102348 0.547279
0.460714 0.101854 0.351894
0.360387 0.116726 0.505825
0.340291 0.0746954 0.487166
0.0639997 0.131552 0.475451
0.344398 0.152672 0.48636
0.345692 0.0731678 0.424035
0.284773 0.106513 0.40474
0.635875 0.0917547 0.772679
0.534537 0.0891816 0.295736
0.367787 0.0814246 0.415782
0.458741 0.143102 0.413748
0.854185 0.241246 0.45096
0.129975 0.0658759 0.460266
0.754344 0.214072 0.45347
0.0257873 0.111098 0.45627
0.361971 0.164881 0.45369
0.61936 0.0948539 0.0975912
0.891553 0.127606 0.493356
0.0943585 0.0734626 0.446148
0.879839 0.135998 0.391268
0.914884 0.12876 0.458367
0.533913 0.0919624 0.695466
0.521251 0.0900727 0.370842
0.632584 0.0946024 0.720215
0.891358 0.205929 0.442179
0.518158 0.0868294 0.402922
0.0592697 0.0892971 0.435733
0.880236 0.148125 0.458567
0.457549 0.154706 0.425356
0.460227 0.0840924 0.538831
0.547526 0.10143 0.652351
0.92004 0.138333 0.364738
0.645423 0.163839 0.459889
0.194462 0.161473 0.468715
0.63096 0.0836479 0.501659
0.498315 0.0667869 0.407233
0.888916 0.136166 0.389884
0.891957 0.143617 0.602487
0.57318 0.0916986 0.249789
0.458542 0.11239 0.506751
0.806083 0.125702 0.395784
0.638338 0.0907333 0.502817
0.892015 0.149971 0.608044
0.35807 0.133519 0.408352
0.399098 0.163696 0.460423
0.415061 0.0597088 0.584618
0.278959 0.117185 0.505703
0.923459 0.154043 0.629059
0.611581 0.0621426 0.458718
0.186347 0.0987959 0.502869
0.43068 0.0868694 0.528765
0.482068 0.151662 0.487369
0.602234 0.0923348 0.227664
0.81617 0.142067 0.425731
0.380771 0.0763578 0.603333
0.84399 0.127972 0.528464
0.0831712 0.106126 0.491046
0.665658 0.0914042 0.855549
0.115952 0.133932 0.495893
0.518123 0.089386 0.269701
0.664248 0.0764632 0.413467
0.221406 0.061416 0.454337
0.835614 0.199432 0.477593
0.561721 0.0764867 0.514968
0.876916 0.146908 0.591087
0.831859 0.0893055 0.460286
0.540158 0.0809 0.343881
0.908949 0.164737 0.447579
0.319099 0.144027 0.414672
0.542541 0.0806336 0.506746
0.682678 0.119144 0.405884
0.865305 0.17672 0.433026
0.669946 0.143916 0.493827
0.552259 0.0967705 0.707173
0.477721 0.101828 0.363174
0.660709 0.0941735 0.12507
0.904524 0.140173 0.368114
0.671286 0.0737378 0.416623
0.465626 0.0547405 0.287433
0.751477 0.158165 0.447227
0.0350765 0.118736 0.465998
0.44708 0.10312 0.39213
0.622627 0.0976581 0.146255
0.186469 0.128186 0.406921
0.664365 0.0918778 0.818198
0.076584 0.134933 0.428271
0.943437 0.148769 0.310926
0.416319 0.157103 0.427753
0.680373 0.0919686 0.0643527
0.745094 0.116656 0.500466
0.362359 0.0662592 0.436585
0.703696 0.0923054 0.861542
0.878466 0.14201 0.360264
0.498264 0.0771268 0.521616
0.178752 0.101492 0.406213
0.3852 0.146824 0.492205
0.562509 0.0613711 0.42419
0.555106 0.100189 0.640438
0.407189 0.0554825 0.271312
0.511077 0.0880802 0.603752
0.601174 0.0911713 0.167387
0.908188 0.140463 0.366415
0.616295 0.0910494 0.774738
0.535203 0.0828938 0.512849
0.877456 0.275391 0.457902
0.37862 0.0534872 0.319656
0.951746 0.152971 0.623125
0.680014 0.0917843 0.848172
0.387061 0.130277 0.502197
0.110882 0.155506 0.444003
0.216392 0.143525 0.495503
0.592824 0.0970685 0.667718
0.508904 0.0659641 0.610641
0.457555 0.0485688 0.630675
0.44088 0.131498 0.50187
0.847712 0.192339 0.430609
0.873559 0.1408 0.592696
0.131104 0.0871773 0.415072
0.916554 0.267408 0.456608
0.39185 0.106053 0.404072
0.897165 0.16002 0.457274
0.382985 0.139104 0.40985
0.624636 0.0924691 0.704701
0.904618 0.1524 0.620655
0.619461 0.0925537 0.224555
0.346291 0.145558 0.49347
0.574213 0.0913797 0.677502
0.530217 0.0613723 0.417926
0.475444 0.0715524 0.610151
0.594393 0.0995321 0.741959
0.295066 0.0842646 0.412943
0.332146 0.0804601 0.416746
0.478128 0.101684 0.36547
0.11943 0.0689596 0.441314
0.928357 0.254671 0.455112
0.603566 0.0888103 0.314283
0.598857 0.0770238 0.358668
0.635441 0.0933381 0.210841
0.62887 0.140786 0.411432
0.680843 0.0920977 0.0732744
0.859265 0.129398 0.373495
0.173987 0.0684052 0.480036
0.636157 0.0943571 0.724349
0.203494 0.160073 0.473933
0.115723 0.0938525 0.413671
0.803498 0.146811 0.478993
0.594242 0.0613693 0.434045
0.201275 0.0618352 0.459521
0.384828 0.115453 0.403507
0.584633 0.0809323 0.552519
0.617217 0.0984858 0.13978
0.542703 0.0837366 0.530122
0.805339 0.131108 0.493844
0.853253 0.203506 0.434924
0.374404 0.109155 0.404033
0.592438 0.0903862 0.766941
0.603312 0.0891412 0.598024
0.456566 0.103215 0.37808
0.824539 0.124948 0.398512
0.612141 0.0903848 0.11797
0.250655 0.0620659 0.45744
0.596528 0.101528 0.403866
0.577436 0.061359 0.49274
0.114042 0.154545 0.438308
0.52534 0.0728652 0.299305
0.336689 0.0622018 0.451714
0.941379 0.190234 0.459065
0.91294 0.154006 0.27779
0.920806 0.144845 0.339443
0.296727 0.137292 0.409364
0.592536 0.0890155 0.310425
0.777786 0.133556 0.415303
0.561322 0.070695 0.506744
0.502039 0.100636 0.341677
0.381145 0.0768567 0.489329
0.819404 0.127499 0.385517
0.609118 0.0979518 0.175654
0.924833 0.208444 0.45285
0.618117 0.092932 0.262786
0.0583913 0.139973 0.446782
0.122374 0.069726 0.471293
0.162196 0.153662 0.425732
0.583442 0.0950312 0.301743
0.551311 0.0905797 0.709538
0.860526 0.168972 0.470844
0.475169 0.0595152 0.618021
0.655073 0.133665 0.408689
0.793924 0.199748 0.478112
0.870209 0.12479 0.416852
0.50413 0.129196 0.407193
0.483944 0.159659 0.475476
0.356191 0.160062 0.473976
0.618661 0.148318 0.418967
0.534961 0.162508 0.444829
0.48403 0.0824855 0.60911
0.792344 0.177365 0.47313
0.40074 0.0270529 0.616912
0.435856 0.156994 0.427644
0.245801 0.161607 0.468213
0.585185 0.097226 0.746973
0.410756 0.0793091 0.62021
0.299816 0.158553 0.479603
0.712953 0.078372 0.487972
0.503423 0.150586 0.421235
0.585741 0.0921101 0.275262
0.361245 0.104662 0.504442
0.792268 0.137417 0.49301
0.61679 0.0815431 0.502542
0.43288 0.163328 0.447889
0.881306 0.279181 0.457933
0.901362 0.146038 0.333506
0.451859 0.033939 0.309898
0.380217 0.0612073 0.621232
0.630436 0.0925546 0.218932
0.138568 0.156996 0.474482
0.940818 0.154099 0.639625
0.639924 0.0938498 0.722885
0.379963 0.0309166 0.616933
0.880253 0.13849 0.329081
0.0682095 0.106809 0.486703
0.876388 0.129161 0.477341
0.210467 0.159076 0.432011
0.679723 0.157716 0.477681
0.553912 0.0977992 0.602975
0.459977 0.0991886 0.337409
0.89261 0.132266 0.376118
0.830777 0.118687 0.487369
0.224282 0.0711568 0.483626
0.528022 0.0829341 0.571801
0.637312 0.159692 0.434316
0.0695257 0.139509 0.436502
0.533655 0.0743434 0.382368
0.547563 0.0966834 0.20788
0.17766 0.158761 0.431436
0.506817 0.0948535 0.547948
0.935975 0.152576 0.615564
0.267598 0.145353 0.493676
0.497296 0.0921494 0.399909
0.43822 0.0800655 0.608799
0.590679 0.144872 0.494157
0.526579 0.0754648 0.380901
0.121168 0.157454 0.464928
0.107017 0.0694369 0.450548
0.181953 0.0739773 0.423226
0.603901 0.0918976 0.203864
0.136789 0.115181 0.406596
0.417754 0.0307359 0.284566
0.75754 0.125623 0.497302
0.593496 0.0903583 0.137412
0.538995 0.0894448 0.631587
0.490774 0.0954413 0.392129
0.541444 0.0786888 0.354411
0.424283 0.160758 0.471379
0.879787 0.145103 0.446846
0.668433 0.0961704 0.502541
0.884095 0.286855 0.452461
0.824434 0.133212 0.499737
0.815691 0.140448 0.486377
0.63536 0.0935176 0.503553
0.255423 0.124197 0.405852
0.230532 0.104198 0.40536
0.656603 0.0844603 0.500285
0.654519 0.0851153 0.500583
0.789982 0.209536 0.435837
0.237525 0.0708247 0.483294
0.853386 0.237027 0.450904
0.484129 0.0881645 0.307506
0.628796 0.146536 0.492494
0.541104 0.0900263 0.244322
0.645314 0.0911885 0.85122
0.461065 0.0595683 0.627833
0.384008 0.0927971 0.408414
0.120134 0.0710729 0.435723
0.293018 0.158947 0.478132
0.690508 0.092096 0.846021
0.866872 0.124742 0.415438
0.420108 0.137746 0.409486
0.695372 0.077125 0.418832
0.419867 0.0707431 0.590511
0.449181 0.0514232 0.276534
0.617635 0.092926 0.646871
0.586269 0.131029 0.501996
0.328702 0.0965417 0.502265
0.634416 0.0957626 0.752188
0.768789 0.145607 0.425414
0.660665 0.094406 0.791974
0.756463 0.210068 0.436506
0.102218 0.10626 0.413189
0.886505 0.194285 0.475531
0.534216 0.0898051 0.658562
0.473367 0.109459 0.402925
0.896579 0.140337 0.329127
0.516829 0.10187 0.308817
0.602214 0.061976 0.49603
0.878783 0.27214 0.458504
0.436086 0.0474925 0.274968
0.256075 0.163759 0.449496
0.585367 0.0996689 0.194924
0.921933 0.166315 0.450923
0.855323 0.126683 0.517685
0.564279 0.0735543 0.402919
0.311191 0.143381 0.414026
0.723435 0.118295 0.502158
0.633652 0.0949871 0.171634
0.609826 0.0978523 0.135243
0.156666 0.0635208 0.464349
0.529963 0.0613631 0.470512
0.391466 0.0466434 0.585064
0.666812 0.0681214 0.421349
0.650669 0.0806741 0.409951
0.640169 0.0924619 0.745502
0.824738 0.216822 0.444283
0.559151 0.108118 0.403133
0.507683 0.099333 0.63286
0.284253 0.160056 0.43567
0.492749 0.0736194 0.51174
0.471936 0.0718985 0.4044
0.567823 0.0981713 0.210913
0.38767 0.059942 0.635615
0.685909 0.160913 0.464265
0.711213 0.0680966 0.440205
0.651741 0.0923353 0.784419
0.828341 0.122621 0.417212
0.665671 0.15395 0.425637
0.639139 0.0912726 0.812063
0.675902 0.14488 0.417162
0.229589 0.13014 0.502233
0.552351 0.0857705 0.506491
0.432916 0.0880897 0.539905
0.588017 0.0916671 0.217762
0.5669 0.0887466 0.602942
0.800677 0.124125 0.504925
0.730315 0.0821328 0.420884
0.411031 0.0988409 0.510814
0.576371 0.0837235 0.557789
0.605598 0.0796375 0.504167
0.858924 0.131419 0.360923
0.847207 0.122652 0.483635
0.753158 0.197121 0.468837
0.577301 0.0920868 0.758828
0.515038 0.100462 0.331427
0.0929511 0.151515 0.468367
0.54582 0.117203 0.505698
0.596974 0.0919896 0.219124
0.718186 0.159445 0.445125
0.828541 0.124785 0.399122
0.40944 0.163122 0.447121
0.800211 0.131379 0.403752
0.880461 0.134248 0.557486
0.517541 0.091586 0.506748
0.920946 0.276808 0.456563
0.80944 0.170412 0.46812
0.419505 0.134084 0.501177
0.925301 0.267337 0.455838
0.510849 0.0613645 0.462826
0.505185 0.162133 0.466249
0.543116 0.088655 0.553521
0.578174 0.0915029 0.225069
0.11549 0.127863 0.412372
0.581695 0.0800206 0.505842
0.918197 0.144415 0.567283
0.228344 0.133259 0.501397
0.640586 0.0910897  0.072
0.153965 0.158429 0.434806
0.379744 0.0526277 0.625853
0.163199 0.159339 0.436416
0.519734 0.0982433 0.648986
0.877802 0.129692 0.384029
0.271964 0.138062 0.40957
0.271609 0.150924 0.488107
0.706259 0.0750225 0.423573
0.426875 0.0359595 0.31782
0.742122 0.098582 0.497491
0.908341 0.130533 0.413676
0.701178 0.157962 0.473254
0.648907 0.094946 0.841283
0.44492 0.0815759 0.521249
0.401126 0.0477168 0.272326
0.553521 0.137384 0.409389
0.0977248 0.0901712 0.419937
0.562719 0.090831 0.189805
0.468912 0.0937539 0.307684
0.822365 0.0982628 0.476323
0.602648 0.0925483 0.25545
0.859527 0.141618 0.320489
0.502239 0.149176 0.419824
0.490287 0.0948573 0.402923
0.668714 0.0951591 0.0353801
0.400036 0.152442 0.486589
0.661402 0.0953783 0.0646296
0.680088 0.0934302 0.820435
0.445502 0.062162 0.438968
0.909481 0.131832 0.498211
0.120368 0.157583 0.464078
0.647501 0.116294 0.505942
0.509085 0.114139 0.403154
0.611966 0.0944961 0.66385
0.399031 0.0783563 0.624165
0.419835 0.106554 0.402925
0.660824 0.0716171 0.493077
0.433015 0.0936544 0.358707
0.52231 0.0613641 0.465028
0.686427 0.0917533 0.0370532
0.652945 0.141735  0.497
0.683678 0.0916352 0.034615
0.621321 0.0982198 0.784146
0.236266 0.0631955 0.44801
0.576176 0.085381 0.40415
0.797432 0.167269 0.450323
0.462238 0.0978517 0.329941
0.62305 0.162522 0.464798
0.624148 0.0974215 0.793943
0.451381 0.0351695 0.286561
0.160775 0.0629952 0.448539
0.20393 0.0652061 0.472592
0.54781 0.0898181 0.294975
0.347798 0.129427 0.502424
0.200223 0.0629519 0.464816
0.658034 0.0924587 0.762701
0.875883 0.128709 0.519413
0.544754 0.0863628 0.402922
0.470841 0.0888997 0.596111
0.943072 0.200626 0.45448
0.89049 0.144678 0.612657
0.402094 0.0795814 0.620874
0.355427 0.152206 0.486826
0.866221 0.131459 0.547874
0.808199 0.140409 0.487597
0.628987 0.0979361 0.114079
0.328723 0.0846426 0.412565
0.637853 0.0924712 0.692561
0.53577 0.0756625 0.37099
0.863615 0.12141 0.432805
0.870814 0.142303 0.359231
0.484447 0.0697524 0.504135
0.609039 0.0660397 0.407803
0.749234 0.151207 0.480807
0.946807 0.20067 0.45534
0.928063 0.141259 0.551376
0.606061 0.164259 0.458324
0.150214 0.120198 0.503256
0.818335 0.123669 0.407567
0.624096 0.0941852 0.222552
0.407272 0.081953 0.301577
0.489542 0.148697 0.490333
0.522105 0.0868751 0.386505
0.888407 0.143361 0.352587
0.850006 0.136396 0.570846
0.263712 0.141165 0.497863
0.42046 0.152431 0.42308
0.246652 0.127133 0.406639
0.446524 0.0785764 0.514784
0.905777 0.181487 0.475219
0.119169 0.118819 0.500077
0.522437 0.112908 0.506752
0.439253 0.0362927 0.627619
0.549501 0.0997375 0.298756
0.208055 0.15891 0.478272
0.188692 0.124584 0.405955
0.387485 0.0561718 0.273119
0.835257 0.159381 0.458945
0.493374 0.0877048 0.317124
0.0863676 0.152126 0.451489
0.556786 0.0907405 0.273616
0.541519 0.0882357 0.307294
0.627546 0.0950776 0.0905304
0.518981 0.0981671 0.271527
0.583014 0.0793269 0.348615
0.493319 0.0702036 0.611127
0.151777 0.162774 0.458428
0.828837 0.177949 0.476879
0.896994 0.151549 0.626088
0.929992 0.202787 0.454625
0.17083 0.162867 0.461598
0.876123 0.173951 0.47488
0.404314 0.0914056 0.399482
0.775344 0.197052 0.478533
0.262455 0.067207 0.476637
0.201477 0.1466 0.49243
0.110361 0.133008 0.414557
0.197814 0.0869567 0.499431
0.0435321 0.111729 0.474033
0.810881 0.117029 0.490581
0.632188 0.062535 0.460682
0.620187 0.0637842 0.43306
0.4861 0.103119 0.58229
0.721442 0.070923 0.47674
0.284301 0.119206 0.505161
0.857622 0.143572 0.471237
0.417013 0.0362466 0.278974
0.897054 0.150994 0.612481
0.542669 0.089636 0.351967
0.870182 0.167959 0.440478
0.194237 0.163681 0.460483
0.46984 0.0657005 0.495066
0.500529 0.086419 0.582478
0.649794 0.0947781 0.772707
0.386951 0.0767971 0.31228
0.551819 0.0613646 0.461399
0.55973 0.123198 0.504093
0.528831 0.0769762 0.54272
0.908438 0.214831 0.458388
0.944079 0.148808 0.311713
0.540519 0.118431 0.404306
0.600134 0.092799 0.661995
0.503178 0.16355 0.460966
0.482603 0.0865279 0.33494
0.893484 0.146442 0.331417
0.305401 0.161847 0.442358
0.558172 0.0754318 0.365548
0.151932 0.145052 0.417906
0.904016 0.126775 0.441757
0.255243 0.0800408 0.417165
0.754501 0.216756 0.466724
0.1601 0.0719775 0.426807
0.552054 0.0789714 0.365635
0.556648 0.0613611 0.480962
0.589277 0.095616 0.285337
0.630719 0.093216 0.685752
0.132732 0.1382 0.496073
0.415952 0.0623933 0.585425
0.35925 0.0796803 0.417525
0.62277 0.0971522 0.753741
0.882325 0.126888 0.408882
0.501253 0.0717875 0.507927
0.510915 0.131133 0.407712
0.241499 0.15472 0.425369
0.523837 0.0893101 0.640911
0.5614 0.0967166 0.195081
0.416694 0.0836217 0.397846
0.519551 0.0888698 0.628778
0.217614 0.149423 0.42007
0.444576 0.101097 0.542897
0.919565 0.136609 0.530125
0.563998 0.160232 0.436332
0.458241 0.0837556 0.535288
0.892065 0.135172 0.395083
0.34277 0.158852 0.478488
0.190263 0.145511 0.416155
0.627931 0.0960649 0.170712
0.886781 0.13917 0.374453
0.802032 0.21886 0.46427
0.485618 0.0870146 0.327272
0.906079 0.197916 0.471513
0.155014 0.106842 0.503626
0.2828 0.13288 0.501499
0.756466 0.192342 0.463175
0.637401 0.0957762 0.760706
0.921512 0.145839 0.603913
0.18608 0.0680311 0.480029
0.937332 0.176329 0.448772
0.702682 0.0851027 0.497037
0.867601 0.141642 0.547028
0.909944 0.200474 0.468909
0.491252 0.100929 0.560103
0.273261 0.0635865 0.446552
0.322765 0.162308 0.465602
0.478719 0.0989388 0.313836
0.501546 0.0816378 0.612932
0.650839 0.140416 0.411232
0.507773 0.0815743 0.352326
0.573733 0.0936011 0.313419
0.203912 0.161535 0.468483
0.559163 0.0986231 0.211661
0.489783 0.0777189 0.521719
0.574351 0.163339 0.447933
0.431427 0.0292907 0.603126
0.603815 0.0928014 0.638019
0.477753 0.0844366 0.551709
0.933428 0.322177 0.456166
0.646503 0.0681226 0.492748
0.818455 0.0992585 0.47814
0.834501 0.191458 0.43002
0.412563 0.0988428 0.396175
0.0910023 0.123207 0.494236
0.532319 0.0891734 0.628584
0.766749 0.122446 0.497061
0.447879 0.0316929 0.604807
0.862459 0.266079 0.452188
0.87643 0.164696 0.465279
0.79526 0.0821431 0.466683
0.383423 0.0724063 0.593911
0.655238 0.0916837 0.0831633
0.753936 0.204807 0.475185
0.300015 0.147742 0.418388
0.493953 0.061929 0.470912
0.794315 0.114325 0.41641
0.951703 0.153261 0.287781
0.600879 0.0978833 0.146604
0.402204 0.163389 0.448118
0.322276 0.103103 0.504024
0.857053 0.27065 0.454258
0.279649 0.10473 0.504461
0.557002 0.0955545 0.594231
0.795245 0.17361 0.469889
0.631294 0.0944044 0.732691
0.628758 0.0917732 0.752397
0.92972 0.254226 0.454754
0.652452 0.0940552 0.151434
0.59618 0.0785363 0.55278
0.243523 0.110858 0.506104
0.495616 0.139196 0.409874
0.821525 0.0852295 0.457581
0.916941 0.136899 0.537592
0.259884 0.101603 0.406055
0.925761 0.244084 0.45494
0.829289 0.2151 0.46749
0.309133 0.147852 0.418499
0.832217 0.246363 0.455342
0.589198 0.120075 0.504929
0.675399 0.106787 0.504399
0.657478 0.0954625 0.831648
0.378158 0.0350063 0.285661
0.883393 0.155898 0.453597
0.672154 0.0931143 0.123241
0.505247 0.0866113 0.325499
0.465557 0.0840396 0.368236
0.470475 0.0745954 0.400146
0.353156 0.123262 0.504075
0.496001 0.0650044 0.411702
0.890305 0.150291 0.620164
0.648264 0.158331 0.429288
0.45255 0.0890026 0.338149
0.481518 0.0994948 0.38693
0.610326 0.0627879 0.49159
0.495276 0.0613989 0.459075
0.519895 0.140219 0.498809
0.826395 0.127054 0.522529
0.59583 0.0984404 0.199235
0.879013 0.281203 0.452411
0.59661 0.159795 0.434701
0.916591 0.137998 0.361877
0.32861 0.158759 0.430829
0.598933 0.0802928 0.561666
0.50045 0.16274 0.445698
0.554459 0.0773893 0.399437
0.622364 0.0907772 0.104376
0.11221 0.0738605 0.432473
0.526028 0.0996934 0.284235
0.309655 0.128232 0.502744
0.595615 0.0804099 0.505341
0.81559 0.133341 0.378439
0.277156 0.152439 0.486593
0.437709 0.0654762 0.488739
0.4577 0.0621981 0.437556
0.534168 0.137053 0.4093
0.874587 0.286073 0.453805
0.919001 0.233407 0.454613
0.834075 0.126125 0.391421
0.832858 0.128229 0.380885
0.748711 0.198504 0.474084
0.544859 0.100051 0.60987
0.903369 0.215607 0.458441
0.53178 0.0891889 0.632596
0.388438 0.0754661 0.487978
0.769836 0.220389 0.460842
0.185799 0.0945164 0.501721
0.396625 0.0259954 0.609494
0.379197 0.0483652 0.593952
0.169791 0.131367 0.408343
0.953357 0.179439 0.456653
0.574489 0.0993043 0.67092
0.803918 0.153228 0.443459
0.85005 0.13177 0.42372
0.497248 0.0616907 0.441177
0.441143 0.0998669 0.54521
0.866397 0.212061 0.444281
0.66389 0.0918576 0.0809301
0.575176 0.0613648 0.45971
0.689634 0.15773 0.476027
0.398823 0.0260623 0.608326
0.470487 0.101571 0.383325
0.853944 0.199886 0.432736
0.336985 0.161771 0.442073
0.491042 0.115232 0.403447
0.21184 0.162437 0.444562
0.480253 0.0615571 0.451021
0.451544 0.0977792 0.567849
0.133775 0.146026 0.488397
0.245698 0.0795084 0.417697
0.0579168 0.115306 0.428887
0.595804 0.0644351 0.505399
0.160346 0.0827737 0.493683
0.778568 0.167742 0.456959
0.907083 0.14532 0.571699
0.378754 0.0928541 0.408399
0.096249 0.0747845 0.439011
0.625918 0.0909057 0.801977
0.477591 0.104047 0.402925
0.852648 0.16797 0.439967
0.772115 0.15596 0.443989
0.2589 0.0755356 0.421669
0.455834 0.0816848 0.300052
0.593073 0.0920917 0.673601
0.0628519 0.124564 0.478517
0.0544644 0.091124 0.437029
0.410979 0.151084 0.421733
0.86531 0.117899 0.475854
0.0876626 0.0859865 0.481989
0.797065 0.219219 0.464064
0.944156 0.325273 0.455463
0.873361 0.203329 0.472331
0.825382 0.19512 0.430721
0.423545 0.0990422 0.529171
0.292999 0.079307 0.491779
0.764752 0.195265 0.432032
0.904098 0.127569 0.42986
0.448584 0.159632 0.475575
0.246622 0.15871 0.479016
0.527964 0.086128 0.587422
0.438792 0.0662274 0.493437
0.0421885 0.123978 0.4671
0.459973 0.101199 0.56048
0.0625122 0.110831 0.484228
0.206736 0.0617627 0.458796
0.81115 0.181266 0.432456
0.747291 0.155649 0.472558
0.680754 0.1575 0.478362
0.755166 0.100895 0.496651
0.438324 0.068198 0.279112
0.91053 0.131738 0.502227
0.542516 0.081938 0.388668
0.534383 0.0613604 0.485606
0.211165 0.11675 0.403854
0.360315 0.0900805 0.409142
0.31707 0.157517 0.428167
0.579284 0.164165 0.451018
0.157972 0.155114 0.482174
0.606987 0.1583 0.429118
0.54081 0.107098 0.506751
0.613086 0.0967501 0.716113
0.2287 0.0986315 0.406851
0.624149 0.0946278 0.212799
0.298504 0.109684 0.403891
0.616516 0.105943 0.506165
0.850498 0.243257 0.458921
0.923941 0.149059 0.288793
0.473488 0.061833 0.293395
0.929694 0.3137 0.456975
0.37913 0.115401 0.50618
0.470647 0.0613979 0.454195
0.385289 0.0731326 0.594199
0.453013 0.102422 0.541844
0.562725 0.0795514 0.346444
0.667051 0.0923989 0.0270833
0.460204 0.157102 0.427753
0.383947 0.164729 0.456569
0.622866 0.0982963 0.782568
0.897168 0.15107 0.61404
0.505631 0.103213 0.608653
0.440652 0.102778 0.510294
0.943414 0.15659 0.640582
0.165961 0.109852 0.404646
0.0894539 0.139208 0.485092
0.463122 0.140444 0.411088
0.263426 0.163383 0.461594
0.801334 0.205173 0.433009
0.881595 0.147615 0.450541
0.687003 0.0860072 0.41096
0.919082 0.13622 0.527401
0.489201 0.10339 0.590079
0.585453 0.0878763 0.580457
0.315812 0.0883614 0.409602
0.434933 0.158113 0.48092
0.59027 0.0814543 0.350108
0.33211 0.123474 0.405658
0.561873 0.0797297 0.34553
0.779423 0.213721 0.439127
0.852823 0.173654 0.47538
0.228412 0.0666453 0.475071
0.589379 0.0959446 0.632604
0.886455 0.193086 0.433854
0.653168 0.0957785 0.0769415
0.646051 0.0956391 0.78174
0.840401 0.137552 0.374206
0.920985 0.272967 0.453317
0.915438 0.138629 0.354377
0.0871691 0.150901 0.464448
0.204243 0.143836 0.495192
0.581297 0.0914974 0.297357
0.51974 0.0613595 0.490972
0.455973 0.158369 0.480286
0.145873 0.0951311 0.410002
0.575151 0.0662101 0.403374
0.41088 0.0468155 0.584414
0.0533 0.0852306 0.456294
0.552601 0.164408 0.457768
0.870503 0.132171 0.359421
0.950157 0.153355 0.28772
0.892329 0.120798 0.442812
0.695789 0.0931606 0.851365
0.766706 0.0760133 0.474824
0.617745 0.0904924 0.103042
0.133705 0.113493 0.406492
0.348761 0.0712109 0.483681
0.65937 0.0767881 0.412506
0.173261 0.114819 0.505962
0.14052 0.134502 0.411514
0.872754 0.103663 0.463999
0.755156 0.153856 0.432513
0.166295 0.0653699 0.471121
0.900313 0.150657 0.607969
0.602855 0.0915904 0.190057
0.0731135 0.104895 0.487964
0.746403 0.0955482 0.413651
0.573071 0.154533 0.484499
0.719344 0.158603 0.442071
0.78062 0.126609 0.413685
0.300331 0.157699 0.481335
0.108626 0.155321 0.4448
0.865663 0.227976 0.458828
0.244764 0.125281 0.503534
0.383619 0.0315241 0.285616
0.810783 0.131745 0.413806
0.597124 0.104945 0.403593
0.832868 0.135017 0.51737
0.666953 0.0760625 0.495511
0.872129 0.13729 0.438295
0.396645 0.0471674 0.584427
0.64029 0.0960696 0.817542
0.798492 0.214239 0.439756
0.741841 0.159915 0.457668
0.575412 0.149655 0.489375
0.868964 0.2689 0.457912
0.12236 0.158648 0.448682
0.58024 0.143788 0.495241
0.895262 0.202331 0.46975
0.635841 0.0920289 0.842277
0.892017 0.233646 0.452251
0.694625 0.143695 0.492605
0.254429 0.101478 0.406089
0.549423 0.0680345 0.506689
0.595917 0.0912766 0.181828
0.29313 0.0822844 0.414922
0.456719 0.116088 0.403677
0.559812 0.0882495 0.562607
0.617797 0.0960397 0.110675
0.585754 0.0955791 0.614679
0.666647 0.0918384 0.824494
0.86246 0.144762 0.320195
0.877813 0.135336 0.344551
0.928592 0.271195 0.455689
0.267086 0.103436 0.504114
0.505222 0.0931721 0.255047
0.78477 0.19358 0.478768
0.274531 0.0788951 0.491367
0.688816 0.0920985 0.0574987
0.36517 0.0671122 0.433404
0.49494 0.0961526 0.632844
0.637794 0.128852 0.407101
0.404591 0.0673174 0.274331
0.431815 0.079354 0.511338
0.333955 0.120073 0.504929
0.381363 0.0770299 0.29304
0.921793 0.276253 0.456468
0.830211 0.107266 0.426585
0.0781011 0.113918 0.418677
0.90717 0.132693 0.516245
0.430723 0.0838562 0.299624
0.78526 0.161162 0.458534
0.323175 0.107358 0.404514
0.591321 0.159385 0.433171
0.452397 0.0648195 0.488911
0.354469 0.0632485 0.447811
0.895524 0.165497 0.444072
0.62067 0.0760448 0.4071
0.878293 0.147674 0.308878
0.472882 0.0552788 0.289184
0.162788 0.158245 0.477255
0.708776 0.0738788 0.425346
0.353486 0.160312 0.436627
0.364255 0.111518 0.506281
0.404081 0.0749636 0.316829
0.454149 0.0316569 0.609617
0.671536 0.0933837 0.794842
0.655915 0.0924554 0.781834
0.903968 0.31896 0.454436
0.767402 0.207553 0.475235
0.397983 0.0545655 0.582859
0.104201 0.0814568 0.426892
0.563089 0.0984341 0.696841
0.521744 0.101951 0.302952
0.827493 0.107451 0.483935
0.832964 0.213609 0.468377
0.515313 0.0920361 0.240487
0.595491 0.0834471 0.570513
0.812835 0.0990603 0.479661
0.11225 0.127044 0.497009
0.901715 0.140516 0.578919
0.0959808 0.153136 0.464171
0.63286 0.0954067 0.739733
0.612489 0.0985913 0.149313
0.532933 0.10111 0.625207
0.544399 0.0823042 0.385397
0.761743 0.0905584 0.417408
0.626859 0.0921296 0.829843
0.580868 0.135129 0.408785
0.225607 0.0939144 0.50156
0.444116 0.0347851 0.624768
0.858754 0.140767 0.367768
0.799283 0.0943297 0.429425
0.877137 0.131708 0.493061
0.573526 0.0741237 0.369851
0.43561 0.0624866 0.436238
0.348543 0.133251 0.5014
0.465698 0.0614257 0.453641
0.418666 0.0344927 0.317269
0.905807 0.13245 0.408494
0.610035 0.0912784 0.107099
0.570878 0.116659 0.403831
0.519507 0.101616 0.311694
0.472341 0.102264 0.543614
0.523029 0.158888 0.431315
0.168886 0.161871 0.444761
0.816477 0.0938957 0.474849
0.461066 0.0676502 0.287326
0.198902 0.15097 0.48806
0.0635613 0.0839087 0.44479
0.212775 0.111329 0.506231
0.905253 0.127102 0.435821
0.513447 0.0804107 0.355942
0.579471 0.0613577 0.500425
0.733035 0.0791649 0.424391
0.636822 0.0808557 0.409063
0.622975 0.0956057 0.194689
0.914395 0.135379 0.528146
0.339563 0.131639 0.501831
0.618119 0.0772389 0.502779
0.509082 0.161614 0.468186
0.94289 0.152396 0.61507
0.423881 0.0684058 0.491405
0.380928 0.0677843 0.478794
0.597935 0.0820436 0.404739
0.717303 0.158147 0.439848
0.883941 0.139168 0.327553
0.871793 0.130005 0.377396
0.45783 0.0911011 0.58496
0.67715 0.121811 0.40641
0.83268 0.103951 0.430724
0.483935 0.0762814 0.393027
0.109467 0.0753793 0.4315
0.524199 0.0613577 0.50136
0.954665 0.155904 0.64163
0.622078 0.0925538 0.223958
0.717617 0.154208 0.429004
0.190257 0.157808 0.481224
0.137022 0.0695797 0.475555
0.854673 0.139735 0.433732
0.854161 0.125816 0.511761
0.270479 0.0851582 0.497633
0.0273693 0.103308 0.449141
0.18215 0.0622933 0.445582
0.877452 0.274696 0.457997
0.570223 0.0826356 0.547297
0.423472 0.0374524 0.319693
0.470585 0.102935 0.356644
0.559602 0.100034 0.64928
0.617852 0.0953588 0.702193
0.955628 0.325246 0.454583
0.830835 0.12841 0.380114
0.564566 0.0769868 0.390399
0.583911 0.0839183 0.580621
0.403789 0.133179 0.50142
0.492672 0.141152 0.411797
0.179028 0.117289 0.505589
0.679098 0.0954303 0.868004
0.593563 0.0979573 0.693069
0.638925 0.0920425 0.1398
0.858686 0.150695 0.450876
0.889714 0.135609 0.55935
0.845139 0.133274 0.414194
0.859333 0.143881 0.328623
0.606151 0.0910946 0.154801
0.566911 0.0913682 0.270075
0.832502 0.205066 0.434401
0.574824 0.0910984 0.299442
0.485392 0.101885 0.564534
0.549573 0.10076 0.639916
0.530643 0.0897963 0.256036
0.590443 0.0980157 0.683796
0.213492 0.149721 0.420368
0.47523 0.147442 0.41809
0.648678 0.0920042 0.107515
0.250092 0.0630291 0.44863
0.502535 0.0825231 0.560782
0.106938 0.154195 0.467982
0.463426 0.0666737 0.410445
0.410743 0.0273883 0.603881
0.680514 0.0923139 0.81009
0.819248 0.145958 0.432179
0.934971 0.318182 0.453113
0.461066 0.0348746 0.297287
0.777911 0.0734735 0.4556
0.852238 0.130253 0.541708
0.675693 0.147649 0.419921
0.256272 0.0991566 0.502966
0.673449 0.0925696 0.132928
0.214843 0.159932 0.474458
0.644415 0.122989 0.405529
0.918701 0.1278 0.453202
0.337786 0.161547 0.441237
0.830273 0.166876 0.444181
0.432387 0.0289974 0.616642
0.935154 0.146316 0.328352
0.576196 0.0906738 0.163643
0.91702 0.204722 0.463469
0.571548 0.0977958 0.724789
0.512779 0.160279 0.473165
0.631419 0.0977891 0.119828
0.478925 0.162466 0.444673
0.734923 0.103883 0.49969
0.64499 0.123405 0.405641
0.808795 0.132818 0.517106
0.57214 0.103528 0.506361
0.919575 0.140613 0.566405
0.556243 0.0928337 0.581072
0.531501 0.0974288 0.235297
0.473639 0.0632237 0.301215
0.900679 0.140435 0.366958
0.544189 0.068283 0.402252
0.769034 0.211803 0.437718
0.213276 0.152349 0.422996
0.446946 0.102549 0.510718
0.79145 0.164193 0.451026
0.92511 0.201413 0.465735
0.590128 0.150588 0.488443
0.328429 0.147706 0.491324
0.832236 0.0927955 0.466651
0.859407 0.125451 0.40443
0.623176 0.095112 0.714273
0.90789 0.208064 0.450054
0.419915 0.113337 0.402939
0.30744 0.11621 0.40371
0.376521 0.164652 0.452836
0.870862 0.187131 0.478746
0.576194 0.087463 0.338381
0.552832 0.0970096 0.598018
0.880675 0.226498 0.451132
0.648292 0.0643994 0.469896
0.274147 0.144542 0.415187
0.620688 0.163713 0.44933
0.446744 0.084401 0.37993
0.767496 0.134008 0.415226
0.155011 0.136681 0.41082
0.553499 0.0994879 0.294386
0.628123 0.120998 0.404995
0.03128 0.098507 0.458031
0.554056 0.0905122 0.221612
0.686313 0.158874 0.472085
0.524945 0.0790776 0.35833
0.596625 0.0947977 0.129325
0.910608 0.131117 0.494504
0.634324 0.0969288 0.804973
0.475269 0.0631669 0.42678
0.49641 0.0701 0.299754
0.834618 0.137996 0.36466
0.85362 0.139008 0.532766
0.873876 0.141963 0.597866
0.945482 0.200735 0.45531
0.63608 0.0653637 0.489277
0.546343 0.0998174 0.300727
0.860143 0.13415 0.477456
0.754591 0.200758 0.467469
0.592754 0.0774137 0.545938
0.922229 0.182557 0.435101
0.444603 0.0384641 0.316785
0.625704 0.0945416 0.701093
0.663097 0.162757 0.448372
0.675209 0.12211 0.406418
0.851739 0.243657 0.450863
0.51291 0.0738629 0.516258
0.350943 0.112637 0.4031
0.40627 0.0307759 0.314935
0.0562551 0.0865748 0.444671
0.87426 0.219003 0.459076
0.47345 0.0935069 0.608848
0.581707 0.0919049 0.640515
0.6611 0.0949373 0.812309
0.496974 0.0855206 0.296716
0.957301 0.196743 0.455235
0.41113 0.150794 0.488236
0.520473 0.0775289 0.370592
0.385407 0.0484976 0.635499
0.786928 0.13376 0.494363
0.507119 0.0799781 0.365078
0.780542 0.160755 0.457649
0.593246 0.0984382 0.505656
0.692202 0.092283 0.0633404
0.60387 0.0920443 0.607657
0.362599 0.104765 0.405209
0.63778 0.0918214 0.77441
0.408766 0.0286595 0.28731
0.882114 0.148094 0.599094
0.587979 0.092364 0.260737
0.934111 0.153105 0.291836
0.674786 0.0915482 0.0378739
0.347275 0.0680939 0.47995
0.470205 0.161737 0.44195
0.852918 0.128271 0.378182
0.106698 0.0752505 0.47738
0.917182 0.133755 0.508711
0.366231 0.0941285 0.408057
0.624768 0.0973061 0.149418
0.629525 0.0953099 0.0914007
0.973432 0.220341 0.455078
0.566362 0.0983848 0.28515
0.364759 0.164171 0.458653
0.623928 0.0916077 0.157704
0.620599 0.113818 0.506605
0.35062 0.113416 0.506712
0.167395 0.0897777 0.410082
0.964732 0.209725 0.454016
0.409193 0.0569507 0.583376
0.588752 0.098491 0.742386
0.442431 0.0689938 0.407214
0.449019 0.13134 0.501912
0.603062 0.0903897 0.773035
0.60227 0.0619809 0.499736
0.661611 0.0955058 0.0703586
0.680669 0.159208 0.471689
0.818569 0.205039 0.433184
0.552676 0.164088 0.45896
0.405322 0.0516864 0.582635
0.721875 0.148879 0.42406
0.449869 0.0461808 0.320064
0.277108 0.148602 0.419249
0.882238 0.275071 0.451274
0.893223 0.142005 0.55056
0.552145 0.0904039 0.666289
0.132981 0.143363 0.418727
0.0526283 0.131936 0.466664
0.892606 0.173571 0.473461
0.247588 0.158176 0.480857
0.850804 0.135842 0.341329
0.853717 0.20768 0.438331
0.854867 0.220881 0.450508
0.807232 0.179475 0.476772
0.395937 0.0800934 0.304265
0.573977 0.0613683 0.440022
0.549174 0.0902094 0.640225
0.901746 0.149515 0.310336
0.244229 0.160759 0.438295
0.474541 0.101967 0.368385
0.41105 0.0790479 0.620966
0.554384 0.0905586 0.21527
0.543876 0.068222 0.507124
0.504025 0.0993064 0.629137
0.551566 0.0999865 0.624632
0.749148 0.197451 0.474691
0.637754 0.0909283 0.830888
0.501694 0.0925777 0.650951
0.133205 0.0651333 0.456801
0.91606 0.149578 0.309917
0.492693 0.077021 0.300649
0.225523 0.13441 0.501089
0.324645 0.164968 0.45401
0.4686 0.0849613 0.549912
0.767318 0.213229 0.470831
0.364993 0.150879 0.421527
0.0700735 0.118222 0.423842
0.662382 0.0915354 0.840614
0.875214 0.28207 0.453072
0.511178 0.088656 0.395706
0.875853 0.188087 0.431451
0.586405 0.0919684 0.667767
0.40243 0.0752709 0.498041
0.47905 0.0468237 0.605039
0.380598 0.055146 0.310375
0.843216 0.13419 0.501883
0.237148 0.0627677 0.449605
0.598458 0.096542 0.671155
0.689636 0.0949987 0.880144
0.509596 0.128107 0.502778
0.915923 0.127306 0.457769
0.613522 0.0631109 0.47249
0.941312 0.187181 0.461878
0.520213 0.0678065 0.50537
0.229525 0.101641 0.503632
0.263704 0.0691956 0.428006
0.138071 0.066102 0.442608
0.416623 0.121976 0.50442
0.806232 0.134467 0.417813
0.540627 0.0823067 0.506747
0.421327 0.158132 0.428782
0.847415 0.18183 0.478079
0.405166 0.0541479 0.638856
0.629213 0.118628 0.505317
0.0589194 0.111356 0.427285
0.0863069 0.0863742 0.481701
0.489358 0.075741 0.516493
0.557187 0.0876609 0.595374
0.542562 0.0821484 0.298429
0.829953 0.102442 0.430997
0.91523 0.135024 0.386575
0.388893 0.0556813 0.325344
0.168385 0.062817 0.463169
0.819778 0.208697 0.436239
0.579243 0.0846097 0.563177
0.468606 0.0637747 0.485305
0.130611 0.142424 0.491553
0.462016 0.0825871 0.297909
0.38295 0.052171 0.32454
0.0942036 0.133294 0.491347
0.768478 0.154288 0.472521
0.739218 0.155564 0.434937
0.410452 0.0407613 0.32361
0.58665 0.0973038 0.748231
0.36418 0.159428 0.433327
0.31401 0.0675131 0.477781
0.762912 0.218719 0.443517
0.495908 0.0813419 0.544082
0.876137 0.124027 0.428357
0.638473 0.0958985 0.145725
0.45041 0.0657447 0.493342
0.599514 0.0923403 0.29412
0.620633 0.120695 0.404914
0.811789 0.112921 0.489684
0.804597 0.0827781 0.448884
0.847717 0.200889 0.476885
0.503844 0.0885458 0.61866
0.834476 0.104922 0.479119
0.0411048 0.121013 0.440996
0.629374 0.128519 0.502668
0.952617 0.315683 0.455166
0.42118 0.0999903 0.392963
0.617377 0.0903119 0.809135
0.606695 0.0970634 0.705737
0.634427 0.0907489 0.833043
0.602512 0.062008 0.483141
0.421771 0.138412 0.500018
0.520465 0.101598 0.596359
0.247017 0.160597 0.437692
0.674097 0.0917713 0.840489
0.4064 0.123049 0.405544
0.523976 0.0618676 0.40773
0.542281 0.0613589 0.494338
0.921474 0.177356 0.473243
0.59922 0.095785 0.254913
0.754483 0.0985658 0.496003
0.135747 0.159625 0.446179
0.432346 0.0687084 0.500262
0.566219 0.0993137 0.261707
0.40415 0.0508293 0.582773
0.630746 0.0946227 0.504052
0.475073 0.0967719 0.602658
0.79816 0.102059 0.486174
0.619595 0.0975957 0.756725
0.944182 0.150836 0.29327
0.488441 0.0869115 0.583058
0.759563 0.186652 0.475194
0.779799 0.155626 0.466206
0.638182 0.0802771 0.409289
0.52924 0.0999264 0.3199
0.898029 0.134741 0.546731
0.270844 0.0766567 0.489128
0.553299 0.0729787 0.37831
0.921544 0.233471 0.454794
0.135181 0.145734 0.420791
0.400229 0.0433781 0.324509
0.112474 0.14546 0.485252
0.600214 0.0916677 0.706771
0.641048 0.0658621 0.480088
0.305467 0.0789693 0.491442
0.558235 0.0738001 0.373576
0.152304 0.119362 0.50363
0.612465 0.0924719 0.688928
0.757509 0.0867355 0.489038
0.153588 0.0680892 0.4763
0.138214 0.0868567 0.41439
0.440499 0.0685223 0.318143
0.471514 0.120305 0.504867
0.57086 0.0834662 0.35817
0.950551 0.309816 0.455137
0.878413 0.141053 0.544616
0.706043 0.067706 0.440788
0.104556 0.144826 0.42536
0.583506 0.0883104 0.598285
0.919987 0.291594 0.457181
0.395005 0.0355431 0.630596
0.930516 0.147397 0.587674
0.643004 0.131865 0.40791
0.536021 0.0659342 0.404603
0.528725 0.100184 0.638978
0.345882 0.0681876 0.4803
0.579542 0.0809446 0.340543
0.829663 0.218517 0.460437
0.692738 0.0918408 0.869864
0.595565 0.16271 0.445585
0.462477 0.0616365 0.619707
0.583462 0.0801584 0.403895
0.576319 0.0987105 0.249716
0.950607 0.155695 0.275079
0.379286 0.0496361 0.322028
0.397474 0.0351959 0.318965
0.824635 0.193434 0.430264
0.613056 0.092482 0.631764
0.385586 0.0636127 0.446453
0.550583 0.0971777 0.702456
0.30441 0.114468 0.50643
0.421752 0.160054 0.435667
0.381014 0.0687196 0.481189
0.657323 0.0925666 0.150358
0.751671 0.207835 0.436561
0.326798 0.0655537 0.439216
0.326587 0.11997 0.404718
0.552685 0.0865664 0.550352
0.56493 0.0935481 0.59026
0.565299 0.0771852 0.520818
0.197305 0.155804 0.426453
0.707608 0.116893 0.503456
0.64775 0.0957425 0.123347
0.311144 0.076021 0.488492
0.310057 0.0746685 0.487139
0.604215 0.0936571 0.283506
0.616256 0.094001 0.504797
0.524472 0.0884987 0.535485
0.495739 0.0613663 0.45325
0.534353 0.151015 0.421664
0.862469 0.103065 0.442108
0.60624 0.0817245 0.503886
0.068678 0.119372 0.48447
0.347339 0.131675 0.407857
0.166438 0.0887654 0.410415
0.518239 0.093792 0.353229
0.232969 0.142869 0.496159
0.697053 0.0919557 0.871353
0.663143 0.0914028 0.863156
0.521007 0.0903226 0.237628
0.385118 0.16146 0.468762
0.542205 0.0894706 0.617419
0.861837 0.152384 0.458013
0.471765 0.103147 0.560502
0.734099 0.0958963 0.497611
0.782332 0.152456 0.435311
0.76816 0.220686 0.45991
0.877046 0.123766 0.435768
0.38749 0.0954977 0.501985
0.763857 0.158688 0.451923
0.462445 0.0923378 0.315416
0.718025 0.104048 0.408256
0.423316 0.127255 0.406672
0.376191 0.111905 0.506385
0.165384 0.144359 0.493493
0.665359 0.0940894 0.0285494
0.803631 0.146687 0.430526
