0.56182 0.536756 0.0470454
0.893564 0.336258 0.174985
0.748226 0.331931 0.0515533
0.143518 0.326939 0.0608897
0.555345 0.395177 0.0854581
0.924197 0.314637 0.174811
0.542022 0.205088 0.0467703
0.585053 0.616332 0.0518017
0.54697 0.216931 0.0519637
0.581848 0.485057 0.0485664
0.313102 0.391583 0.0377791
0.307916 0.351793 0.0278095
0.577699 0.220298 0.0472571
0.639509 0.328044 0.0552851
0.935302 0.323276 0.174494
0.616913 0.632697 0.0523019
0.77074 0.382541 0.0893185
0.361356 0.331565 0.0456558
0.513387 0.46003 0.0502602
0.547738 0.333554 0.0854758
0.238548 0.327154 0.0597949
0.26494 0.382689 0.0955143
0.436408 0.34065 0.034575
0.405984 0.341696 0.0334513
0.144722 0.400564 0.0721911
0.558075 0.487962 0.0432035
0.648859 0.0355025 0.0563273
0.382043 0.385939 0.032599
0.774734 0.353135 0.0956402
0.720454 0.31789 0.0688948
0.556289 0.36119 0.051202
0.48264 0.328087 0.0545765
0.160579 0.337373 0.0884366
0.301294 0.393073 0.0392357
0.543259 0.501981 0.0517218
0.284921 0.33053 0.0787688
0.563621 0.304028 0.042265
0.201533 0.332263 0.0438625
0.762151 0.388826 0.0682624
0.729889 0.296752 0.0807399
0.602299 0.361149 0.026148
0.475842 0.367628 0.0511051
0.507135 0.358478 0.100559
0.959311 0.277232 0.173508
0.376177 0.401518 0.059945
0.58936 0.348166 0.0303864
0.704304 0.341734 0.0361756
0.211406 0.370468 0.0996283
0.534406 0.334605 0.0295494
0.695367 0.328707 0.0652334
0.752832 0.368516 0.031134
0.456007 0.368312 0.0461756
0.606009 0.574493 0.0520726
0.479514 0.324375 0.0493513
0.888067 0.365751 0.114441
0.830247 0.368589 0.120752
0.751317 0.33616 0.0518795
0.461178 0.358837 0.100476
0.566857 0.463155 0.0498185
0.683277 0.354559 0.0280303
0.0803037 0.368529 0.0265713
0.590234 0.142884 0.0491873
0.516975 0.393331 0.036814
0.594576 0.603358 0.054434
0.254328 0.327258 0.0668989
0.511426 0.360475 0.100888
0.596914 0.140863 0.0493685
0.533754 0.436541 0.0399509
0.749926 0.445447 0.0678862
0.742458 0.375639 0.0317988
0.494052 0.362732 0.101194
0.699987 0.341347 0.0361731
0.654611 0.337204 0.0897283
0.923767 0.442701 0.173035
0.852411 0.364212 0.156824
0.569126 0.459807 0.0493258
0.539789 0.288973 0.0402629
0.48094 0.337244 0.0892492
0.566139 0.274462 0.0495209
0.714127 0.416239 0.0475292
0.390745 0.327697 0.0700525
0.810642 0.38361 0.0666513
0.468103 0.335235 0.087205
0.551243 0.286811 0.0511934
0.837105 0.363164 0.0923162
0.483277 0.317758 0.0495547
0.544015 0.429587 0.0396621
0.512876 0.363115 0.0262019
0.508393 0.331629 0.0459261
  0.75 0.358183 0.0515487
0.639306 0.3995 0.0510432
0.520177 0.333197 0.0370117
0.389295 0.343792 0.0947463
0.220873 0.390552 0.0365044
0.558617 0.36846 0.0265084
0.889729 0.38042 0.175134
0.954065 0.42167 0.173639
0.556886 0.494364 0.0434746
0.784677 0.421768 0.070438
0.722401 0.282511 0.073313
0.329161 0.333727 0.0851747
0.507156 0.384602 0.0515427
0.559582 0.345196 0.0274824
0.722343 0.36063 0.0481913
0.617406 0.657478 0.055892
0.915195 0.305418 0.174736
0.581719 0.40054 0.054328
0.560198 0.230243 0.0513407
0.165663 0.386924 0.0928608
0.654837 0.350802 0.0991195
0.577179 0.550401 0.0522402
0.517208 0.423241 0.0387957
0.675643 0.32666 0.0643034
0.383502 0.400418 0.0530158
0.472869 0.385297 0.0486581
0.472959 0.334045 0.0412818
0.16484 0.329591 0.0489993
0.674798 0.384687 0.0327245
0.464742 0.383474 0.0478794
0.520979 0.359148 0.100707
0.913353 0.374252 0.175115
0.640784 0.399103 0.0779897
0.195571 0.336599 0.0877666
0.748847 0.365601 0.029846
0.674487 0.292946 0.0542412
0.598319 0.531715 0.0491852
0.681003 0.445628 0.05606
0.623047 0.353687 0.100149
0.724932 0.292604 0.0806066
0.730631 0.400532 0.0496363
0.718814 0.377676 0.0985788
0.569695 0.22296 0.04498
0.542283 0.192764 0.048354
0.233958 0.352061 0.0984913
0.882708 0.362595 0.11136
0.554182 0.329572 0.0500954
0.808376 0.373891 0.0466316
0.618694 0.0838993 0.0554912
0.459445 0.389027 0.0324219
0.551515 0.327743 0.070805
0.90451 0.366276 0.143777
0.794271 0.437122 0.0548909
0.53926 0.376181 0.0996528
0.747828 0.446904 0.0627587
0.718726 0.36052 0.0731475
0.579398 0.579743 0.0538087
0.532676 0.370526 0.100591
0.0324095 0.363269 0.0548347
0.568905 0.192375 0.0525218
0.50161 0.313693 0.0384122
0.576347 0.349517 0.0426091
0.894783 0.367096 0.0765299
0.69409 0.450412 0.0659896
0.788451 0.341806 0.0663275
0.785663 0.43078 0.0490389
0.742901 0.384028 0.0388441
0.563462 0.525266 0.0525422
0.881663 0.368203 0.135186
0.602106 0.161973 0.0519253
0.599607 0.548128 0.0505424
0.555099 0.377684 0.0267673
0.743686 0.388288 0.0854831
0.558043 0.284529 0.0502772
0.597468 0.340819 0.034828
0.562531 0.332806 0.0422033
0.563139 0.282364 0.0496114
0.587116 0.204247 0.0501807
0.0602736 0.33818 0.0613734
0.614929 0.355606 0.0276789
0.535961 0.4055 0.0513505
0.763525 0.31068 0.0521898
0.715584 0.332702 0.0736655
0.923118 0.311167 0.172675
0.123012 0.381837 0.0298349
0.933112 0.284209 0.174577
0.686508 0.302597 0.0442473
0.852565 0.352844 0.0826222
0.521522 0.38232 0.0964703
0.563514 0.347827 0.0271615
0.924863 0.371669 0.174553
0.536416 0.312624 0.0514888
0.71303 0.300306 0.0695505
0.316658 0.388227 0.0344336
0.802978 0.345508 0.0582043
0.400857 0.342798 0.0942749
0.775016 0.362344 0.0562549
0.557759 0.483919 0.0520676
0.559078 0.391091 0.0379368
0.409023 0.396512 0.0824132
0.554986 0.537766 0.0461055
0.486753 0.353996 0.0354591
0.765556 0.369807 0.0540864
0.631237 0.0834677 0.0549713
0.5713 0.299506 0.0435724
0.875948 0.383039 0.173427
0.866883 0.365672 0.172724
0.455413 0.375714 0.0449585
0.560024 0.392997 0.0406355
0.612981 0.659843 0.0559071
0.553514 0.499895 0.0515021
0.569337 0.185229 0.0526952
0.711826 0.340905 0.0902663
0.768922 0.286211 0.0561173
0.512787 0.466847 0.0424441
0.520189 0.367995 0.0263496
0.0762315 0.400336 0.0569723
0.490387 0.428519 0.0416377
0.565275 0.378838 0.0517238
0.583703 0.348844 0.0271902
0.783169 0.37422 0.0642232
0.860134 0.363424 0.163022
0.743068 0.327821 0.0512001
0.560075 0.353796 0.0265799
0.628851 0.392197 0.0889619
0.536664 0.304527 0.0391823
0.470271 0.327052 0.0610863
0.766716 0.417295 0.065006
0.341939 0.328059 0.054373
0.837356 0.364426 0.142455
0.398847 0.363433 0.0258816
0.906144 0.366772 0.172272
0.263481 0.39628 0.0824416
0.4773 0.333183 0.0427933
0.095997 0.401097 0.0654234
0.335433 0.351814 0.02787
0.889664 0.36366 0.108175
0.53754 0.35362 0.0489946
0.536149 0.261098 0.0522031
0.692022 0.367447 0.0699859
0.65314 0.343749 0.0955137
0.533556 0.358908 0.0505659
0.240347 0.33192 0.0813646
0.462828 0.349541 0.0293554
0.606238 0.0857781 0.0554574
0.572407 0.315836 0.0466981
0.826603 0.351468 0.0566799
0.485581 0.366994 0.0514194
0.543273 0.213169 0.0524963
0.935513 0.308997 0.174662
0.563145 0.371207 0.0272455
0.584663 0.505334 0.0481958
0.584096 0.119325 0.0540977
0.538953 0.332184 0.0306878
0.863144 0.360939 0.157288
0.935274 0.283851 0.172907
0.814221 0.369355 0.0851155
0.767463 0.304062 0.0473292
0.550757 0.364331 0.0263561
0.560581 0.21899 0.0444021
0.718566 0.386753 0.0914468
0.570602 0.445743 0.0440366
0.16973 0.374292 0.0267187
0.698885 0.278561 0.0698093
0.469384 0.332563 0.0439888
0.696256 0.420872 0.082316
0.577371 0.522205 0.0461624
0.891686 0.397595 0.172778
0.790765 0.350041 0.0454038
0.748845 0.421297 0.053108
0.704181 0.390768 0.0738055
0.559189 0.397966 0.0478117
0.566799 0.204117 0.0453443
0.9166 0.438972 0.17356
0.705692 0.395582 0.049897
0.262586 0.381235 0.0298935
0.814754 0.372421 0.0477717
0.576388 0.220093 0.050293
0.913723 0.342082 0.175036
0.617489 0.610099 0.0537138
0.515685 0.293694 0.039654
0.390062 0.327755 0.0704155
0.161887 0.395255 0.0841521
0.826781 0.361251 0.125735
0.463337 0.361379 0.0491867
0.579897 0.245255 0.0467282
0.563833 0.47638 0.0508739
0.536207 0.471083 0.0422759
0.507646 0.469167 0.0473915
0.522347 0.438931 0.0399188
0.690883 0.37276 0.0279334
0.357408 0.328493 0.0516808
0.555026 0.429138 0.041129
0.551197 0.268364 0.0518522
0.758165 0.415672 0.0535016
0.563906 0.529003 0.0465675
0.436286 0.384905 0.032215
0.558941 0.271626 0.0426776
0.276832 0.395457 0.0421266
0.233082 0.40145 0.0668641
0.562219 0.364346 0.0261573
0.56512 0.539613 0.0461631
0.371205 0.371578 0.0999365
0.721943 0.437922 0.0594814
0.551663 0.397047 0.0490896
0.719758 0.433061 0.0534086
0.528872 0.395595 0.0513322
0.487954 0.369977 0.0514715
0.621631 0.660919 0.0559776
0.226974 0.327841 0.0704985
0.276397 0.361438 0.0258822
0.81631 0.380495 0.0824251
0.57024 0.502838 0.0450563
0.557899 0.353747 0.0511716
0.558785 0.366535 0.101303
0.227191 0.401993 0.0625195
0.949024 0.288832 0.174291
0.387545 0.341157 0.0928909
0.462159 0.343739 0.0949367
0.771488 0.363419 0.0666092
0.725312 0.296622 0.0433992
0.727858 0.340519 0.0882192
0.789651 0.378938 0.0454212
0.823664 0.362886 0.0482731
0.705634 0.37982 0.0977764
0.469212 0.345205 0.0488442
0.915569 0.304389 0.174724
0.0778918 0.330649 0.0449909
0.697821 0.335939 0.0418273
0.632586 0.0520248 0.0563759
0.548084 0.191005 0.0478517
0.477567 0.348268 0.0509446
0.669919 0.387694 0.0935935
0.775679 0.403327 0.0593278
0.750003 0.435367 0.0458765
0.308396 0.381803 0.0960962
0.729206 0.339051 0.0861925
0.0658957 0.390622 0.0359215
0.749732 0.425405 0.0454714
0.792143 0.345846 0.0840201
0.563568 0.516992 0.0519333
0.839619 0.37385 0.0879775
0.0861825 0.33262 0.0787632
0.533506 0.217885 0.0463888
0.922987 0.360744 0.174593
0.352565 0.33539 0.0396141
0.49033 0.29895 0.0490248
0.596733 0.0878868 0.0535995
0.896196 0.362706 0.175254
0.523116 0.33359 0.0514216
0.416017 0.386182 0.0941843
0.802504 0.384509 0.0637244
0.483168 0.335745 0.0301169
0.966904 0.250234 0.173949
0.295577 0.351781 0.0985348
0.320594 0.393136 0.0871161
0.78968 0.419678 0.0640343
0.537379 0.347335 0.0486361
0.313218 0.400331 0.0522779
0.910181 0.426834 0.174383
0.484687 0.389235 0.0358826
0.299633 0.328366 0.0523158
0.304969 0.327945 0.0549908
0.901529 0.366063 0.137028
0.398233 0.373981 0.0996368
0.541961 0.364343 0.0264147
0.597478 0.150691 0.0492836
0.581811 0.212234 0.050222
0.527686 0.24586 0.042667
0.492079 0.4207 0.0505063
0.463243 0.401585 0.0606092
0.50072 0.332636 0.0439287
0.594305 0.557001 0.0521758
0.70099 0.343574 0.0340334
0.182401 0.400636 0.0718491
0.199325 0.328406 0.0517931
0.229851 0.379778 0.0290668
0.458609 0.36545 0.101171
0.13634 0.38568 0.0318246
0.544431 0.225227 0.0517637
0.569342 0.139364 0.0515751
0.411492 0.328112 0.0727384
0.555743 0.361204 0.101138
0.304369 0.358621 0.0263997
0.5397 0.270763 0.0520108
0.913653 0.353057 0.172366
0.553606 0.361136 0.026643
0.809753 0.355804 0.0464578
0.423518 0.346485 0.0308108
0.829076 0.349304 0.0813959
0.328572 0.361574 0.0259949
0.558879 0.39639 0.0346812
0.524355 0.281217 0.0405185
0.967843 0.237797 0.174061
0.502338 0.436164 0.0404611
0.565513 0.5491 0.0467045
0.760456 0.370825 0.052906
0.676785 0.414394 0.0713591
0.162379 0.39833 0.0474492
0.15001 0.383539 0.094735
0.477874 0.381448 0.0364411
0.521963 0.23121 0.048187
0.376339 0.360552 0.100491
0.500043 0.289561 0.0505679
0.650911 0.398019 0.0801512
0.552094 0.199242 0.0465213
0.847706 0.360561 0.0870742
0.758121 0.294898 0.0652375
0.477332 0.327279 0.0676537
0.520109 0.417842 0.0517848
0.592929 0.184169 0.0485382
0.583764 0.124001 0.0542247
0.731972 0.321018 0.0709506
0.586311 0.328851 0.076345
0.0931193 0.32812 0.0682111
0.499751 0.371698 0.0350965
0.728785 0.395517 0.0492649
0.49736 0.385236 0.0360057
0.51978 0.395225 0.0852602
0.522967 0.328164 0.037391
0.512551 0.400388 0.0431583
0.317565 0.32738 0.0678453
0.747407 0.336224 0.062398
0.564073 0.236553 0.0441111
0.952052 0.314352 0.173638
0.891662 0.362107 0.129783
0.490259 0.366561 0.101091
0.601648 0.395175 0.042438
0.881086 0.348907 0.17492
0.744808 0.373887 0.0310918
0.559178 0.214073 0.051924
0.544487 0.258221 0.0419219
0.900362 0.366737 0.14356
0.73917 0.335954 0.0550847
0.612303 0.634386 0.0552326
0.757183 0.293243 0.0566215
0.892675 0.363567 0.113516
0.231177 0.328797 0.07522
0.266702 0.329879 0.0774424
0.511409 0.39782 0.0801412
0.501647 0.352914 0.0509023
0.847804 0.352543 0.0643217
0.570452 0.409063 0.0427523
0.533499 0.226125 0.0519948
0.301264 0.396002 0.0830969
0.332662 0.399478 0.0501635
0.750492 0.376807 0.0516236
0.274746 0.336395 0.0877952
0.617479 0.345021 0.0320657
0.571616 0.528634 0.0522069
0.190507 0.326939 0.0647061
0.665157 0.355167 0.100512
0.886798 0.362826 0.114276
0.543969 0.358269 0.0498073
0.562351 0.570002 0.0489972
0.710475 0.37849 0.0468916
0.169687 0.400016 0.0507735
0.701444 0.438904 0.0822052
0.259422 0.356182 0.0266697
0.19273 0.336593 0.0379875
0.800604 0.36924 0.0865264
0.549392 0.46107 0.0418335
0.677778 0.413538 0.070127
0.234985 0.336371 0.0383197
0.62345 0.0419634 0.0556282
0.286386 0.365332 0.0256017
0.207401 0.393355 0.0392664
0.396071 0.382115 0.0306905
0.760276 0.430931 0.0653301
0.140341 0.396195 0.0822461
0.599874 0.397498 0.0470015
0.558875 0.272432 0.0507029
0.493684 0.385394 0.0272951
0.729004 0.289509 0.0459479
0.523113 0.407586 0.0378589
0.768856 0.340325 0.055726
0.545867 0.327569 0.069683
0.739676 0.372078 0.050285
0.707865 0.423965 0.0497696
0.456048 0.369664 0.0267252
0.317168 0.340117 0.0347949
0.481352 0.324459 0.03946
0.613756 0.100873 0.054979
0.561144 0.396072 0.0409092
0.923041 0.291471 0.17288
0.501737 0.34675 0.0515966
0.776506 0.341331 0.0566353
0.615086 0.0713857 0.0558817
0.633108 0.392524 0.0886467
0.544967 0.354461 0.0276799
0.435923 0.36533 0.101121
0.445898 0.392493 0.0390418
0.48269 0.326861 0.0650312
0.526208 0.366647 0.0497595
0.825927 0.367704 0.123495
0.447369 0.401708 0.0658382
0.4195 0.381922 0.0306533
0.568004 0.35528 0.100235
0.56893 0.5647 0.0477952
0.126044 0.362829 0.100095
0.436175 0.370465 0.0268012
0.492973 0.334289 0.0369379
0.357394 0.374938 0.0993617
0.372694 0.387584 0.0339362
0.555695 0.504146 0.0440063
0.585997 0.611835 0.0542303
0.419699 0.336532 0.0883578
0.681033 0.345439 0.0964609
0.661695 0.356494 0.0276588
0.597522 0.398166 0.0797092
0.593476 0.213924 0.0482795
0.764781 0.352839 0.0362487
0.538926 0.372776 0.0367752
0.484385 0.372354 0.0513765
0.560046 0.255072 0.0513172
0.596121 0.12214 0.0504551
0.611822 0.339071 0.0366173
0.191037 0.399893 0.0505906
0.523024 0.230925 0.0487753
0.694344 0.372923 0.0498328
0.475182 0.376757 0.0264034
0.729107 0.315801 0.0532619
0.593551 0.176634 0.0518238
0.558082 0.496799 0.0522397
0.757184 0.317277 0.0683404
0.38746 0.338022 0.08975
0.747538 0.282447 0.0669323
0.403921 0.375963 0.0275875
0.517928 0.368495 0.0351876
0.849333 0.364307 0.154012
0.698691 0.407384 0.0700263
0.575427 0.318412 0.0461279
0.606036 0.605964 0.0543367
0.498502 0.386568 0.033247
0.935228 0.367126 0.174018
0.639682 0.400533 0.0544419
0.434765 0.398759 0.0490351
0.581728 0.291267 0.0454201
0.777238 0.441906 0.0602852
0.201128 0.327339 0.0585235
0.0916095 0.332937 0.0806226
0.605148 0.647248 0.0530981
0.462246 0.34489 0.028308
0.704793 0.286627 0.0455197
0.504728 0.347411 0.026745
0.907572 0.40698 0.174904
0.542368 0.211006 0.0458391
0.467608 0.348992 0.0493846
0.593373 0.343797 0.0326271
0.474066 0.377828 0.0366132
0.582484 0.158428 0.0481818
0.107501 0.364406 0.0252831
0.762411 0.372567 0.0683473
0.727394 0.416037 0.0490322
0.957122 0.302065 0.173752
0.375936 0.399946 0.0511988
0.543278 0.361283 0.101113
0.666248 0.351367 0.0994421
0.330442 0.339171 0.0907303
0.150083 0.351566 0.0275177
0.477543 0.362252 0.0508024
0.781133 0.298434 0.0749265
0.565044 0.369972 0.0405964
0.702552 0.444906 0.0777707
0.621358 0.654631 0.0557907
0.120945 0.378556 0.0281603
0.257454 0.392117 0.038164
0.213551 0.331529 0.0453322
0.567695 0.328761 0.0517273
0.898192 0.370666 0.175215
0.577502 0.567943 0.0479668
0.640367 0.681515 0.0563868
0.75311 0.303252 0.077641
0.767177 0.327038 0.0551242
0.296942 0.385083 0.0943893
0.751567 0.388212 0.0480425
0.501404 0.271496 0.04744
0.528017 0.284391 0.0403697
0.7314 0.281001 0.0686094
0.531001 0.412743 0.051533
0.94237 0.269135 0.174435
0.566569 0.420337 0.0479134
0.0526411 0.366886 0.0699286
0.618517 0.0821057 0.0555569
0.613076 0.150665 0.051132
0.717639 0.3187 0.0660484
0.733282 0.347772 0.0958195
0.749028 0.394504 0.0697899
0.0474458 0.341437 0.0512173
0.542579 0.462835 0.0503864
0.570792 0.401745 0.0659507
0.727622 0.410753 0.0590694
0.455447 0.381763 0.0965576
0.559943 0.481007 0.0436509
0.479443 0.355652 0.0273218
0.545547 0.222406 0.0518399
0.796928 0.383009 0.0547137
0.501087 0.363935 0.026037
0.54365 0.273562 0.0413462
0.911781 0.365515 0.144721
0.634903 0.343941 0.0326623
0.925101 0.304594 0.172726
0.550615 0.246473 0.050932
0.965517 0.456306 0.173734
0.747271 0.374908 0.0322572
0.54217 0.391298 0.0896084
0.19183 0.401995 0.0633062
0.274014 0.340477 0.0918703
0.739263 0.41194 0.0571525
0.54891 0.315119 0.0396769
0.69489 0.380876 0.0707646
0.684049 0.381969 0.0314712
0.675766 0.309561 0.0775334
0.0675176 0.395493 0.0416865
0.523644 0.328354 0.0373897
0.609089 0.166441 0.0504414
0.938401 0.293239 0.172864
0.552655 0.371866 0.047795
0.499422 0.363772 0.0260223
0.508233 0.449754 0.051326
0.8973 0.328892 0.174904
0.606174 0.124262 0.0542765
0.604149 0.374162 0.0265555
0.567414 0.215015 0.0517538
0.544567 0.385821 0.0277954
0.809015 0.292923 0.0678854
0.552396 0.547863 0.0520427
0.566067 0.34135 0.0286922
0.586919 0.592517 0.0541498
0.588444 0.189179 0.0514048
0.911406 0.360753 0.176343
0.578353 0.247924 0.0488964
0.707189 0.445048 0.0769356
0.308682 0.343503 0.0943585
0.0820032 0.398472 0.072538
0.729248 0.415614 0.0496133
0.162872 0.371731 0.026296
0.737103 0.403405 0.0704785
0.587073 0.398879 0.0496826
0.572424 0.546552 0.04787
0.636815 0.344887 0.0960453
0.723394 0.410814 0.0680942
0.895152 0.338483 0.17504
0.632316 0.349505 0.0983893
0.781209 0.290732 0.0708543
0.544127 0.518057 0.0449058
0.553577 0.340939 0.034593
0.62821 0.0578444 0.0562395
0.225978 0.365891 0.025535
0.500966 0.292791 0.0406957
0.558657 0.312476 0.0489136
0.622225 0.660649 0.0539217
0.598349 0.0968363 0.052108
0.154748 0.351308 0.0978693
0.528451 0.336327 0.0884724
0.541757 0.235237 0.0514732
0.871936 0.361146 0.113859
0.912728 0.320358 0.174906
0.915241 0.318108 0.172591
0.724403 0.444652 0.0748115
0.538685 0.472855 0.0522331
0.0795812 0.356004 0.0271314
0.582396 0.458003 0.0472533
0.303893 0.381812 0.0960782
0.418526 0.363972 0.101162
0.285971 0.400615 0.072276
 0.919 0.36509 0.149668
0.917486 0.392537 0.17498
0.781186 0.377925 0.0578432
0.577861 0.175661 0.0529579
0.600432 0.390884 0.0378382
0.547405 0.370994 0.0485428
0.957607 0.301489 0.173737
0.583573 0.208464 0.0485453
0.0638678 0.340254 0.0350621
0.542637 0.223044 0.0517623
0.345521 0.401284 0.0682332
0.685921 0.423235 0.0449769
0.561875 0.209046 0.0520551
0.479466 0.339227 0.047902
0.542353 0.530508 0.0512429
0.496264 0.382416 0.0963458
0.0769404 0.366036 0.0874476
0.295053 0.367715 0.0260021
0.521503 0.424585 0.0518545
0.604297 0.547339 0.0497644
0.488456 0.329655 0.0497521
0.519664 0.367409 0.0263274
0.645028 0.682954 0.0563334
0.366664 0.388566 0.0349045
0.667756 0.335086 0.0876456
0.606909 0.340708 0.0435965
0.375176 0.344312 0.0949687
0.524009 0.395318 0.0298811
0.765944 0.339732 0.0769667
0.353094 0.38186 0.0304482
0.955652 0.304443 0.17368
0.326353 0.374044 0.0994098
0.324824 0.396395 0.0823958
0.161497 0.40033 0.0518582
0.819072 0.349172 0.0840888
0.65591 0.388021 0.0351142
0.285194 0.32705 0.0656753
0.550924 0.229766 0.051512
0.529043 0.324033 0.0377654
0.506252 0.315691 0.0518249
0.567398 0.545159 0.0465137
0.739786 0.298943 0.0674999
0.942604 0.277587 0.172983
0.845787 0.374658 0.0613373
0.615173 0.401903 0.0630422
0.739343 0.295387 0.0665481
0.521508 0.481788 0.0504452
0.551918 0.383124 0.096151
0.670667 0.401399 0.0684139
0.646309 0.03141 0.0568436
0.58044 0.384311 0.0956301
0.576181 0.491236 0.0464385
0.273404 0.3371 0.0376929
0.631913 0.401179 0.05851
0.698913 0.421023 0.0551239
0.580204 0.503749 0.0474723
0.945388 0.365786 0.171364
0.515302 0.485535 0.0474207
0.174958 0.360676 0.0257419
0.608246 0.337117 0.0895021
0.77493 0.37179 0.0562875
0.458357 0.358502 0.0395684
0.741984 0.358414 0.100529
0.176479 0.386075 0.0321308
0.580629 0.249911 0.0468403
0.878156 0.361398 0.119501
0.579479 0.391863 0.0338618
0.209388 0.348356 0.0293037
0.374038 0.378163 0.0286176
0.466855 0.342427 0.032996
0.754259 0.300029 0.0453309
0.771624 0.389286 0.0654807
0.559726 0.332489 0.0434475
0.602824 0.584284 0.0534752
0.583904 0.218292 0.0471202
0.349939 0.382448 0.0307392
0.589585 0.617592 0.0512946
0.579579 0.253188 0.0464076
0.359833 0.400452 0.0531675
0.783884 0.34836 0.089655
0.775356 0.373427 0.0657818
0.580718 0.319387 0.0443012
0.481501 0.375889 0.0277763
0.893069 0.36807 0.151539
0.125294 0.40183 0.0641569
0.608263 0.11034 0.0512794
0.472547 0.365411 0.0260928
0.536401 0.357073 0.0363573
0.946284 0.249539 0.173914
0.907599 0.30834 0.172925
0.50818 0.357975 0.100482
0.515385 0.279937 0.0519668
0.513354 0.258899 0.0496703
0.583288 0.213318 0.0497307
0.610973 0.617173 0.0546445
0.606353 0.393311 0.0402848
0.606602 0.106679 0.0548949
0.339066 0.401787 0.0650359
0.289519 0.327876 0.055379
0.766497 0.388068 0.0539243
0.780968 0.360288 0.0367
0.900888 0.367897 0.169251
0.49419 0.347875 0.0508474
0.476896 0.373599 0.0262773
0.654185 0.354863 0.0278982
0.625055 0.619382 0.0534558
0.806174 0.345067 0.077197
0.0611265 0.355374 0.0725771
0.76329 0.444107 0.0597768
0.943239 0.462417 0.17441
0.526664 0.494336 0.0505911
0.581575 0.216798 0.0498294
0.540322 0.218493 0.05242
0.538188 0.438445 0.0517673
0.500775 0.287427 0.0505372
0.557061 0.539224 0.0461685
0.808014 0.361842 0.110411
0.846628 0.353826 0.0854254
0.779346 0.377131 0.0406371
0.545006 0.292076 0.0516287
0.469723 0.333006 0.042321
0.291077 0.400766 0.0549641
0.59399 0.375355 0.0279822
0.496214 0.31354 0.038605
 0.722 0.32652 0.0488605
0.780509 0.306991 0.0712548
0.623899 0.0389944 0.056578
0.632513 0.382209 0.0968585
0.347051 0.346452 0.0959733
0.523814 0.331423 0.081216
0.748361 0.31139 0.052719
0.740042 0.384313 0.0504275
0.819567 0.369256 0.0923726
0.536261 0.398507 0.0374777
0.777122 0.361387 0.0567522
0.534318 0.236436 0.0513505
0.545679 0.349073 0.0491951
0.520028 0.362863 0.0262832
0.891809 0.346024 0.175119
0.462528 0.355635 0.0381466
0.357175 0.351522 0.0280745
0.475683 0.401655 0.0483306
0.910663 0.297467 0.17361
0.517149 0.401723 0.051612
0.767386 0.379427 0.0391797
0.597305 0.602984 0.0543827
0.967472 0.474776 0.173876
0.334327 0.344584 0.0315482
0.581915 0.218732 0.0495926
0.548416 0.339939 0.0921507
0.687331 0.34204 0.0672207
0.898812 0.362546 0.134466
0.559666 0.456987 0.0506166
0.622545 0.610698 0.0525894
0.722254 0.30778 0.0450722
0.797939 0.384932 0.0615173
0.492565 0.371578 0.100303
0.138968 0.378068 0.0279591
0.282252 0.348161 0.0966487
0.54816 0.468856 0.0505042
0.0666891 0.339993 0.0672897
0.900633 0.382423 0.172341
0.602819 0.388907 0.0404114
0.564767 0.490182 0.0502948
0.605151 0.399039 0.0780136
0.471516 0.340349 0.0472686
0.561631 0.367959 0.0462708
0.673306 0.371146 0.0275189
 0.713 0.420143 0.0494733
0.219213 0.329173 0.0499656
0.549381 0.396238 0.0833614
0.927847 0.285185 0.174552
0.849481 0.359979 0.126566
0.407702 0.332593 0.0437645
0.904461 0.35126 0.17514
0.956758 0.253362 0.174263
0.564146 0.460897 0.0440632
0.44293 0.344098 0.0320805
0.449877 0.396448 0.0445371
0.510846 0.32792 0.0718046
0.488987 0.334948 0.0514124
0.431744 0.372954 0.0271836
0.350649 0.327112 0.0603744
0.50302 0.269004 0.0477235
0.722185 0.321485 0.0492718
0.691231 0.33447 0.0681413
0.514304 0.397327 0.0515989
0.708755 0.294875 0.0533117
0.358342 0.362351 0.100722
0.645415 0.353869 0.100246
0.349278 0.386821 0.0331106
0.382197 0.327868 0.0711097
0.712685 0.390936 0.0473251
0.545129 0.2202 0.0518679
0.934067 0.429206 0.172803
0.800493 0.36929 0.0850358
0.74312 0.366433 0.0706557
0.761432 0.339431 0.0683995
0.818015 0.375489 0.0510768
0.167019 0.398383 0.0475668
0.738348 0.356124 0.0711052
0.486661 0.342722 0.0514002
0.316325 0.38031 0.0295634
0.711876 0.367866 0.0469081
0.0955087 0.377923 0.0959833
0.111001 0.391737 0.037032
0.89674 0.367978 0.162366
0.557143 0.333683 0.0420272
0.727032 0.359121 0.0487765
0.941894 0.430958 0.174509
0.582498 0.20187 0.0469403
0.519619 0.470381 0.0506064
0.226915 0.341379 0.0332994
0.230593 0.358815 0.0997758
0.68697 0.346262 0.0317582
0.772877 0.342254 0.0525554
0.54899 0.258355 0.0424408
0.26067 0.398019 0.0790249
0.798254 0.302804 0.0716259
0.593361 0.360975 0.0267713
0.742471 0.342542 0.0705698
0.690726 0.426011 0.0838357
0.882599 0.364637 0.172179
0.63075 0.375781 0.100053
0.177604 0.327477 0.0680638
0.566658 0.344674 0.0507973
0.866673 0.36103 0.161074
0.765009 0.28497 0.0636903
0.735616 0.307654 0.0460662
0.489045 0.361603 0.0515057
0.926017 0.354067 0.174537
0.555695 0.220142 0.0524416
0.682819 0.345749 0.0641808
0.525137 0.480647 0.0425774
0.53616 0.382729 0.0367027
0.50071 0.339584 0.0278391
0.576831 0.505532 0.04605
0.523342 0.476976 0.0429887
0.89054 0.365811 0.118619
0.530011 0.388012 0.0928619
0.197285 0.328239 0.0729243
0.571366 0.583686 0.0494929
0.632143 0.330167 0.0790639
0.68026 0.397513 0.0812308
0.928965 0.276872 0.173167
0.728124 0.322797 0.0498581
0.644801 0.364001 0.101852
0.57942 0.120118 0.0526072
0.46472 0.391813 0.0362846
0.142159 0.360179 0.0997245
0.552168 0.383834 0.0319725
0.493545 0.340553 0.0515673
0.571432 0.267013 0.04471
0.617063 0.660345 0.0559733
0.792378 0.38326 0.0532634
0.334855 0.3419 0.0330616
0.584299 0.453537 0.0467646
0.747322 0.424031 0.053245
0.279445 0.390336 0.0364448
0.664211 0.327862 0.0718779
0.491173 0.393024 0.0514963
0.5372 0.383138 0.0368727
0.908304 0.363993 0.185519
0.892482 0.339761 0.175034
0.930321 0.361387 0.179957
0.753403 0.436205 0.0767796
0.55053 0.503614 0.0516821
0.959622 0.364127 0.174247
0.805848 0.377918 0.0495587
0.51958 0.234584 0.0469555
0.453224 0.369179 0.100565
0.476252 0.403945 0.0479501
0.664922 0.398077 0.0800768
0.494308 0.356575 0.0512666
0.551727 0.393983 0.0408113
0.854523 0.360017 0.120163
0.51245 0.450287 0.0410683
0.209806 0.375291 0.0988601
0.0487944 0.381479 0.0621897
0.563625 0.398103 0.0480948
0.639235 0.680654 0.0556289
0.70404 0.284742 0.0784999
0.504094 0.359074 0.0509527
0.575275 0.538396 0.0524878
0.871679 0.361094 0.166058
0.900188 0.367904 0.169692
0.600488 0.643114 0.055027
0.745618 0.34503 0.070269
0.222311 0.343351 0.0940229
0.631424 0.3538 0.0280082
0.711162 0.278824 0.0583652
0.733741 0.378711 0.0496247
0.910251 0.405946 0.174933
0.574386 0.263289 0.0456078
0.77271 0.409639 0.0593435
0.581321 0.540268 0.0511577
0.0900306 0.33017 0.0467599
0.532787 0.400894 0.0564352
0.562109 0.332958 0.0474638
0.776898 0.291556 0.0500912
0.171152 0.388946 0.0908581
0.520717 0.283262 0.0403788
0.5096 0.394267 0.0473237
0.435558 0.401429 0.0595483
0.77682 0.38566 0.0819715
0.502718 0.358094 0.0510003
0.446484 0.344041 0.0321188
0.580656 0.421356 0.0458467
0.783067 0.418386 0.0618483
0.54008 0.470251 0.0418349
0.212133 0.377338 0.0277781
0.578376 0.379468 0.0442827
0.242474 0.395155 0.0845838
0.914575 0.337981 0.175006
0.710528 0.397398 0.0604634
0.580838 0.244963 0.0472763
0.369262 0.366592 0.10072
0.695374 0.321288 0.0679518
0.151815 0.364663 0.0251496
0.387741 0.370952 0.0267535
0.0748488 0.384256 0.0800794
0.703409 0.429863 0.0414734
0.477374 0.382239 0.0507569
0.720024 0.349454 0.0972142
0.89136 0.370868 0.172222
0.473344 0.350575 0.0288563
0.755412 0.292458 0.0467928
0.529712 0.245901 0.0432754
0.0858807 0.385257 0.0315266
0.56663 0.189021 0.0526772
0.645322 0.400499 0.0740342
0.938027 0.291587 0.172873
0.128259 0.349236 0.0286466
0.748315 0.383584 0.0913689
0.490869 0.380239 0.0357945
0.16901 0.374441 0.0267402
0.725697 0.394696 0.0738094
0.286941 0.383649 0.0311853
0.935274 0.391644 0.174322
0.393049 0.341635 0.033478
0.758791 0.291156 0.0585223
0.689065 0.369536 0.101222
0.564325 0.260671 0.0482695
0.93629 0.303266 0.172791
0.886174 0.364085 0.0981543
0.181619 0.330643 0.0786938
0.604788 0.0929163 0.0552966
0.35262 0.337927 0.0370748
0.535632 0.264832 0.0414015
0.599638 0.163478 0.0495836
0.85595 0.359993 0.109771
0.33171 0.378497 0.0286789
0.323839 0.355149 0.0994775
0.763244 0.37885 0.0379867
0.434583 0.396207 0.083086
0.553533 0.493526 0.0512787
0.776288 0.421752 0.0720944
0.569522 0.376014 0.0524242
0.577436 0.296615 0.0445923
0.294777 0.392031 0.038178
0.538961 0.507724 0.0450988
0.875388 0.360072 0.0693142
0.588277 0.598118 0.0498478
0.339719 0.365515 0.0257679
0.0448566 0.352431 0.0628951
0.548484 0.229182 0.0443615
0.513313 0.327548 0.0580706
0.778626 0.361254 0.0359352
0.144118 0.385257 0.0938433
0.910362 0.30032 0.173222
0.0980187 0.36174 0.0988305
0.413232 0.365168 0.0259018
0.517941 0.333402 0.029909
0.556638 0.230977 0.0443786
0.55592 0.261014 0.0516657
0.596745 0.61445 0.0509097
0.516423 0.437541 0.05202
0.519477 0.363502 0.0261809
0.901837 0.338982 0.172393
0.45396 0.371743 0.0270495
0.531191 0.234238 0.0521744
0.953741 0.476435 0.173198
0.554808 0.317292 0.0492718
0.49179 0.32715 0.060524
0.822759 0.346946 0.0752016
0.493457 0.362926 0.0260156
0.509215 0.260229 0.0490753
0.182995 0.32772 0.0560712
0.521491 0.362073 0.0264121
0.555944 0.342407 0.0945392
0.600463 0.345767 0.0290437
0.88996 0.403375 0.173825
0.89919 0.38166 0.175141
0.163968 0.326965 0.0647991
0.292836 0.327067 0.0604957
0.910586 0.417818 0.172709
0.567329 0.35249 0.041154
0.060167 0.351882 0.0295572
0.568812 0.332808 0.0437724
0.900041 0.36723 0.149084
0.830099 0.369153 0.0846068
0.921419 0.366034 0.164476
0.566926 0.438329 0.0486785
0.546485 0.188335 0.0513912
0.561046 0.339701 0.0289889
0.76075 0.435125 0.0468128
0.875584 0.361119 0.178672
0.0977849 0.365419 0.0256654
0.716928 0.294223 0.0666581
0.519986 0.475344 0.0505953
0.874362 0.358709 0.172478
0.53895 0.316942 0.0513871
0.386486 0.359466 0.10035
0.731382 0.353331 0.0993796
0.687377 0.400439 0.0590185
0.107537 0.391066 0.0884514
0.670687 0.377787 0.09923
0.731607 0.413561 0.0524623
0.734213 0.447257 0.0688884
0.673648 0.333571 0.0858797
0.850282   0.36 0.129193
0.632416 0.658543 0.0546326
0.747662 0.372379 0.0998216
0.527226 0.415248 0.0516304
0.718476 0.379059 0.0478314
0.0676929 0.368393 0.0754726
0.635791 0.0373336 0.0567948
0.50693 0.395379 0.0298944
0.600292 0.140863 0.0497242
0.2909 0.333725 0.0412353
0.697976 0.367595 0.101559
0.609865 0.111744 0.0546623
0.210959 0.344571 0.0312332
0.763046 0.313534 0.0621907
0.646274 0.694327 0.0563101
0.786434 0.341968 0.072949
0.761575 0.338766 0.0586061
0.816356 0.359588 0.0987717
0.551763 0.334735 0.0465281
0.509685 0.32817 0.0733811
0.539076 0.224704 0.051648
0.53129 0.393464 0.0293174
0.549917 0.469586 0.0520009
0.522756 0.332169 0.0826787
0.737391 0.397727 0.0709071
0.675586 0.401957 0.0635461
0.397517 0.399922 0.0756812
0.600897 0.137449 0.0498214
0.189316 0.328209 0.0530096
0.529292 0.235557 0.0434289
0.752578 0.306139 0.0469725
0.899682 0.36693 0.144947
0.521163 0.396458 0.030365
0.676452 0.289842 0.0797424
0.504245 0.31477 0.0382321
0.56417 0.308434 0.0421957
0.200494 0.385475 0.0939013
0.589538 0.394225 0.0868147
0.525361 0.299599 0.0518525
0.528263 0.256667 0.0508912
0.841776 0.364275 0.0545449
0.537175 0.469894 0.0422134
0.71158 0.334754 0.0805601
0.715568 0.331875 0.0607127
0.584117 0.179881 0.0472245
0.627748 0.395843 0.084364
0.317353 0.349343 0.0290806
0.731402 0.356815 0.100709
0.0865151 0.359063 0.0951646
0.511765 0.391491 0.0382141
0.714892 0.293555 0.0663948
0.413742 0.401451 0.06737
0.873214 0.361458 0.168179
0.756141 0.399094 0.0689716
0.743195 0.421108 0.0466783
0.325937 0.362958 0.10072
0.739507 0.34684 0.0946378
0.324558 0.359433 0.100157
0.310416 0.389008 0.0352
0.59567 0.32868 0.0519622
0.890377 0.361539 0.0748393
0.709063 0.437888 0.08174
0.57702 0.14386 0.0538531
0.0922723 0.376998 0.0276373
0.565309 0.433469 0.0486999
0.567471 0.166584 0.0532424
0.589989 0.561061 0.0481284
0.60409 0.596595 0.0503104
0.474792 0.392809 0.0318224
0.87949 0.362258 0.11094
0.642025 0.691699 0.0561124
0.708658 0.295949 0.0831817
0.55737 0.356213 0.0265324
0.936767 0.462355 0.174262
0.553483 0.51403 0.0519977
0.0786825 0.350108 0.0285694
0.479573 0.389847 0.0364832
0.0825151 0.352154 0.0916036
0.827554 0.381338 0.0736276
0.123822 0.33526 0.0391382
0.684819 0.419606 0.047485
0.536308 0.239193 0.0523915
0.611004 0.391199 0.0381811
0.825591 0.367021 0.127082
0.831242 0.380754 0.0692612
0.875608 0.366943 0.111457
0.590157 0.328745 0.0518201
0.473101 0.402538 0.0428263
0.13808 0.344199 0.0312343
0.565871 0.376674 0.0283527
0.44117 0.395336 0.0423268
0.252581 0.376356 0.0986983
0.134515 0.392531 0.087169
0.522028 0.327084 0.0610263
0.559538 0.357884 0.0397999
0.241345 0.336413 0.0382951
0.751379 0.380931 0.0370243
0.479872 0.40045 0.0534816
0.604515 0.35087 0.0990024
0.902014 0.359026 0.175201
0.13065 0.378393 0.0281029
0.750185 0.336723 0.0616477
0.583605 0.526318 0.0487589
0.720378 0.432957 0.0533915
0.867356 0.362544 0.090512
0.721472 0.405936 0.0489045
0.753347 0.416042 0.0528478
0.749408 0.391562 0.0575942
0.292482 0.333933 0.0853896
0.154225 0.401781 0.0645517
0.423635 0.352058 0.0990625
0.949597 0.282046 0.17435
0.532061 0.400105 0.0375133
0.860541 0.369841 0.0869868
0.488269 0.392174 0.0388361
0.554184 0.301231 0.0409457
0.929358 0.37477 0.173086
0.517337 0.244389 0.0492404
0.584683 0.617865 0.0525425
0.702107 0.41059 0.0721644
0.59226 0.584744 0.053828
0.921715 0.446115 0.173876
0.685181 0.346891 0.0970711
0.708682 0.358385 0.027647
0.896627 0.360759 0.169084
0.925612 0.355301 0.17293
0.594621 0.591992 0.0540425
0.143753 0.385767 0.0935826
0.57777 0.385187 0.0288823
0.381823 0.377366 0.0985749
0.841949 0.360247 0.131597
0.614822 0.351381 0.028812
0.500412 0.430026 0.051399
0.511631 0.397463 0.0369982
0.547967 0.257782 0.05058
0.652949 0.338717 0.0370818
0.584397 0.215713 0.0494554
0.598055 0.620631 0.0548975
0.773017 0.388099 0.0765414
0.408972 0.396074 0.0436914
0.2587 0.340832 0.0921806
0.70065 0.317687 0.0525788
0.306926 0.38687 0.0933363
0.590542 0.593078 0.0541485
0.549477 0.256218 0.0425902
0.37645 0.371923 0.0268778
0.62251 0.603801 0.0523269
0.241078 0.398805 0.0485961
0.583104 0.592659 0.0495423
0.587854 0.388297 0.049866
0.431723 0.361376 0.10079
0.132071 0.377122 0.0979449
0.306064 0.400615 0.0540511
0.298641 0.393628 0.0397823
0.852931 0.360089 0.133865
0.564848 0.541039 0.0462389
0.644521 0.388543 0.092669
0.571262 0.24634 0.0485827
0.607305 0.367428 0.0261611
0.440513 0.384294 0.0319153
0.501783 0.374185 0.0514888
0.555707 0.330742 0.0478001
0.529756 0.333609 0.0855304
0.568593 0.210541 0.0518908
0.611115 0.400808 0.0561055
0.516345 0.328025 0.0550637
0.619198 0.0594226 0.0561842
0.595005 0.637544 0.0534533
0.315888 0.3382 0.0367059
0.2998 0.335077 0.0397869
0.745303 0.309991 0.0753136
0.390418 0.339453 0.0911925
0.871657 0.362043 0.102604
0.67576 0.353328 0.100252
0.731236 0.345394 0.0717244
0.63764 0.0475567 0.0555022
0.595029 0.328631 0.0759391
0.52759 0.453986 0.052158
0.599494 0.339646 0.0360653
0.621878 0.398285 0.0486063
0.720074 0.35335 0.0996619
0.544248 0.463852 0.0415436
0.366951 0.342686 0.0941169
0.285682 0.370984 0.026495
0.822368 0.367358 0.122286
0.489358 0.33975 0.0281969
0.675261 0.387958 0.0933448
0.452083 0.388635 0.0920074
0.582169 0.227927 0.0492338
0.22309 0.355743 0.0992673
0.581556 0.528544 0.0514
0.759549 0.306004 0.0756267
0.615988 0.398412 0.0488407
0.579687 0.399145 0.0777319
0.692427 0.31763 0.0724136
0.220534 0.33059 0.0471905
0.519283 0.361083 0.0351528
0.539801 0.380174 0.0501011
0.301084 0.352777 0.0990336
0.561041 0.4218 0.0488091
0.588395 0.602866 0.0501762
0.528601 0.485865 0.042875
0.854063 0.353616 0.0836528
0.844457 0.37118 0.0889581
0.262383 0.356986 0.0995824
0.558188 0.362533 0.0264336
0.47075 0.353028 0.0263877
0.256045 0.33841 0.0897516
0.546734 0.312597 0.0506965
0.625889 0.0717704 0.0537024
0.490171 0.382137 0.030946
0.12832 0.363518 0.100211
0.21264 0.327855 0.0553055
0.556311 0.397647 0.047178
0.497942 0.385479 0.0947877
0.283333 0.374212 0.0269993
0.514751 0.26863 0.0517726
0.689112 0.429071 0.0842887
0.221631 0.353591 0.0989225
0.475821 0.39818 0.0793316
0.126853 0.349267 0.0286274
0.495257 0.291536 0.0420418
0.067519 0.391495 0.0658779
0.737341 0.376784 0.0710939
0.0904146 0.376243 0.0273181
0.555072 0.46185 0.0427039
0.610853 0.0861737 0.0554901
0.597509 0.583921 0.0492994
0.691591 0.397843 0.0528211
0.85302 0.368177 0.145023
0.128879 0.334965 0.0394461
0.545588 0.280537 0.0409173
0.374927 0.336767 0.0382944
0.575767 0.323167 0.0458606
0.104533 0.398322 0.0470674
0.231829 0.376339 0.0273194
0.488828 0.349499 0.0357747
0.421942 0.327661 0.0699121
0.884145 0.367153 0.12593
0.725673 0.3497 0.0723344
0.748505 0.350961 0.0965683
0.148526 0.350262 0.0281769
0.483304 0.32387 0.0391656
0.442768 0.361371 0.0263205
0.0687074 0.340175 0.0339909
0.589579 0.33606 0.0883879
0.343967 0.348355 0.0296519
0.72732 0.423116 0.0512352
0.828297 0.362056 0.130257
0.543942 0.359526 0.0374041
0.476595 0.384471 0.050416
0.142313 0.330484 0.0471896
0.566969 0.335822 0.0461986
0.539913 0.217116 0.0445347
0.576599 0.538471 0.0462723
0.90531 0.364653 0.125238
0.484072 0.331991 0.0451469
0.190865 0.366224 0.0254975
0.638263 0.392997 0.0881883
0.48102 0.382882 0.0313025
0.94256 0.424375 0.174396
0.487207 0.33904 0.0486871
0.417152 0.346278 0.096094
0.521978 0.389101 0.0513577
0.819131 0.349305 0.0844059
0.0828366 0.400881 0.0543427
0.558757 0.229502 0.0445115
0.796693 0.343201 0.0718617
0.807418 0.344328 0.0690104
0.740548 0.304623 0.0686396
0.88861 0.358908 0.082682
0.749639 0.420984 0.0473544
0.316407 0.35148 0.0279908
0.471752 0.386039 0.0944234
0.0458374 0.342448 0.0443124
0.559766 0.268904 0.0434041
0.70649 0.418418 0.0486015
0.540929 0.377612 0.026799
0.692568 0.302407 0.043186
0.355661 0.366437 0.0259551
0.578315 0.567945 0.0534721
0.0673311 0.397185 0.0546247
0.157421 0.340326 0.0341688
0.534973 0.478009 0.0421872
0.448761 0.339433 0.091346
0.485812 0.348491 0.0359615
0.559708 0.211589 0.0457118
0.568254 0.406216 0.0470181
0.54594 0.389896 0.0384161
0.698957 0.31915 0.055916
0.467464 0.326859 0.0622983
0.510046 0.260707 0.0431685
0.38846 0.375505 0.0993655
0.58408 0.129272 0.054255
0.269035 0.329556 0.0493483
0.193963 0.400918 0.0556555
0.947859 0.329783 0.173833
0.0478368 0.378282 0.0325277
0.727823 0.370925 0.100929
0.900001 0.399605 0.172538
0.335654 0.377627 0.0282451
0.564551 0.398854 0.0472385
0.411896 0.33178 0.0815893
0.709089 0.332189 0.073706
0.54785 0.20006 0.0465929
0.50943 0.349226 0.0296362
0.331087 0.344853 0.0314024
0.739082 0.304795 0.0790395
0.691471 0.362655 0.0507182
0.563456 0.426662 0.0486681
0.681391 0.353008 0.0656952
0.52757 0.360522 0.0266733
0.747318 0.347308 0.0941657
0.774757 0.372944 0.065904
0.320322 0.332605 0.0829416
0.0954262 0.376342 0.0967193
0.696632 0.308431 0.0820273
0.101374 0.39493 0.0840911
0.810313 0.369157 0.0943864
0.0507308 0.339811 0.0520386
0.593129 0.514261 0.048315
0.675358 0.31369 0.0660097
0.89347 0.360897 0.146973
0.626497 0.0808547 0.053768
0.684418 0.345607 0.0661185
0.491241 0.378755 0.0264153
0.854281 0.360832 0.0929819
0.704259 0.388354 0.0382401
0.353889 0.367286 0.0260852
0.59377 0.618884 0.0547917
0.74623 0.415184 0.0522067
0.647668 0.329216 0.0772384
0.838419 0.368833 0.119573
0.551451 0.250221 0.042489
0.895674 0.395356 0.172517
0.397601 0.334746 0.0865101
0.313841 0.401016 0.0698325
0.273628 0.3649 0.100697
0.284555 0.392196 0.0879519
0.413691 0.333878 0.08569
0.0449613 0.385871 0.0495518
0.465272 0.369218 0.0497634
0.201679 0.329237 0.0759975
0.583448 0.477838 0.0470676
0.486426 0.31309 0.0497971
0.591371 0.587121 0.0492793
0.734327 0.316467 0.0688591
0.751231 0.289367 0.0754359
0.594893 0.61283 0.0546986
0.714524 0.396592 0.071187
0.588894 0.604959 0.0544299
0.623901 0.0705709 0.0558712
0.59632 0.177875 0.0490587
0.640409 0.673891 0.0553994
0.141829 0.333131 0.0420022
0.553523 0.177574 0.0520401
0.576211 0.595932 0.0534578
0.622157 0.126019 0.0522767
0.507442 0.301915 0.0392254
0.688089 0.279175 0.0592274
0.748385 0.419416 0.0481885
0.160206 0.401679 0.0652126
0.627197 0.0350372 0.0567772
0.49337 0.38321 0.0269797
0.750675 0.337091 0.0715562
0.201257 0.363969 0.100503
0.557194 0.473644 0.0430444
0.791358 0.288966 0.0627714
0.747162 0.346382 0.0929615
0.879235 0.36105 0.125226
0.940395 0.396938 0.174152
0.181101 0.367688 0.0999761
0.410955 0.392871 0.0393259
0.501214 0.275086 0.0485273
0.524923 0.31334 0.0516705
0.523088 0.33096 0.0450088
0.199321 0.33738 0.0885573
0.736359 0.392378 0.0710535
0.615679 0.331531 0.081698
0.607526 0.399143 0.0502563
0.559281 0.354574 0.0398752
0.767029 0.340166 0.0553337
0.535628 0.477799 0.0427103
0.613495 0.653288 0.0557805
0.491648 0.400601 0.0729557
0.686336 0.364917 0.0681376
0.565601 0.481946 0.0508619
0.545791 0.393717 0.0498188
0.622186 0.621672 0.0541026
0.53967 0.205538 0.0460544
0.376125 0.395809 0.0836945
0.501801 0.368778 0.0267023
0.526099 0.331163 0.0514054
0.766804 0.388916 0.0565146
0.912287 0.368662 0.175096
0.495854 0.401669 0.0662208
0.437089 0.364672 0.0258844
0.349156 0.351166 0.028235
0.56819 0.552227 0.0481746
0.869375 0.361583 0.104977
0.762995 0.297786 0.0611487
0.590038 0.511107 0.0484807
0.77545 0.364147 0.0563413
0.179588 0.35275 0.027008
0.364621 0.330862 0.0796489
0.606652 0.391813 0.0892812
0.536412 0.328748 0.0375764
0.540329 0.21974 0.0517628
0.194151 0.348011 0.0963094
0.587707 0.609341 0.0544747
0.579419 0.383611 0.052002
0.59392 0.359565 0.100994
0.819996 0.381038 0.0799195
0.550297 0.263941 0.0419931
0.495541 0.3128 0.0386908
0.487091 0.409873 0.039228
0.124741 0.367841 0.0255824
0.590489 0.341479 0.0341505
0.675426 0.349373 0.0299955
0.798808 0.422387 0.0568899
0.546527 0.381004 0.0272028
0.91271 0.361835 0.162505
0.884996 0.36814 0.159541
0.577136 0.317302 0.0438357
0.540226 0.290148 0.051735
0.547513 0.341874 0.0940864
0.507334 0.33223 0.0368616
0.842198 0.359851 0.118273
0.548638 0.485475 0.0510783
0.49665 0.328367 0.0335786
0.552879 0.26839 0.0492573
0.825569 0.381204 0.0657846
0.618718 0.0933782 0.0551489
0.502153 0.417707 0.0517111
0.0643958 0.352713 0.0728703
0.941039 0.397602 0.174131
0.178749 0.384973 0.031576
0.583963 0.542852 0.0523905
0.552624 0.362219 0.10129
0.462406 0.327024 0.0612439
0.334074 0.396341 0.0825288
0.575752 0.36515 0.0262357
0.812255 0.347031 0.080676
0.86754 0.361296 0.0655698
0.0740208 0.34827 0.0293934
0.426993 0.355077 0.0272775
0.292818 0.386096 0.0938603
0.571475 0.374825 0.052699
0.920166 0.432837 0.172842
0.690449 0.400608 0.0628329
0.952386 0.447656 0.174233
0.562671 0.350517 0.0405232
0.58483 0.517239 0.0486304
0.725867 0.292819 0.0440424
0.554582 0.518022 0.0525904
0.137887 0.401083 0.0565364
0.430054 0.378797 0.0979925
0.592978 0.512951 0.0482138
0.687309 0.394608 0.0429964
0.136975 0.399428 0.0495333
0.593883 0.212957 0.0483429
0.765313 0.338685 0.0689111
0.112302 0.358405 0.099356
0.555372 0.342121 0.0494968
0.528861 0.354584 0.0266292
0.110085 0.33141 0.0450072
0.870284 0.360292 0.137913
0.701464 0.406381 0.0717397
0.489059 0.387928 0.0494573
0.48604 0.35446 0.0508875
0.565782 0.488918 0.0500231
0.641699 0.343795 0.0955031
0.520245 0.423865 0.0518655
0.126187 0.342774 0.0934426
0.968254 0.249084 0.173569
0.806467 0.293027 0.0582899
0.589206 0.514253 0.0489027
0.740608 0.357144 0.0295943
0.827625 0.360762 0.123588
0.406736 0.401026 0.0569236
0.475837 0.384923 0.0277052
0.604875 0.385424 0.0951351
0.594781 0.606691 0.0545268
0.727281 0.407938 0.0710718
0.574139 0.187394 0.0526091
0.940966 0.467569 0.173207
0.686238 0.28077 0.0726006
0.537001 0.327208 0.0383981
0.72405 0.390882 0.0850029
0.11245 0.398221 0.0468312
0.660486 0.379662 0.0301224
0.585792 0.491354 0.047213
0.248712 0.388907 0.0911283
0.60092 0.382376 0.0966789
0.537235 0.332149 0.0304914
0.813146 0.383346 0.0676653
0.718142 0.437723 0.0591437
0.773894 0.437101 0.0732138
0.750068 0.383122 0.0395853
0.844655 0.359903 0.12304
0.685161 0.353515 0.0530054
0.817947 0.369293 0.088572
0.537988 0.371998 0.0366077
0.723223 0.279158 0.0628483
0.747969 0.28442 0.0528143
0.559688 0.276453 0.050398
0.676326 0.283794 0.0625632
0.748273 0.305734 0.0463199
0.537086 0.52706 0.0483181
0.302072 0.339437 0.0909122
0.570255 0.529322 0.0468597
0.625505 0.335663 0.088097
0.291434 0.36342 0.100689
0.935904 0.372288 0.174051
0.528833 0.235732 0.0511207
0.792191 0.431586 0.0503915
0.701747 0.299793 0.0619343
0.599528 0.547113 0.0504584
0.546964 0.326687 0.0636116
0.459486 0.395416 0.0847089
0.86595 0.362994 0.0830984
0.584095 0.442071 0.0462734
0.94032 0.323965 0.173216
0.271879 0.354413 0.0992042
0.57155 0.241316 0.0452237
0.650406 0.401399 0.0599479
0.841812 0.355093 0.0584846
0.531716 0.401112 0.0399258
0.147097 0.36366 0.0251984
0.466302 0.395754 0.0840662
0.560034 0.479516 0.0499972
0.876257 0.365609 0.096205
0.92478 0.300377 0.17275
0.585465 0.232804 0.0477309
0.703398 0.392009 0.0417982
0.743343 0.385193 0.0900419
0.159075 0.346023 0.0303604
0.576496 0.262748 0.0459253
0.724692 0.428206 0.0432294
0.545244 0.26067 0.0417964
0.0882831 0.400934 0.0653737
0.301514 0.354026 0.0271202
0.243925 0.392316 0.0877104
0.6366 0.361941 0.0267296
0.564864 0.27367 0.0497482
0.701042 0.441711 0.0450367
0.539892 0.327947 0.0366424
0.75568 0.441364 0.0727207
0.687131 0.392637 0.0882493
0.941367 0.370134 0.173772
0.54627 0.510238 0.0519227
0.579839 0.240969 0.0464677
0.47417 0.383832 0.0317678
0.187201 0.400082 0.0747631
0.171002 0.333128 0.0835328
0.499849 0.329764 0.0323696
0.429379 0.343728 0.0948334
0.688888 0.364631 0.0265754
0.939417 0.394596 0.173302
0.711409 0.431264 0.0830785
0.631987 0.0748059 0.0544467
0.557552 0.387506 0.0934492
0.352834 0.363393 0.100871
0.948207 0.420542 0.174087
0.611277 0.115458 0.0514198
0.267586 0.364805 0.100694
0.6409 0.0383847 0.0560085
0.246837 0.352266 0.0986349
0.415448 0.380355 0.097156
0.266149 0.396558 0.0819047
0.422097 0.374945 0.099556
0.503744 0.361452 0.0348694
0.738719 0.401184 0.0704998
0.54616 0.525213 0.0454045
0.590592 0.397305 0.0813822
0.49643 0.395392 0.0476174
0.751202 0.282735 0.0585585
0.397686 0.328502 0.0517721
0.538659 0.258593 0.0521958
0.576344 0.568952 0.0535165
0.363588 0.392882 0.0392107
0.947338 0.365303 0.171336
0.553421 0.540724 0.0525313
0.602365 0.326859 0.0626781
0.573918 0.327818 0.056531
0.943646 0.457628 0.174441
0.537389 0.387162 0.0339439
0.444696 0.339592 0.0914939
0.594965 0.377112 0.0271482
0.868447 0.368434 0.13986
0.511318 0.264127 0.0496272
0.707595 0.44763 0.0735448
0.596295 0.390213 0.037155
0.926321 0.285263 0.172942
0.520049 0.328141 0.0732277
0.833036 0.348432 0.0676834
0.932753 0.400887 0.174554
0.808057 0.38198 0.0811223
0.0979251 0.344096 0.0932129
0.506443 0.35286 0.0278345
0.665298 0.352324 0.0999282
0.535683 0.223979 0.0449609
0.208996 0.387602 0.092313
0.308734 0.395177 0.0416607
0.721675 0.346147 0.0726749
0.53576 0.353049 0.0505019
0.392258 0.330434 0.0788898
0.950845 0.471282 0.173151
0.386274 0.328237 0.0533676
0.606771 0.0767755 0.0554963
0.739601 0.294184 0.0791701
0.296742 0.396518 0.0820725
0.25592 0.397017 0.0809738
0.797834 0.366992 0.096378
0.231474 0.396122 0.0433124
0.835473 0.351507 0.0846582
0.851224 0.361267 0.0834376
0.70438 0.409194 0.0577927
0.604142 0.137973 0.0538076
0.60422 0.563632 0.0513149
0.563571 0.401506 0.0603924
0.588392 0.401141 0.0581512
0.568199 0.183584 0.0528415
0.850429 0.365485 0.153375
0.657346 0.400433 0.0744863
0.911519 0.365763 0.147361
0.867156 0.353755 0.0807434
0.77396 0.353565 0.0660347
0.584658 0.329928 0.0494797
0.702475 0.299528 0.0843118
0.279363 0.340315 0.0344988
0.702321 0.42521 0.0420987
0.972488 0.486025 0.173684
0.492621 0.378181 0.0510073
0.918456 0.361705 0.168197
0.789785 0.351304 0.0922997
0.524844 0.395752 0.0514015
0.635971 0.392269 0.0889107
0.523705 0.350452 0.026687
0.123499 0.331134 0.0458662
0.550195 0.358036 0.0481097
0.865031 0.362005 0.0937971
0.804455 0.3643 0.110829
0.478874 0.386829 0.0334569
0.118565 0.380255 0.0963106
0.605187 0.631829 0.0520303
0.564552 0.383945 0.04656
0.853916 0.360018 0.122328
0.921778 0.374125 0.174726
0.478973 0.34137 0.0933775
0.615345 0.342627 0.0948284
0.734769 0.346307 0.0346653
0.60494 0.580438 0.0504075
0.856674 0.362106 0.0808966
0.925711 0.428829 0.174712
0.762476 0.425855 0.0562847
0.500233 0.35288 0.0353778
0.945153 0.309743 0.173261
0.144016 0.383047 0.0949669
0.468472 0.397727 0.0471
0.0941407 0.383929 0.0309377
0.516982 0.335979 0.0367745
0.834817 0.359607 0.0819522
0.584109 0.513067 0.0495018
0.0509174 0.346443 0.0345613
0.0703197 0.369018 0.0787325
0.545992 0.346453 0.0492673
0.80745 0.372099 0.0451047
0.691865 0.397003 0.0800155
0.666254 0.395997 0.0841707
0.235067 0.329289 0.0497808
0.718531 0.34014 0.0480228
0.559595 0.181961 0.0528115
0.575671 0.38371 0.0517279
0.574673 0.433766 0.0473088
0.476825 0.33912 0.0362086
0.598593 0.531909 0.0490472
0.710369 0.281524 0.0738814
0.488731 0.300221 0.0427847
0.567893 0.389173 0.0299801
0.544286 0.236022 0.0514035
0.409567 0.371403 0.10008
0.626522 0.401258 0.0691824
0.472741 0.402429 0.0460076
0.529146 0.399906 0.0431258
0.332323 0.337984 0.0895502
0.565391 0.366313 0.0263749
0.374218 0.400413 0.0529612
0.92521 0.334317 0.174821
0.483089 0.353175 0.0277243
0.673416 0.417336 0.0706394
0.614829 0.126086 0.0534069
0.292344 0.342485 0.093792
0.66277   0.33 0.0495495
0.529624 0.416085 0.0385294
0.583093 0.256154 0.0468327
0.898722 0.367373 0.148975
0.534236 0.515978 0.0506578
0.768619 0.417702 0.0584489
0.509218 0.366592 0.101144
0.198346 0.393283 0.0866091
0.730183 0.338199 0.0450404
0.102696 0.356062 0.0265934
0.718204 0.446898 0.0727864
0.736961 0.337197 0.0499793
0.138739 0.367268 0.0999142
0.572165 0.502526 0.0508138
0.18125 0.331032 0.0794565
0.554214 0.463317 0.0517224
0.76441 0.290917 0.0486027
0.554587 0.170947 0.0514007
0.700766 0.411445 0.0705536
0.524802 0.373749 0.0275497
0.610595 0.598709 0.0536721
0.238232 0.327305 0.058842
0.133792 0.381906 0.0955164
0.769673 0.312314 0.0601268
0.523704 0.355584 0.0511088
0.712964 0.411612 0.0719773
0.611369 0.582644 0.0520385
0.170782 0.341849 0.0326832
0.522257 0.328056 0.0515122
0.503972 0.396043 0.0367766
0.925632 0.38559 0.172778
0.759688 0.371508 0.0688944
0.52576 0.41619 0.0384719
0.530433 0.387953 0.0278627
0.578043 0.361922 0.0437557
0.669823 0.39686 0.0459328
0.58336 0.14171 0.0540043
0.900175 0.364937 0.121499
0.588488 0.383048 0.0283884
0.491652 0.386299 0.0498642
0.578936 0.35179 0.0993949
0.915727 0.317161 0.172599
0.539877 0.42503 0.0392917
0.587766 0.538372 0.0513971
0.629343 0.683065 0.0553218
0.710374 0.382238 0.0469329
0.545513 0.21278 0.0455825
0.624029 0.662965 0.0540691
0.889983 0.363181 0.172181
0.8463 0.368081 0.057037
0.677993 0.401179 0.0698281
0.519815 0.273221 0.0520614
0.578347 0.380113 0.0528458
0.0551926 0.357222 0.0707876
0.750354 0.315414 0.0593299
0.538521 0.452818 0.0519598
0.643661 0.0436464 0.0564443
0.685824 0.400912 0.0606232
0.501435 0.28751 0.0506761
0.0850372 0.40121 0.062814
0.558016 0.365266 0.0263615
0.244856 0.37914 0.097259
0.768456 0.386996 0.0670317
0.616482 0.355871 0.027641
0.160769 0.348207 0.0963096
0.586588 0.328063 0.0729294
0.771996 0.308269 0.0510904
0.57976 0.445091 0.0453879
0.488589 0.338674 0.0514389
0.0367824 0.351038 0.0534029
0.86139 0.363896 0.164967
0.335519 0.336875 0.0884525
0.493772 0.40209 0.0375673
0.679218 0.368529 0.027119
0.936949 0.385389 0.173303
0.561634 0.38248 0.0508891
0.565982 0.453365 0.0436059
0.401256 0.328983 0.0760728
0.706253 0.302667 0.0422441
0.573922 0.374048 0.0277238
0.550158 0.329725 0.0494035
0.289005 0.333535 0.0846784
0.55515 0.556379 0.0482615
0.388519 0.376894 0.0988351
0.28069 0.32943 0.0496288
0.249626 0.401915 0.0639745
0.562222 0.361818 0.0265571
0.884519 0.35944 0.175249
0.322154 0.35102 0.0282399
0.592239 0.513287 0.0483564
0.681635 0.41106 0.0650588
0.46955 0.365771 0.0505092
0.86085 0.366455 0.174046
0.451292 0.342712 0.0328095
0.597977 0.16718 0.0493273
0.733784 0.41608 0.0701091
0.738296 0.418009 0.0758769
0.72066 0.369521 0.0729059
0.521518 0.375241 0.0277772
0.699304 0.391998 0.0485326
0.541405 0.377942 0.0987634
0.74036 0.336021 0.0738907
0.847674 0.360611 0.0864284
0.695602 0.410503 0.0716589
0.894934 0.362172 0.133565
0.388139 0.384715 0.0319922
0.541836 0.48338 0.0426045
0.461267 0.338525 0.0367635
0.76524 0.298848 0.0768819
0.0779388 0.361149 0.0884679
0.955889 0.460947 0.174238
0.679022 0.402033 0.0644269
0.905577 0.399285 0.174995
0.783728 0.374119 0.095377
0.585114 0.347713 0.0527756
0.253576 0.390436 0.0896162
0.591913 0.375538 0.0266388
0.706427 0.408646 0.0633852
0.500802 0.430571 0.0398573
0.336997 0.344093 0.0318058
0.531515 0.406433 0.0379227
0.370864 0.364595 0.10104
0.109272 0.374141 0.0986242
0.488895 0.381725 0.0966769
0.336586 0.374788 0.0993227
0.783164 0.349026 0.0584276
0.570376 0.400369 0.074645
0.705983 0.278644 0.0570226
0.769193 0.309966 0.0524575
0.463782 0.327684 0.0570708
0.931212 0.301408 0.172777
0.186457 0.400206 0.0511916
0.471049 0.373141 0.0262831
0.278904 0.342971 0.0322268
0.571697 0.251528 0.0452825
0.36317 0.400335 0.0524405
 0.604 0.386821 0.0337761
0.14868 0.398174 0.0783932
0.398643 0.397301 0.0460763
0.681917 0.414693 0.0761428
0.640892 0.380471 0.030485
0.568262 0.374605 0.0455786
0.22263 0.371061 0.0995686
0.725851 0.417668 0.0704615
0.597462 0.189918 0.0499823
0.631226 0.68641 0.055533
0.60524 0.122299 0.0543705
0.952586 0.435893 0.173393
0.232886 0.340875 0.0338184
0.608483 0.327073 0.066727
0.650315 0.382445 0.0967912
0.552729 0.369148 0.0476602
0.726429 0.280476 0.0685832
0.771657 0.392477 0.0559368
0.925461 0.405768 0.174856
0.584767 0.547858 0.0473201
0.363639 0.349115 0.0293159
0.523237 0.248319 0.0434855
0.964553 0.466772 0.173911
0.709131 0.403865 0.073172
0.572463 0.335353 0.0876284
0.581732 0.300321 0.0460053
0.68159 0.430803 0.0464475
0.503652 0.382579 0.0268924
0.81362 0.360782 0.110838
0.415985 0.400817 0.055633
0.488018 0.37277 0.0509834
0.447365 0.401038 0.0700723
0.616922 0.400639 0.0730748
0.735584 0.292017 0.0572973
0.768855 0.322752 0.0560093
0.304708 0.39716 0.0455464
0.549433 0.390571 0.0903584
0.633051 0.0540827 0.0562961
0.749822 0.298647 0.0786441
0.57567 0.381402 0.0425834
0.434363 0.347878 0.0301282
0.485421 0.345975 0.0513773
0.534867 0.35731 0.0491391
0.539272 0.528239 0.049678
0.720551 0.421717 0.0445873
0.920957 0.365045 0.151852
0.574381 0.386131 0.0292182
0.570898 0.155442 0.0483839
0.208287 0.376612 0.0273977
0.501426 0.447294 0.0424563
0.503838 0.325017 0.0517871
0.578732 0.487789 0.047974
0.707692 0.316601 0.0726769
0.68595 0.426375 0.0837785
0.534723 0.356377 0.100309
0.620889 0.603679 0.0522849
0.608671 0.388925 0.0358963
0.598826 0.55404 0.0494407
0.605304 0.365865 0.0260808
0.462228 0.373988 0.0274259
0.501688 0.350975 0.0508407
0.498148 0.330588 0.0457452
0.344876 0.332886 0.0430238
0.696811 0.45066 0.0657608
0.725252 0.364897 0.0725046
0.698866 0.343359 0.0340564
0.555411 0.319285 0.0490905
0.638432 0.383455 0.0320019
0.498179 0.330834 0.0799829
0.281034 0.367255 0.025893
0.5252 0.235291 0.0510958
0.274281 0.375911 0.0272446
0.745984 0.332233 0.0700812
0.537473 0.383825 0.0506164
0.405649 0.394508 0.0859919
0.461619 0.34787 0.0417508
0.637238 0.0412023 0.0556161
0.692531 0.335807 0.0514998
0.58379 0.401738 0.0619114
0.150112 0.401219 0.0680803
0.485199 0.401442 0.0676218
0.946275 0.421975 0.173276
0.552329 0.346073 0.0273256
0.756669 0.416379 0.069811
0.584001 0.525017 0.0507002
0.950344 0.306119 0.174014
0.349708 0.40109 0.069468
0.556043 0.401492 0.0403305
0.564716 0.194935 0.0526385
0.509127 0.369733 0.026267
0.417658 0.327218 0.0598897
0.685926 0.309949 0.0809151
0.522842 0.422192 0.0517992
0.557931 0.547028 0.052793
0.691221 0.404201 0.0610482
0.562126 0.262153 0.0484593
