0.211248 0.134536 0.498447
0.458745 0.101145 0.305494
0.571944 0.0468106 0.56123
0.508107 0.0942025 0.818851
0.464922 0.270699 0.167002
0.419091 0.174617 0.555506
0.650083 0.185111 0.0514874
0.42384 0.121479 0.827589
0.414637 0.119365 0.670979
0.490152 0.199666 0.16125
0.457391 0.127293 0.215274
0.442443 0.19379 0.240864
0.503851 0.142578 0.35142
0.46747 0.22401 0.263615
0.796661 0.124413 0.449373
0.442428 0.0968301 0.365343
0.374387 0.193689 0.0900732
0.452075 0.0811657 0.688484
0.312607 0.112775 0.53383
0.441012 0.159474 0.796466
0.375468 0.0531082 0.540307
0.140806 0.124879 0.459985
0.3425 0.110551 0.571973
0.604631 0.130353 0.517207
0.253262 0.103317 0.592279
0.33036 0.11149 0.523693
0.642842 0.0997908 0.52661
0.534866 0.151128 0.559392
0.536361 0.127351 0.546563
0.262143 0.111003 0.64706
0.249718 0.0769211 0.608592
0.0930287 0.138981 0.429411
0.534123 0.179034 0.0797736
0.283778 0.0979632 0.485492
0.466426 0.228126 0.21719
0.478019 0.310229 0.139031
0.478126 0.379387 0.112574
0.156175 0.123944 0.437974
0.430763 0.188512 0.527526
0.243168 0.0795064 0.619011
0.412604 0.149756 0.696254
0.603236 0.130303 0.509557
0.663424 0.102404 0.559943
0.48988 0.101356 0.936309
0.629844 0.0663949 0.616541
0.400971 0.192294 0.0809342
0.457527 0.0859889 0.886312
0.644274 0.0809167 0.531673
0.44167 0.182242 0.169229
0.490424 0.128038 0.964199
0.473008 0.203931 0.752473
0.643244 0.115948 0.480085
0.266446 0.054428 0.594571
0.160086 0.123506 0.495616
0.515002 0.18998 0.0944571
0.50125 0.122773 0.250299
0.46602 0.265533 0.102953
0.221797 0.119291 0.501606
0.625074 0.0900539 0.57558
0.534866 0.143124 0.398997
0.503851 0.156747 0.49583
0.551731 0.107729 0.56703
0.424925 0.10055 0.592783
0.648973 0.10874 0.632948
0.497536 0.194282 0.754411
0.503851 0.141141 0.406052
0.625393 0.0628128 0.622585
0.587516 0.111539 0.477694
0.521775 0.103474 0.675487
0.657682 0.118145 0.566562
0.0539198 0.132567 0.393108
0.637743 0.196413 0.0820234
0.427227 0.101432 0.45294
0.503851 0.179022 0.246104
0.770921 0.122542 0.508127
0.524042 0.1066 0.624658
0.2999 0.0640223 0.615837
0.439437 0.0909689 0.816271
0.503851 0.156072 0.556008
0.638106 0.12559 0.585915
0.465665 0.203816 0.194107
0.809395 0.137413 0.479572
0.441012 0.138494 0.66851
0.691154 0.133256 0.532621
0.468227 0.0375009 0.863971
0.503851 0.160659 0.526376
0.524329 0.188129 0.162959
0.503851 0.13717 0.538082
0.139905 0.12495 0.454629
0.491856 0.196959 0.137074
0.632787 0.0624431 0.640101
0.448312 0.0828725 0.537066
0.412309 0.148924 0.692027
0.383692 0.188539 0.0630245
0.503851 0.17392 0.23526
0.259432 0.127632 0.453564
0.668887 0.066131 0.566193
0.119145 0.126102 0.424876
0.138501 0.137078 0.422432
0.548498 0.179787 0.0840238
0.493037 0.0974297 0.913384
0.529999 0.127018 0.619297
0.356808 0.10952 0.552471
0.52494 0.120619 0.765959
0.2696 0.129925 0.480633
0.218845 0.120337 0.532494
0.607748 0.111105 0.487375
0.656368 0.0566554 0.611888
0.50149 0.189657 0.183285
0.548883 0.191756 0.114398
0.436522 0.103353 0.342172
0.449355 0.199765 0.454487
0.269018 0.107316 0.601656
0.503851 0.155423 0.366298
0.0847828 0.137804 0.46204
0.422928 0.115978 0.784569
0.476523 0.396506 0.0761212
0.634564 0.112994 0.491767
0.711186 0.11357 0.432585
0.406216 0.127436 0.549953
0.441012 0.139888 0.356753
0.476979 0.230388 0.139282
0.409997 0.149987 0.365938
0.497871 0.0836576 0.652314
0.640094 0.0894767 0.542064
0.273514 0.062834 0.557892
0.401228 0.181163 0.0713734
0.680923 0.132717 0.471727
0.476836 0.243338 0.201093
0.427817 0.115277 0.325754
0.495005 0.0820024 0.634031
0.476552 0.310864 0.100065
0.529985 0.117018 0.489333
0.443852 0.196765 0.476049
0.441012 0.155152 0.456816
0.155193 0.123858 0.485988
0.503851 0.143794 0.449875
0.642759 0.0683311 0.547301
0.418759 0.110513 0.686423
0.441012 0.155182 0.401215
0.46555 0.353126 0.089856
0.444255 0.195841 0.709293
0.682191 0.0759813 0.644685
0.43486 0.18754 0.755655
0.477288 0.356502 0.0936
0.317202 0.131019 0.545533
0.441012 0.150998 0.456928
0.422245 0.10896 0.609724
0.665229 0.185905 0.0565208
0.432733 0.19022 0.541131
0.438939 0.158315 0.185667
0.662018 0.098943 0.483255
0.464072 0.131191 0.198847
0.703418 0.121297 0.463826
0.401653 0.123043 0.633857
0.408418 0.179953 0.0982043
0.426924 0.170523 0.820032
0.503851 0.150713 0.580778
0.506593 0.144001 0.219262
0.355152 0.129802 0.516978
0.668308 0.132318 0.474654
0.267402 0.120622 0.500864
0.649973 0.185105 0.0779667
0.164409 0.136212 0.476881
0.421636 0.145293 0.827419
0.268356 0.100563 0.555305
0.53428 0.190297 0.0712536
0.503851 0.146796 0.385178
0.270383 0.11586 0.491968
0.441012 0.170683 0.499369
0.496328 0.0827462 0.541254
0.438174 0.193358 0.532854
0.456722 0.200283 0.797824
0.650891 0.0580018 0.56265
0.472101 0.204408 0.614986
0.761716 0.128256 0.429167
0.458687 0.079813 0.749457
0.623043 0.0788285 0.578756
0.482212 0.0793897 0.61632
0.8748 0.140009 0.452264
0.283835 0.192482 0.0334301
0.577197 0.108764 0.505681
0.652102 0.131916 0.539767
0.476157 0.241058 0.115396
0.317267 0.11245 0.52784
0.511036 0.122423 0.889707
0.363983 0.034112 0.55655
0.503851 0.145741 0.570202
0.52703 0.125392 0.75581
0.503851 0.138747 0.474726
0.503938 0.114655 0.919737
0.441012 0.169524 0.217952
0.451041 0.200695 0.588202
0.454738 0.0858321 0.442066
0.911873 0.13515 0.385707
0.409997 0.151894 0.565427
0.365679 0.032191 0.539067
0.42333 0.179682 0.599208
0.288397 0.198199 0.0682147
0.483808 0.20246 0.61249
0.534866 0.137227 0.3831
0.472659 0.22051 0.30181
0.454166 0.200694 0.236218
0.476873 0.309425 0.105764
0.790323 0.13652 0.434613
0.413246 0.161004 0.604871
0.481331 0.153101 0.132765
0.49583 0.199501 0.396683
0.266849 0.114898 0.462272
0.639878 0.131501 0.541727
0.476157 0.14847 0.14406
0.486112 0.0800772 0.615492
0.423328 0.16898 0.280513
0.46542 0.221465 0.145124
0.38517 0.188393 0.0633822
0.471695 0.0777763 0.545451
0.225188 0.119033 0.522957
0.680902 0.116267 0.507414
0.475858  0.397 0.0686609
0.62613 0.0744086 0.626224
0.533013 0.127176 0.595837
0.411621 0.157115 0.480164
0.330827 0.130395 0.482022
0.27747 0.111949 0.452838
0.374062 0.193706 0.08679
0.411481 0.125978 0.641767
0.258007 0.0636173 0.603002
0.449654 0.195898 0.824988
0.441012 0.149171 0.489516
0.273146 0.107721 0.593337
0.414486 0.159961 0.684758
0.478126 0.326472 0.156415
0.524266 0.176411 0.554883
0.278652 0.198711 0.0444273
0.659824 0.0573301 0.622264
0.453414 0.0850235 0.453287
0.512053 0.19098 0.370771
0.439886 0.194371 0.619761
0.261834 0.116576 0.467058
0.303241 0.0696845 0.631939
0.117342 0.126356 0.472557
0.503851 0.162216 0.307185
0.633909 0.0556688 0.608004
0.419991 0.106388 0.499629
0.446665 0.169404 0.139157
0.519338 0.114574 0.338557
0.485615 0.20196 0.459008
0.441012 0.180993 0.504951
0.494164 0.20058 0.516465
0.414841 0.116713 0.514816
0.499525 0.195583 0.691904
0.569898 0.12911 0.528709
0.478126 0.30785 0.17023
0.175252 0.134611 0.509633
0.503851 0.141252 0.650641
0.250983 0.103879 0.619311
0.474466 0.035827 0.878108
0.540831 0.127586 0.591175
0.304618 0.113444 0.484791
0.467578 0.264564 0.0923313
0.403054 0.107025 0.591213
0.272699 0.105412 0.610997
0.297859 0.193297 0.0388325
0.515554 0.176508 0.787608
0.477659 0.358774 0.101721
0.492324 0.200959 0.591367
0.471239 0.0469752 0.876924
0.299251 0.0844209 0.595949
0.412645 0.12275 0.525219
0.57359 0.0458645 0.559406
0.472426 0.208708 0.326801
0.582032 0.183754 0.125557
0.840285 0.127207 0.446039
0.359332 0.0306553 0.551103
0.638772 0.0603216 0.585847
0.823233 0.126199 0.423412
0.256399 0.105462 0.587771
0.480235 0.0964874 0.933109
0.503851 0.175675 0.743479
0.475959 0.330499 0.086373
0.548287 0.107896 0.479367
0.276772 0.0522612 0.603192
0.465289 0.276177 0.128943
0.638858 0.113178 0.57429
0.618173 0.195388 0.0640713
0.526051 0.10826 0.668871
0.361367 0.109191 0.550409
0.52462 0.131082 0.807203
0.533439 0.128025 0.461145
0.645721 0.108046 0.641347
0.472241 0.0422939 0.860107
0.452177 0.200895 0.645181
0.0621234 0.133937 0.392751
0.289186 0.1319 0.501725
0.435799 0.188968 0.750639
0.660619 0.104852 0.594144
0.413791 0.127039 0.606442
0.265829 0.108112 0.634949
0.523247 0.177612 0.528478
0.382387 0.193269 0.0762476
0.37011 0.181963 0.110592
0.417556 0.172769 0.518197
0.281517 0.107101 0.605931
0.276809 0.11523 0.554202
0.512181 0.18858 0.169707
0.624822 0.112183 0.583355
0.478126 0.281619 0.166438
0.503851 0.165278 0.466598
0.476161 0.0792916 0.851964
0.264831 0.106749 0.489338
0.528627 0.118443 0.594869
0.858405 0.139353 0.456706
0.491438 0.201096 0.545641
0.45898 0.147294 0.156471
0.437216 0.19259 0.671003
0.432332 0.0921098 0.55765
0.469018 0.208042 0.102986
0.641386 0.131515 0.508376
0.46517 0.223997 0.165805
0.437634 0.0918729 0.464853
0.418821 0.135144 0.313193
0.319949 0.184595 0.0728645
0.4171 0.107601 0.637153
0.6435 0.13164 0.552608
0.672225 0.115508 0.552772
0.171226 0.135872 0.453085
0.282144 0.121324 0.459581
0.261423 0.0680443 0.558153
0.265487 0.0728537 0.544908
0.871491 0.13176 0.459461
0.503851 0.172896 0.664588
0.552994 0.186772 0.062027
0.422332 0.10364 0.655089
0.529178 0.186752 0.161582
0.503851 0.138897 0.557811
0.573034 0.129275 0.565858
0.434638 0.0931681 0.744364
0.438987 0.0882796 0.613548
0.639457 0.061182 0.558414
0.467176 0.203449 0.476973
0.469042 0.0799399 0.478968
0.604509 0.110697 0.556874
0.453043 0.201009 0.5066
0.409997 0.135251 0.610572
0.477742 0.302924 0.132254
0.465098 0.28613 0.181323
0.522764 0.105485 0.474088
0.524029 0.105393 0.520223
0.513438 0.188224 0.673464
0.677045 0.0865261 0.62705
0.504657 0.194673 0.308099
0.267637 0.113386 0.645229
0.837034 0.126964 0.463154
0.624809 0.0775513 0.633168
0.493985 0.0814295 0.508357
0.641623 0.131549 0.534153
0.58634 0.129785 0.539087
0.485887 0.079997 0.499817
0.103899 0.138491 0.419187
0.477838 0.238624 0.176455
0.177092 0.12243 0.483191
0.528877 0.106799 0.51107
0.674484 0.198339 0.0614034
0.66851 0.0829491 0.550831
0.451383 0.199512 0.730236
0.4335 0.1067 0.335037
0.418192 0.149507 0.777446
0.653618 0.0810416 0.515784
0.505932 0.177556 0.159045
0.41713 0.129226 0.334472
0.465994 0.2375 0.209315
0.444873 0.084851 0.521942
0.649023 0.0844067 0.518921
0.256598 0.0982421 0.562571
0.472466 0.205416 0.274087
0.464354 0.127423 0.972337
0.433207 0.157057 0.891298
0.492377 0.135277 0.956744
0.393503 0.107478 0.574056
0.639486 0.113265 0.53954
0.291446 0.0657684 0.583054
0.519857 0.174057 0.281868
0.460681 0.202909 0.23194
0.52447 0.127275 0.802125
0.503851 0.147297 0.311001
0.534866 0.140634 0.50801
0.480236 0.084185 0.441696
0.503851 0.17838 0.28514
0.71218 0.118509 0.498782
0.556967 0.117882 0.470874
0.526475 0.157205 0.750967
0.473362 0.222455 0.25178
0.463281 0.0788008 0.776716
0.476507 0.159636 0.10355
0.491714 0.201673 0.305809
0.409997 0.151892 0.359065
0.441012 0.153516 0.335804
0.660203 0.0589284 0.59299
0.476507 0.315104 0.0984427
0.528551 0.19069 0.13729
0.38439 0.181214 0.128346
0.323272 0.124081 0.472211
0.503851 0.138604 0.690124
0.444937 0.12587 0.94758
0.422145 0.140938 0.832702
0.478126 0.302129 0.1552
0.497801 0.19282 0.794545
0.6471 0.195512 0.0387475
0.63772 0.0557174 0.651646
0.12316 0.137809 0.454311
0.521494 0.102377 0.529188
0.500871 0.16717 0.15319
0.523224 0.177642 0.53378
0.533502 0.127159 0.665063
0.442842 0.170458 0.15505
0.387493 0.107762 0.507614
0.477553 0.0785685 0.643012
0.659191 0.111285 0.538637
0.442152 0.183409 0.168768
0.420728 0.191258 0.102748
0.519505 0.182068 0.52187
0.503851 0.140097 0.254568
0.0653474 0.140158 0.444114
0.48537 0.202169 0.552197
0.643614 0.120652 0.504584
0.133226 0.1254 0.445003
0.503851 0.159451 0.571522
0.464977 0.367474 0.104587
0.601642 0.182572 0.0678221
0.219696 0.117602 0.433039
0.36605 0.129443 0.498896
0.431645 0.187069 0.700869
0.524484 0.106621 0.522965
0.644035 0.124685 0.547933
0.624173 0.0806677 0.568791
0.503851 0.170958 0.255251
0.441012 0.175192 0.504774
0.441416 0.0868749 0.579736
0.495832 0.0829558 0.731804
0.42001 0.172269 0.322394
0.681968 0.132724 0.465489
0.445133 0.197439 0.44876
0.450458 0.200473 0.578294
0.524763 0.12864 0.320985
0.419334 0.115099 0.580293
0.049755 0.130742 0.433946
0.294081 0.0628183 0.582664
0.361601 0.129562 0.499613
0.503851 0.162781 0.715132
0.425741 0.182554 0.640767
0.672791 0.0964299 0.60969
0.481007 0.20283 0.479652
0.467082 0.33026 0.0785902
0.445133 0.196177 0.25246
0.477319 0.202783 0.799684
0.332768 0.194987 0.0518929
0.256409 0.130548 0.455186
0.514075 0.137924 0.881486
0.442818 0.0897285 0.456446
0.654216 0.197277 0.0463182
0.678484 0.117976 0.459667
0.65755 0.185502 0.0593037
0.477672 0.241746 0.165525
0.46505 0.278781 0.146563
0.359342 0.0430086 0.561891
0.473666 0.0778833 0.634131
0.695035 0.133253 0.483425
0.355205 0.194695 0.114097
0.462486 0.150302 0.142351
0.531796 0.1216 0.540108
0.0637571 0.140202 0.425212
0.494162 0.198007 0.216621
0.620857 0.0742481 0.615917
0.527737 0.110445 0.539251
0.439496 0.194098 0.662003
0.156039 0.136576 0.488212
0.400356 0.107138 0.48347
0.13312 0.137334 0.432804
0.246531 0.117586 0.480987
0.291265 0.193535 0.0368582
0.529154 0.114352 0.49647
0.266964 0.113584 0.631219
0.423019 0.107282 0.603185
0.207255 0.128387 0.533713
0.436063 0.139003 0.910384
0.525905 0.130351 0.788753
0.419665 0.120885 0.754582
0.389877 0.180926 0.139216
0.305773 0.0854775 0.620934
0.450742 0.0894213 0.40533
0.658582 0.104449 0.608578
0.344787 0.130205 0.596487
0.703452 0.121297 0.458028
0.534861 0.150762 0.477055
0.364575 0.112876 0.61342
0.471077 0.0778898 0.55463
0.428158 0.190868 0.138859
0.857004 0.139283 0.44181
0.521205 0.180073 0.602503
0.797208 0.124568 0.422228
0.817546 0.13768 0.452755
0.34665 0.130068 0.522867
0.462455 0.0793822 0.497787
0.673512 0.0690775 0.603698
0.436727 0.0911759 0.47921
0.503851 0.144676 0.487139
0.464498 0.149184 0.144169
0.837474 0.129704 0.409779
0.524335 0.107206 0.580736
0.429759 0.184447 0.706975
0.450035 0.200032 0.367331
0.278279 0.0967313 0.549084
0.485101 0.202191 0.500168
0.441012 0.181864 0.530595
0.518802 0.102192 0.456558
0.5069 0.165946 0.884199
0.432167 0.175696 0.227177
0.523394 0.104668 0.583801
0.421192 0.113684 0.743603
0.441012 0.180006 0.822208
0.660397 0.107911 0.479374
0.45415 0.0808133 0.68416
0.646977 0.131738 0.539212
0.698921 0.117578 0.494503
0.274937 0.13248 0.542089
0.507413 0.193001 0.461725
0.466916 0.230672 0.226127
0.411998 0.16072 0.374065
0.46451 0.202772 0.41346
0.685455 0.118482 0.556999
0.43471 0.187279 0.26645
0.453378 0.0809288 0.793095
0.484609 0.196958 0.849383
0.513425 0.189344 0.624597
0.508142 0.148717 0.910307
0.441012 0.153865 0.790286
0.277166 0.111036 0.578615
0.441012 0.145879 0.392565
0.503851 0.168638 0.703969
0.363965 0.0491772 0.536436
0.471917 0.0777278 0.526582
0.512786 0.14441 0.234978
0.280092 0.0974308 0.478798
0.144577 0.130363 0.416594
0.464885 0.0789899 0.571841
0.648455 0.0506857 0.608991
0.521731 0.159982 0.808055
0.508863 0.192528 0.389745
0.419943 0.110216 0.70503
0.465208 0.332554 0.107957
0.767198 0.122399 0.471947
0.288308 0.119611 0.462606
0.498404 0.17943 0.133709
0.49904 0.197716 0.296577
0.668182 0.0599434 0.64974
0.797538 0.136782 0.427987
0.360112 0.129692 0.571457
0.501777 0.110878 0.291265
0.479282 0.202243 0.825204
0.628253 0.090347 0.584087
0.652581 0.0572287 0.567526
0.475053 0.205806 0.0830859
0.897478 0.1409 0.415169
0.412586 0.136399 0.343333
0.419579 0.171889 0.696976
0.62419 0.0983743 0.617026
0.503851 0.154134 0.807367
0.499704 0.180962 0.14092
0.503851 0.151501 0.770741
0.515406 0.113794 0.854739
0.502193 0.0861448 0.567634
0.652952 0.131909 0.519755
0.253047 0.117234 0.461969
0.493943 0.122979 0.960179
0.516175 0.183174 0.695829
0.640764 0.113417 0.49475
0.792613 0.129253 0.505098
0.451399 0.155013 0.923748
0.409997 0.139889 0.601176
0.443199 0.196284 0.655252
0.304964 0.0764132 0.61544
0.441012 0.179578 0.368482
0.268826 0.111727 0.592813
0.479289 0.203257 0.628538
0.50868 0.192233 0.622899
0.546209 0.127868 0.53198
0.679332 0.0663388 0.645158
0.492314 0.117222 0.251616
0.360231 0.040719 0.549636
0.644169 0.105063 0.579714
0.295046 0.0599779 0.606869
0.557732 0.108006 0.609989
0.503851 0.14277 0.279107
0.434081 0.0942851 0.459287
0.222295 0.128229 0.540939
0.468428 0.197979 0.849846
0.430387 0.112179 0.854542
0.534854 0.124193 0.477064
0.662013 0.0824975 0.536176
0.456996 0.195479 0.0999128
0.691427 0.133269 0.533396
0.413051 0.150952 0.33543
0.639141 0.113287 0.499115
0.405035 0.106911 0.48003
0.419083 0.107543 0.496205
0.647527 0.123596 0.583694
0.265803 0.108277 0.53253
0.219331 0.11449 0.423079
0.305392 0.197308 0.0660658
0.473299 0.084818 0.420384
0.289851 0.1038 0.612257
0.503851 0.163498 0.402881
0.478993 0.204081 0.299028
0.582028 0.0438407 0.564324
0.490619 0.0808362 0.508944
0.441012 0.146847 0.506808
0.441012 0.173679 0.741527
0.476031 0.277134 0.199954
0.279916 0.0952259 0.54216
0.0434773 0.131194 0.434256
0.459912 0.202259 0.625209
0.130928 0.125627 0.419984
0.371008 0.0578498 0.551258
0.452337 0.201212 0.326471
0.0586138 0.130181 0.425198
0.0571191 0.130263 0.432426
0.282419 0.117571 0.500029
0.491596 0.0810301 0.554633
0.667117 0.110212 0.642277
0.499222 0.160509 0.917671
0.502975 0.195572 0.442154
0.475705 0.230321 0.106142
0.672982 0.0699593 0.578174
0.441012 0.164952 0.571884
0.305659 0.0851722 0.614398
0.503851 0.148394 0.36516
0.51496 0.187689 0.465927
0.491033 0.202043 0.286863
0.646131 0.105489 0.579481
0.495516 0.0822821 0.551814
0.625101 0.131039 0.567646
0.46487 0.337917 0.14616
0.475494 0.218428 0.208282
0.4922 0.0811505 0.625594
0.332523 0.186206 0.0506115
0.660371 0.103201 0.558743
0.503851 0.16131 0.287179
0.473623 0.0797309 0.862204
0.527375 0.106738 0.555626
0.273126 0.0632913 0.556732
0.414686 0.117171 0.6339
0.477391 0.267654 0.135052
0.651021 0.116467 0.46849
0.476726 0.354881 0.0881725
0.503851 0.158447 0.569526
0.503851 0.181553 0.570197
0.116933 0.126437 0.417351
0.467453 0.206456 0.261998
0.47147 0.0864831 0.399341
0.300025 0.1137 0.512936
0.539624 0.179322 0.103699
0.492939 0.0959189 0.340006
0.452074 0.200877 0.60065
0.24305 0.0804715 0.615831
0.441012 0.178461 0.624201
0.52967 0.115779 0.616056
0.478126 0.401285 0.0986076
0.246866 0.0980334 0.606234
0.494734 0.0951807 0.900494
0.466021 0.238745 0.110571
0.482363 0.202709 0.572208
0.732729 0.119914 0.523161
0.441012 0.164379 0.547346
0.448496 0.198546 0.697241
0.653108 0.110524 0.455316
0.422478 0.170342 0.751297
0.510974 0.15392 0.894901
0.258698 0.132823 0.472213
0.441012 0.165383 0.51216
0.545222 0.107467 0.576639
0.441012 0.168544 0.377314
0.541347 0.127622 0.490054
0.253109 0.0695254 0.597359
0.630195 0.131197 0.564862
0.48278 0.202561 0.489104
0.441012 0.166222 0.269478
0.51605 0.186858 0.421023
0.509748 0.176916 0.204687
0.446894 0.145247 0.934594
0.0339816 0.132076 0.417252
0.339787 0.110771 0.549727
0.503851 0.154082 0.663545
0.724317 0.119531 0.45386
0.511718 0.102762 0.353781
0.477246 0.371769 0.0881074
0.412899 0.122083 0.592584
0.596324 0.110083 0.569515
0.441728 0.194111 0.722051
0.32306 0.112006 0.544458
0.501243 0.158617 0.166892
0.464096 0.203514 0.196005
0.427264 0.105864 0.388006
0.530148 0.165476 0.344982
0.445138 0.0860297 0.728872
0.66612 0.0550409 0.599063
0.653713 0.114438 0.472118
0.419299 0.107254 0.629977
0.460191 0.202015 0.349285
0.242556 0.117784 0.518116
0.245918 0.133407 0.535836
0.504025 0.185239 0.832299
0.522084 0.103804 0.674677
0.261094 0.0911007 0.552329
0.478126 0.335713 0.134859
0.534864 0.137137 0.640754
0.41748 0.115448 0.692216
0.396811 0.180562 0.121121
0.269931 0.0998846 0.513125
0.475762 0.410563 0.070136
0.43402 0.181072 0.824042
0.266375 0.104458 0.581194
0.794812 0.124257 0.459239
0.49174 0.193136 0.115069
0.458948 0.200871 0.794728
0.420407 0.111658 0.720131
0.159705 0.123626 0.463192
0.393509 0.192686 0.070914
0.469308 0.0347702 0.865079
0.47588 0.350404 0.0808962
0.550261 0.119225 0.472043
0.363355 0.129516 0.482103
0.685266 0.132287 0.555236
0.445846 0.197307 0.272352
0.411273 0.156908 0.459329
0.316006 0.196751 0.059502
0.584716 0.032502 0.54928
0.456516 0.121127 0.234205
0.45668 0.201674 0.553662
0.243739 0.117715 0.511027
0.626986 0.1839 0.0574706
0.534866 0.140724 0.548071
0.426865 0.159322 0.845556
0.36373 0.108977 0.57624
0.441012 0.181989 0.219936
0.477959 0.202959 0.728393
0.527096 0.161894 0.717971
0.738018 0.12028 0.514852
0.427142 0.154844 0.854982
0.476805 0.361783 0.0861658
0.441012 0.141625 0.237355
0.274665 0.124641 0.579029
0.496889 0.195069 0.750554
0.421949 0.179517 0.403265
0.434521 0.191273 0.592031
0.416576 0.171206 0.449331
0.42035 0.112963 0.599352
0.476083 0.292314 0.100559
0.477941 0.302725 0.139511
0.313106 0.112699 0.577672
0.638865 0.0587105 0.608591
0.460546 0.0790569 0.823019
0.447943 0.0895323 0.424179
0.442143 0.195636 0.506505
0.503296 0.0990113 0.35086
0.735596 0.120113 0.515103
0.577857 0.12952 0.513008
0.503851 0.162339 0.293885
0.268119 0.122036 0.553386
0.486131 0.202315 0.199369
0.723418 0.119375 0.466746
0.544827 0.179594 0.0932772
0.663305 0.101866 0.560584
0.108318 0.126948 0.468952
0.465715 0.0972329 0.320435
0.521201 0.180303 0.331704
0.477895 0.0905296 0.356532
0.475907 0.311651 0.089544
0.417258 0.172013 0.552823
0.517085 0.0971503 0.641843
0.374755 0.108389 0.601271
0.298436 0.0883779 0.596404
0.501377 0.196449 0.613395
0.642561 0.0700949 0.549303
0.477724 0.203498 0.511604
0.741173 0.134842 0.487227
0.447698 0.105261 0.929038
0.512863 0.177919 0.146394
0.449965 0.183055 0.0812197
0.276778 0.110208 0.64189
0.504922 0.194224 0.286655
0.805883 0.126477 0.492361
0.456326 0.10925 0.269438
0.477503 0.23981 0.156523
0.416511 0.126896 0.535633
0.526044 0.165954 0.71227
0.53447 0.155327 0.410495
0.473049 0.206512 0.2685
0.663111 0.106147 0.633156
0.794914 0.130171 0.505006
0.493411 0.200767 0.632234
0.675105 0.0748125 0.564397
0.438771 0.178361 0.144878
0.669252 0.190394 0.029933
0.513477 0.0928297 0.54181
0.45154 0.0813482 0.637797
0.438237 0.0887093 0.576634
0.443105 0.0958123 0.882097
0.467058 0.281198 0.0891373
0.46679 0.252016 0.223026
0.292707 0.131786 0.503376
0.704253 0.133642 0.516118
0.503851 0.16551 0.374299
0.329771 0.196029 0.0561461
0.476278 0.313611 0.0950807
0.466157 0.245452 0.101697
0.864867 0.139612 0.441854
0.248764 0.0681647 0.588692
0.483354 0.202068 0.714193
0.471869 0.203881 0.769577
0.441012 0.150673 0.60008
0.503851 0.144601 0.583496
0.469562 0.205331 0.282604
0.111724 0.136591 0.411569
0.49553 0.197062 0.202421
0.793179 0.136654 0.440326
0.553568 0.192002 0.0817982
0.441012 0.171399 0.440484
0.652755 0.111216 0.459894
0.52855 0.116191 0.585128
0.46299 0.203257 0.228699
0.293274 0.114079 0.556871
0.488962 0.186164 0.0900593
0.441012 0.179712 0.581047
0.283546 0.132181 0.543602
0.619003 0.111817 0.503825
0.579936 0.129585 0.531555
0.602288 0.110526 0.562442
0.468439 0.104638 0.277636
0.265945 0.108424 0.537994
0.669185 0.186112 0.0353865
0.745776 0.120897 0.48636
0.684034 0.116374 0.543874
0.29985 0.131652 0.556184
0.10008 0.127623 0.41124
0.468391 0.203018 0.80806
0.447687 0.189844 0.0903439
0.258529 0.085756 0.54824
0.469278 0.204661 0.333862
0.295648 0.102065 0.586716
0.347247 0.110244 0.523425
0.478126 0.277024 0.170918
0.284158 0.132059 0.497912
0.374034 0.129125 0.516912
0.425492 0.139199 0.856643
0.656771 0.0508149 0.616895
0.419243 0.140464 0.792952
0.441012 0.156942 0.38315
0.649394 0.0574728 0.57815
0.271201 0.106761 0.569821
0.503851 0.136861 0.592776
0.503851 0.180351 0.303912
0.477221 0.303958 0.113744
0.339766 0.195505 0.0838154
0.521967 0.102968 0.598611
0.624481 0.130972 0.5251
0.433424 0.186949 0.737404
0.454457 0.200753 0.720318
0.467317 0.230165 0.24804
0.646938 0.104326 0.617976
0.520226 0.123684 0.840265
0.288239 0.195875 0.037983
0.503851 0.148834 0.404153
0.513583 0.0960733 0.72609
0.655106 0.128701 0.484598
0.518178 0.0984154 0.510356
0.523651 0.10797 0.708539
0.43269 0.19093 0.347885
0.528789 0.168819 0.492748
0.46817 0.2037 0.55471
0.501858 0.195881 0.664573
0.441012 0.159179 0.628096
0.445849 0.0915216 0.873339
0.144064 0.131766 0.417088
0.152749 0.125657 0.424276
0.519347 0.182276 0.562592
0.484085 0.0795927 0.677139
0.557062 0.180236 0.112003
0.577231 0.181293 0.085419
0.750712 0.121222 0.493998
0.428333 0.185286 0.171708
0.534866 0.149268 0.405016
0.523666 0.176025 0.673668
0.441012 0.168758 0.415289
0.530618 0.146914 0.719946
0.195544 0.121233 0.466582
0.658635 0.104493 0.605839
0.264737 0.190805 0.0331525
0.489394 0.15792 0.13305
0.469269 0.205857 0.214185
0.652476 0.128563 0.547875
0.644156 0.127549 0.510714
0.253454 0.0933044 0.558345
0.545897 0.107491 0.534908
0.281619 0.120923 0.557806
0.461547 0.190663 0.87979
0.272172 0.113355 0.46428
0.589886 0.181956 0.0675858
0.450547 0.09196 0.373161
0.299502 0.101156 0.607206
0.441012 0.170268 0.598085
0.209105 0.126084 0.436897
0.669266 0.0654877 0.590119
0.410448 0.145552 0.665221
0.465783 0.336317 0.0918535
0.659194 0.0969203 0.479134
0.441012 0.175655 0.814253
0.302778 0.0976916 0.611553
0.527758 0.17158 0.529311
0.433037 0.17836 0.832593
0.552907 0.128219 0.560517
0.801122 0.136955 0.435851
0.305241 0.0865578 0.609885
0.525409 0.106659 0.600766
0.369133 0.10864 0.549724
0.509866 0.159862 0.887176
0.628842 0.130954 0.476543
0.626572 0.131068 0.548486
0.348481 0.110249 0.491508
0.272867 0.112004 0.458103
0.426258 0.1484 0.253655
0.480973 0.0787628 0.715547
0.285798 0.105929 0.610682
0.435711 0.129733 0.90845
0.503851 0.137198 0.824116
0.512194 0.190203 0.596938
0.849035 0.138985 0.462748
0.515024 0.184928 0.302766
0.441012 0.153462 0.326252
0.44157 0.0868601 0.66359
0.66766 0.0646721 0.566848
0.628982 0.185072 0.0938089
0.0698155 0.139981 0.437999
0.657618 0.110735 0.614748
0.29018 0.0759377 0.551723
0.631728 0.0667985 0.577815
0.515162 0.187743 0.346209
0.416055 0.171446 0.368715
0.487464 0.201013 0.752351
0.643012 0.112998 0.483891
0.423123 0.102676 0.541998
0.527453 0.17495 0.358655
0.525883 0.117998 0.738441
0.471513 0.203604 0.818001
0.472255 0.0771286 0.837625
0.0977387 0.138739 0.416816
0.248775 0.0718061 0.576326
0.405242 0.107202 0.629944
0.505369 0.0985794 0.361493
0.573667 0.181106 0.0985721
0.510525 0.178575 0.218197
0.357126 0.129841 0.605105
0.422948 0.171069 0.290926
0.370365 0.0564074 0.546179
0.906926 0.131635 0.406147
0.466806 0.2109 0.222345
0.429178 0.174091 0.822553
0.764085 0.122096 0.506869
0.470759 0.0779605 0.593591
0.369663 0.108613 0.497422
0.589861 0.129932 0.56281
0.451283 0.150724 0.161109
0.441012 0.17345 0.831575
0.521293 0.11077 0.370355
0.689674 0.116881 0.510779
0.46742 0.0785155 0.516713
0.572632 0.0500735 0.563761
0.441012 0.146067 0.284863
0.420715 0.116485 0.749533
0.890299 0.130419 0.427978
0.502448 0.195209 0.670082
0.510025 0.0924407 0.739103
0.441012 0.16319 0.797776
0.409997 0.136345 0.615562
0.149608 0.124322 0.454272
0.491954 0.128849 0.961916
0.409997 0.147531 0.39875
0.650622 0.0677429 0.546818
0.503851 0.18154 0.499766
0.492818 0.0859611 0.445453
0.416143 0.140712 0.748293
0.493399 0.200668 0.671385
0.283988 0.132204 0.553177
0.498096 0.19702 0.251159
0.490492 0.0826666 0.476859
0.465568 0.317747 0.10242
0.478056 0.309498 0.170405
0.458127 0.0798956 0.754692
0.255574 0.100994 0.624743
0.645537 0.103292 0.601411
0.634969 0.106832 0.649939
0.676259 0.0849365 0.599492
0.411304 0.158304 0.388527
0.412344 0.14216 0.692998
0.306625 0.185294 0.0828873
0.45497 0.0831771 0.85577
0.476566 0.203634 0.671691
0.287725 0.111775 0.632855
0.286051 0.131897 0.469146
0.46487 0.279873 0.169804
0.336159 0.183744 0.0722968
0.50672 0.18166 0.176503
0.503851 0.179468 0.713017
0.419967 0.179347 0.129171
0.102508 0.136252 0.47294
0.519795 0.135729 0.849145
0.43639 0.131619 0.912057
0.133215 0.12546 0.42656
0.428177 0.186422 0.408004
0.470842 0.0771845 0.772731
0.362933 0.0417274 0.557097
0.409997 0.144628 0.564335
0.376973 0.185353 0.137062
0.534665 0.152585 0.498391
0.673997 0.0926276 0.565131
0.46445 0.162915 0.0965658
0.802144 0.137154 0.487861
0.0960882 0.127796 0.433748
0.465979 0.268846 0.104092
0.46425 0.0786382 0.77011
0.514105 0.177984 0.104586
0.745709 0.121065 0.448676
0.484409 0.102168 0.944634
0.490917 0.0809244 0.585387
0.441012 0.178357 0.574284
0.301128 0.197532 0.0608846
0.57325 0.0511587 0.548847
0.28468 0.0526381 0.639316
0.874833 0.130277 0.454492
0.0637291 0.129882 0.418257
0.214575 0.119778 0.50636
0.432322 0.144878 0.233264
0.522129 0.162764 0.78891
0.413246 0.142408 0.706096
0.435803 0.190975 0.700064
0.658551 0.101022 0.550478
0.790772 0.124064 0.438493
0.416042 0.169591 0.460215
0.665995 0.0838917 0.55082
0.503851 0.173782 0.444138
0.503415 0.086873 0.66195
0.318792 0.130936 0.519186
0.466629 0.0433956 0.858243
0.518727 0.17403 0.272689
0.634558 0.102354 0.627497
0.318462 0.130972 0.54189
0.251572 0.0893431 0.56645
0.50747 0.126132 0.257613
0.420138 0.175877 0.62237
0.494896 0.200191 0.652954
0.557088 0.114431 0.473856
0.499247 0.0949614 0.367283
0.571994 0.0504652 0.54399
0.525737 0.110599 0.610429
0.542971 0.10739 0.614331
0.415641 0.106418 0.557437
0.467329 0.213416 0.249295
0.455977 0.0804418 0.700266
0.531873 0.120179 0.473812
0.625144 0.0952715 0.584617
0.418904 0.151557 0.786331
0.473274 0.0778142 0.610218
0.630293 0.112757 0.481265
0.475212 0.205025 0.283732
0.289915 0.0549457 0.618279
0.503851 0.149114 0.22128
0.656163 0.0629553 0.557786
0.429203 0.162742 0.853492
0.430542 0.137581 0.252451
0.273235 0.102041 0.553325
0.440446 0.180625 0.174394
0.561159 0.108129 0.578504
0.497786 0.198313 0.663236
0.477086 0.374291 0.0858939
0.406704 0.180043 0.109037
0.362191 0.109143 0.53288
0.522202 0.106941 0.721912
0.663371 0.111746 0.644021
0.498463 0.17674 0.134036
0.46526 0.235648 0.151013
0.365776 0.100763 0.552674
0.0474186 0.140878 0.434823
0.423782 0.143814 0.271606
0.476455 0.203137 0.762208
0.723014 0.119336 0.47103
0.476819 0.204502 0.252635
0.875902 0.129504 0.429377
0.474111 0.253149 0.225839
0.321232 0.184528 0.062475
0.494086 0.186921 0.119758
0.249117 0.102862 0.637761
0.260801 0.132951 0.540391
0.354796 0.182767 0.0689474
0.484084 0.200952 0.0980176
0.462592 0.0791118 0.753594
0.473673 0.0996874 0.302259
0.418661 0.174118 0.652512
0.46487 0.294957 0.16486
0.465218 0.293913 0.126069
0.439845 0.194334 0.556637
0.27236 0.132446 0.495872
0.425651 0.106526 0.405004
0.441012 0.158712 0.511624
0.441012 0.15955 0.607633
0.296786 0.186618 0.083253
0.473575 0.234131 0.240489
0.467192 0.204138 0.238568
0.315286 0.112612 0.504298
0.508201 0.18774 0.248491
0.412821 0.106553 0.578383
0.440524 0.0973276 0.372529
0.419878 0.179352 0.143037
0.643573 0.120132 0.530474
0.842804 0.128975 0.409545
0.895676 0.140852 0.435224
0.501538 0.177326 0.129463
0.478126 0.318159 0.147413
0.534866 0.148004 0.603662
0.48001 0.0790015 0.601376
0.579286 0.0356678 0.56208
0.528249 0.115986 0.496626
0.395412 0.107384 0.557788
0.633541 0.112865 0.51771
0.481262 0.107175 0.956647
0.460978 0.202427 0.543467
0.520296 0.181133 0.537462
0.443842 0.174229 0.896654
0.26466 0.10726 0.620548
0.464381 0.0319563 0.856899
0.505927 0.0951658 0.847319
0.425571 0.122937 0.84169
0.534625 0.156411 0.35855
0.44742 0.198688 0.516366
0.52987 0.165802 0.658676
0.357656 0.109442 0.562137
0.424237 0.180756 0.569901
0.504589 0.19451 0.467549
0.276196 0.103516 0.581446
0.441012 0.148105 0.542932
0.473415 0.136877 0.968636
0.571054 0.180969 0.102561
0.290206 0.0632179 0.606286
0.446571 0.196594 0.241334
0.622349 0.0750961 0.593823
0.486267 0.202089 0.335954
0.503851 0.158245 0.660184
0.371166 0.109575 0.614359
0.642462 0.0964433 0.486023
0.417961 0.175447 0.376572
0.641839 0.117671 0.475683
0.475065 0.243654 0.217933
0.750504 0.121334 0.459499
0.518581 0.178219 0.118238
0.503851 0.17165 0.684437
0.491552 0.154207 0.147618
0.441012 0.150303 0.761536
0.493898 0.183217 0.113785
0.4259 0.106183 0.405897
0.495919 0.199486 0.30883
0.441012 0.149611 0.486713
0.451592 0.148399 0.165846
0.666501 0.0991153 0.561551
0.253327 0.0935392 0.56266
0.653336 0.131854 0.485143
0.389697 0.128302 0.490713
0.0780536 0.128945 0.42915
0.855251 0.139237 0.451027
0.50115 0.141789 0.202536
0.503851 0.177615 0.42518
0.781376 0.123266 0.496539
0.497162 0.182718 0.132783
0.27197 0.132467 0.500271
0.211054 0.120771 0.450235
0.503851 0.154712 0.243083
0.0701992 0.133609 0.459164
0.503851 0.171145 0.768207
0.636925 0.105258 0.645637
0.652918 0.126318 0.563642
0.491497 0.129154 0.216398
0.303424 0.0707126 0.626544
0.483017 0.0795129 0.54397
0.437766 0.193129 0.546837
0.281768 0.105686 0.56971
0.535862 0.11898 0.644553
0.29475 0.197866 0.0662579
0.473507 0.23097 0.24409
0.653319 0.18528 0.0550079
0.522033 0.114026 0.779615
0.429602 0.187113 0.497507
0.474866 0.100175 0.300723
0.530499 0.151245 0.721677
0.589541 0.181938 0.0648645
0.460798 0.201513 0.108202
0.526611 0.173637 0.614665
0.487583 0.111731 0.261408
0.50741 0.123868 0.262932
0.672188 0.0970116 0.610389
0.331224 0.13057 0.54448
0.441012 0.13837 0.672392
0.468162 0.346608 0.0742815
0.504231 0.177467 0.0996554
0.365435 0.0557267 0.557315
0.453242 0.0810483 0.633501
0.512759 0.117256 0.303001
0.522437 0.128012 0.309551
0.450444 0.186713 0.125675
0.517915 0.0987304 0.48803
0.533508 0.127202 0.550736
0.449181 0.117317 0.953666
0.510147 0.099444 0.837248
0.476101 0.252865 0.20701
0.347709 0.130046 0.544187
0.56375 0.128788 0.522845
0.42461 0.167486 0.2644
0.503851 0.160032 0.378709
0.535803 0.10709 0.629931
0.409997 0.131497 0.623834
0.64274 0.0945135 0.550882
0.632323 0.107814 0.627219
0.282234 0.120056 0.517476
0.837838 0.138488 0.441741
0.483085 0.079215 0.704635
0.351254 0.129924 0.521994
0.441012 0.181996 0.233579
0.509654 0.0945729 0.794251
0.472801 0.203847 0.781499
0.64297 0.108178 0.651104
0.496417 0.196854 0.219818
0.607038 0.194804 0.0773496
0.295153 0.131584 0.470716
0.441012 0.161849 0.647224
0.639761 0.107016 0.578078
0.460837 0.203598 0.274153
0.517376 0.147507 0.863741
0.477845 0.2911 0.178265
0.521264 0.108075 0.752372
0.473855 0.188855 0.885008
0.483139 0.202578 0.658532
0.456178 0.091146 0.371062
0.295831 0.0698475 0.563003
0.53556 0.107076 0.586924
0.441012 0.14068 0.428854
0.838667 0.138433 0.416402
0.224034 0.134051 0.482512
0.508598 0.192527 0.41832
0.44217 0.179352 0.1575
0.513413 0.189664 0.446914
0.681247 0.11772 0.45925
0.469029 0.205383 0.104593
0.511471 0.119267 0.884424
0.263696 0.107836 0.639191
0.697868 0.121078 0.55258
0.476256 0.287238 0.105561
0.40996 0.179872 0.10356
0.412125 0.128215 0.427602
0.485552 0.0799462 0.516272
0.439472 0.0879993 0.654237
0.638692 0.0904085 0.545836
0.42292 0.107623 0.487703
0.513134 0.161609 0.865077
0.33982 0.110753 0.559942
0.430199 0.18171 0.263814
0.827517 0.126483 0.420078
0.808017 0.125053 0.483461
0.853876 0.128056 0.45514
0.643157 0.113851 0.522425
0.676585 0.0834547 0.563864
0.503851 0.147923 0.220448
0.294006 0.0634074 0.578799
0.476569 0.270986 0.117216
0.557934 0.124945 0.626838
0.462854 0.181259 0.898928
0.711164 0.121297 0.473385
0.479494 0.203221 0.626284
0.47654 0.225257 0.130919
0.705541 0.121297 0.463443
0.559154 0.123102 0.628272
0.433551 0.191077 0.430368
0.275482 0.115594 0.465544
0.488523 0.180567 0.893474
0.668366 0.132529 0.556885
0.479667 0.202952 0.687251
0.326489 0.111825 0.499054
0.26735 0.199303 0.0400266
0.521294 0.169474 0.279691
0.523544 0.104847 0.603335
0.244919 0.0934944 0.62094
0.84587 0.138823 0.442691
0.514688 0.0985456 0.444404
0.630013 0.0928855 0.5614
0.532606 0.123811 0.514699
0.503851 0.156181 0.511339
0.0365784 0.141027 0.3911
0.515517 0.0952438 0.509976
0.49106 0.0851553 0.864903
0.302637 0.187835 0.042112
0.429018 0.119945 0.304505
0.298785 0.113862 0.482953
0.463644 0.0792119 0.660719
0.503851 0.16823 0.521088
0.505145 0.151993 0.192122
0.473493 0.204279 0.59966
0.500059 0.19721 0.635596
0.487041 0.0802411 0.628809
0.186839 0.135379 0.493737
0.454812 0.181312 0.0970035
0.525633 0.178588 0.142322
0.416937 0.171142 0.57901
0.887679 0.14051 0.422111
0.465796 0.252039 0.116095
0.591731 0.115627 0.610652
0.203477 0.134661 0.457364
0.441012 0.170767 0.42276
0.832947 0.126838 0.417235
0.515878 0.1854 0.672488
0.569395 0.192831 0.1162
0.414217 0.136949 0.720545
0.512982 0.136762 0.247994
0.440515 0.19501 0.410819
0.506889 0.168263 0.180779
0.259035 0.0622768 0.605403
0.652151 0.0518967 0.64949
0.729899 0.122264 0.534176
0.435195 0.116727 0.894459
0.441012 0.165031 0.610712
0.7106 0.118426 0.486767
0.508857 0.192542 0.38802
0.534798 0.14923 0.647581
0.45191 0.0845034 0.461692
0.642708 0.107925 0.509916
0.307785 0.117004 0.583237
0.509247 0.192286 0.397227
0.625343 0.0998583 0.622125
0.577377 0.0508513 0.537574
0.47464 0.204318 0.217847
0.494519 0.197077 0.76623
0.649371 0.197023 0.0589201
0.267605 0.116151 0.565819
0.469223 0.339871 0.149306
0.341605 0.110617 0.577448
0.472353 0.354747 0.138818
0.447039 0.0836262 0.575918
0.701022 0.117846 0.463784
0.450388 0.200413 0.539287
0.268065 0.121507 0.554142
0.441012 0.146589 0.669651
0.836846 0.138478 0.452978
0.437737 0.178415 0.118108
0.441012 0.170356 0.726075
0.515635 0.0954215 0.636976
0.444861 0.0919499 0.414557
0.450567 0.0815825 0.563395
0.500145 0.085343 0.716207
0.411011 0.127185 0.579052
0.512518 0.18985 0.0860197
0.63092 0.0990367 0.570573
0.502846 0.195433 0.288464
0.539066 0.107214 0.573153
0.445268 0.197172 0.306715
0.46541 0.0423342 0.866441
0.527983 0.172229 0.435942
0.877444 0.140115 0.433711
0.516144 0.186072 0.519627
0.784149 0.136297 0.440271
0.443976 0.196787 0.438144
0.37281 0.123619 0.474712
0.697286 0.133326 0.482346
0.522567 0.149427 0.834437
0.241102 0.118037 0.465298
0.420108 0.133763 0.805403
0.315834 0.13104 0.52621
0.656594 0.128779 0.501328
0.441012 0.169977 0.296754
0.3692 0.0409486 0.564177
0.438291 0.193875 0.351741
0.479177 0.20242 0.790336
0.272908 0.115083 0.63987
0.459072 0.172633 0.0883638
0.610313 0.183026 0.0964415
0.423984 0.104039 0.695932
0.282235 0.12004 0.514167
0.581825 0.0356718 0.555223
0.254603 0.0976848 0.584916
0.543832 0.127743 0.584058
0.543192 0.12771 0.616694
0.425705 0.0995819 0.50793
0.441012 0.167416 0.394277
0.503739 0.0870458 0.586906
0.62135 0.130912 0.554583
0.607906 0.11098 0.530008
0.661786 0.106764 0.641142
0.305787 0.131397 0.542453
0.466221 0.203371 0.638373
0.652605 0.113726 0.633956
0.527301 0.114248 0.625456
0.446028 0.111882 0.278161
0.373888 0.193715 0.0722174
0.496913 0.193208 0.812749
0.652972 0.108271 0.632402
0.625793 0.0765576 0.617847
0.643866 0.0513006 0.622166
0.446014 0.18139 0.149869
0.601766 0.182579 0.088052
0.456594 0.14724 0.160704
0.73385 0.119991 0.527351
0.573166 0.0439104 0.566611
0.626821 0.0699268 0.643933
0.280333 0.0978688 0.556178
0.448749 0.194505 0.832819
0.410849 0.127712 0.575902
0.267443 0.120848 0.500034
0.444299 0.153046 0.919757
0.467076 0.142762 0.957411
0.487097 0.138798 0.182534
0.450439 0.200416 0.488168
0.286938 0.114675 0.490381
0.282243 0.132152 0.5179
0.499406 0.191355 0.174461
0.534866 0.130356 0.51669
0.441012 0.148011 0.762972
0.885055 0.131161 0.39738
0.569863 0.108504 0.59532
0.474632 0.204956 0.291268
0.498429 0.102771 0.321286
0.2446 0.0796152 0.596918
0.51826 0.0985425 0.568982
0.601777 0.122098 0.60737
0.508942 0.192027 0.490322
0.59901 0.13008 0.485887
0.769153 0.122493 0.488038
0.788745 0.136619 0.484942
0.52328 0.177844 0.331575
0.465243 0.232017 0.183587
0.463123 0.186026 0.887191
0.504623 0.18698 0.212694
0.381381 0.109601 0.47821
0.575733 0.123403 0.474304
0.25343 0.100175 0.572385
0.747291 0.127596 0.433356
0.534866 0.15201 0.371512
0.58585 0.0505083 0.549202
0.416639 0.113486 0.472474
0.297163 0.0893368 0.566351
0.267352 0.114647 0.461872
0.562795 0.10818 0.560325
0.503851 0.138422 0.537036
0.525508 0.14841 0.794225
0.468512 0.305111 0.0828264
0.26472 0.0598673 0.600015
0.23238 0.118534 0.50597
0.528652 0.118108 0.585717
0.417097 0.151506 0.308228
0.445839 0.0880626 0.45592
0.0352906 0.131996 0.421388
0.563764 0.108218 0.517803
0.658195 0.120062 0.518071
0.642925 0.111886 0.487269
0.471299 0.0879329 0.905127
0.271218 0.0979413 0.48076
0.838228 0.138439 0.423506
0.482103 0.0793706 0.59716
0.551373 0.179938 0.0886564
0.803175 0.132501 0.417819
0.281211 0.122955 0.584741
0.506233 0.189836 0.723004
0.503851 0.174965 0.757855
0.456551 0.200599 0.16113
0.784183 0.123471 0.49058
0.672655 0.0998419 0.58032
0.359852 0.188991 0.127909
0.655118 0.132006 0.533845
0.420573 0.145281 0.284852
0.623597 0.0977375 0.61758
0.802218 0.137047 0.452381
0.2456 0.0674226 0.638445
0.490349 0.188688 0.0965567
0.263942 0.106384 0.60424
0.409997 0.144474 0.432356
0.466473 0.245885 0.218058
0.413712 0.119843 0.569924
0.441012 0.169904 0.279136
0.276512 0.132346 0.516135
0.431909 0.0946652 0.701911
0.58551 0.129759 0.5122
0.507654 0.180422 0.198278
0.438778 0.193927 0.433459
0.444943 0.0860121 0.721965
0.765778 0.13499 0.512231
0.439636 0.174253 0.171561
0.528714 0.128276 0.342264
0.467425 0.086793 0.404052
0.471224 0.0778437 0.6711
0.411125 0.155175 0.606518
0.292045 0.131928 0.556862
0.506115 0.193712 0.581406
0.27748 0.115315 0.513447
0.485446 0.196143 0.0860311
0.425986 0.190981 0.155232
0.419455 0.175059 0.572819
0.356656 0.194619 0.0889065
0.653098 0.104964 0.623426
0.518305 0.0988461 0.493018
0.273801 0.0583085 0.569427
0.534866 0.145103 0.503192
0.467575 0.231854 0.27427
0.441012 0.143688 0.53453
0.517727 0.110752 0.829942
0.364936 0.0354318 0.565627
0.651831 0.100386 0.545577
0.486958 0.0802264 0.58566
0.260508 0.054357 0.627256
0.496918 0.0836626 0.743924
0.503851 0.13943 0.415279
0.414345 0.163997 0.526768
0.423806 0.144801 0.844726
0.422793 0.18088 0.355112
0.503851 0.172133 0.487642
0.472944 0.175434 0.911951
0.478126 0.344229 0.128562
0.455292 0.199858 0.158227
0.477735 0.257948 0.159577
0.217308 0.120138 0.459204
0.502309 0.178902 0.0797504
0.80636 0.125101 0.430126
0.578435 0.0526718 0.540488
0.420334 0.129081 0.317765
0.465595 0.40603 0.0771539
0.43813 0.121704 0.919089
0.658221 0.132116 0.534853
0.422445 0.139771 0.285369
0.431513 0.0964605 0.722359
0.589118 0.0280511 0.545462
0.477675 0.288641 0.13608
0.5311 0.148142 0.330646
0.244688 0.090838 0.604857
0.437578 0.103819 0.882739
0.48235 0.0793303 0.671198
0.467814 0.21543 0.32102
0.223005 0.134104 0.489924
0.473569 0.208249 0.240822
0.473736 0.245793 0.231948
0.516335 0.185009 0.670571
0.219467 0.119513 0.477294
0.501588 0.0928908 0.411576
0.515924 0.0986201 0.460325
0.480255 0.148867 0.145139
0.542583 0.119743 0.640367
0.441012 0.153976 0.375901
0.642198 0.10265 0.486916
0.189104 0.121571 0.515467
0.294092 0.0661537 0.61629
0.441012 0.181686 0.464467
0.619808 0.0874854 0.642889
0.28452 0.0914774 0.54481
0.510521 0.0992306 0.390535
0.258376 0.116561 0.547597
0.51482 0.189971 0.105643
0.3591 0.0299747 0.553394
0.46487 0.349408 0.133007
0.413582 0.126617 0.387088
0.441012 0.175175 0.453896
0.505664 0.088205 0.666929
0.447875 0.197197 0.743846
0.552625 0.107765 0.522563
0.411233 0.129784 0.441342
0.512729 0.100487 0.812615
0.647635 0.104359 0.617915
0.48461 0.0798125 0.613075
0.494077 0.186551 0.119282
0.522901 0.190394 0.112109
0.615934 0.19527 0.0590006
0.679459 0.132933 0.554153
0.42043 0.178161 0.381421
0.297243 0.0860893 0.55821
0.510162 0.12731 0.902505
0.474397 0.0520738 0.860592
0.592506 0.130004 0.555815
0.35596 0.109577 0.555798
0.497448 0.19519 0.726732
0.412192 0.158106 0.605073
0.29836 0.0648328 0.647865
0.0927039 0.139008 0.432933
0.409997 0.150872 0.35729
0.422578 0.103346 0.598988
0.126001 0.132004 0.410766
0.416025 0.113492 0.627378
0.577588 0.19326 0.114667
0.664207 0.0908345 0.547025
0.703756 0.119676 0.458354
0.526339 0.111478 0.571627
0.286162 0.0719357 0.556101
0.503851 0.156358 0.781184
0.26555 0.132868 0.555457
0.476481 0.242207 0.122644
0.300739 0.0876888 0.644141
0.531165 0.106892 0.540008
0.366081 0.182175 0.110445
0.409997 0.147854 0.4282
0.39789 0.107272 0.588653
0.265002 0.0605261 0.58342
0.250245 0.07152 0.623391
0.441012 0.142937 0.660168
0.659705 0.114744 0.514605
0.424919 0.100557 0.593632
0.677367 0.0637917 0.629646
0.483258 0.122508 0.972162
0.46487 0.279816 0.173559
0.495043 0.199583 0.66845
0.642907 0.110731 0.515218
0.222408 0.119454 0.450201
0.431858 0.0984966 0.421239
0.286103 0.0823673 0.53763
0.484324 0.082979 0.461626
0.410911 0.127178 0.487408
0.285271 0.11764 0.469114
0.423187 0.169327 0.768231
0.66078 0.105798 0.479229
0.26725 0.0944586 0.541951
0.468931 0.0907355 0.353362
0.548043 0.107579 0.541546
0.428808 0.180525 0.270321
0.441012 0.144419 0.338982
0.669734 0.0557057 0.619857
0.421866 0.179362 0.406982
0.441012 0.142463 0.374515
0.296476 0.113917 0.538688
0.527533 0.109908 0.612464
0.521772 0.108891 0.408922
0.543555 0.127736 0.490794
0.732939 0.134462 0.460487
0.429637 0.17884 0.0960041
0.428029 0.185363 0.49093
0.272467 0.105816 0.557729
0.705625 0.133672 0.510133
0.534866 0.144254 0.473769
0.453938 0.201103 0.460979
0.432569 0.190354 0.461117
0.300194 0.0656563 0.599822
0.501407 0.122419 0.943965
0.452913 0.197285 0.142322
0.657467 0.123065 0.546441
0.469149 0.412431 0.0648989
0.8142 0.137442 0.420659
0.287944 0.114568 0.511824
0.492651 0.0812261 0.575516
0.271799 0.12981 0.503957
0.380876 0.128766 0.540841
0.524066 0.106736 0.613683
0.470608 0.205871 0.0974775
0.165173 0.123158 0.499998
0.649354 0.128399 0.500977
0.534866 0.134047 0.617067
0.46876 0.20543 0.110199
0.293346 0.10815 0.645546
0.464138 0.0361914 0.879543
0.245366 0.11758 0.520737
0.474481 0.0808889 0.466279
0.503851 0.142792 0.478814
0.484875 0.0921143 0.353633
0.516193 0.104106 0.387809
0.412368 0.158591 0.596052
0.417152 0.157257 0.737408
0.465693 0.0788188 0.514079
0.503851 0.144587 0.561771
0.481124 0.202624 0.42159
0.518418 0.17821 0.0851222
0.507064 0.0889336 0.519609
0.501592 0.191031 0.200965
0.651377 0.106268 0.571659
0.443006 0.0882543 0.786161
0.530844 0.137308 0.71716
0.359467 0.033457 0.543878
0.46651 0.216073 0.216371
0.388934 0.180976 0.113736
0.467411 0.23734 0.257619
0.502003 0.108609 0.302791
0.633522 0.13114 0.480224
0.419238 0.114033 0.712165
0.482304 0.105826 0.953205
0.400575 0.107127 0.481723
0.529166 0.147892 0.741057
0.475796 0.405121 0.0664854
0.361259 0.109212 0.529473
0.130965 0.125461 0.478779
0.441012 0.141181 0.826427
0.409997 0.137372 0.533286
0.442669 0.189452 0.175062
0.495879 0.180666 0.126606
0.369369 0.129355 0.502205
0.261085 0.103475 0.582282
0.510193 0.0959276 0.802559
0.586851 0.0506811 0.564708
0.5033 0.087837 0.75516
0.568253 0.129024 0.52076
0.528585 0.134548 0.749879
0.498218 0.194625 0.720324
0.417586 0.11199 0.458024
0.441012 0.152642 0.260125
0.832513 0.138331 0.464624
0.303304 0.191484 0.0923098
0.256109 0.133061 0.52416
0.528426 0.122426 0.520213
0.503851 0.143427 0.221216
0.513784 0.188996 0.479369
0.64029 0.0655412 0.557489
0.403427 0.127583 0.517511
0.262192 0.0833225 0.540142
0.552707 0.128209 0.595904
0.66538 0.106999 0.583885
0.439727 0.194704 0.387867
0.52527 0.108109 0.681362
0.441012 0.180477 0.312476
0.635278 0.184335 0.046483
0.534783 0.151342 0.652071
0.468403 0.128933 0.203452
0.736982 0.132705 0.441374
0.448303 0.0828998 0.593039
0.467092 0.20251 0.822247
0.456292 0.0804845 0.530161
0.0862085 0.132715 0.399976
0.609583 0.194938 0.0883502
0.490237 0.108215 0.273905
0.436612 0.147281 0.212341
0.400715 0.191089 0.0708048
0.46487 0.363803 0.124028
0.459576 0.0799318 0.654978
0.521593 0.109739 0.390643
0.579896 0.193382 0.0728751
0.461034 0.0796511 0.536266
0.476377 0.0774107 0.789557
0.464834 0.150327 0.944035
0.406967 0.180029 0.0757846
0.447072 0.19848 0.432972
0.517345 0.108806 0.82709
0.441012 0.139197 0.417774
0.504628 0.190753 0.236651
0.355271 0.129843 0.572398
0.364697 0.194197 0.121188
0.414453 0.120415 0.459258
0.441012 0.170119 0.239959
0.513967 0.100813 0.401034
0.411797 0.133316 0.685687
0.614466 0.130662 0.525282
0.569263 0.108487 0.603615
0.474786 0.0553416 0.862239
0.519143 0.143381 0.263906
0.648902 0.113172 0.604072
0.50434 0.120236 0.263239
0.499116 0.178054 0.137655
0.478126 0.380509 0.114266
0.471006 0.204187 0.329345
0.503851 0.155748 0.343415
0.440513 0.186816 0.192047
0.439993 0.0898937 0.776247
0.429411 0.132073 0.26602
0.449085 0.198146 0.732107
0.100225 0.127487 0.44834
0.409997 0.132453 0.505643
0.534866 0.139989 0.475489
0.663882 0.127693 0.57099
0.295588 0.059651 0.629453
0.597997 0.11034 0.481809
0.612938 0.183164 0.0619174
0.683631 0.124897 0.452292
0.702608 0.117754 0.538318
0.416076 0.113352 0.583389
0.660212 0.111511 0.610866
0.473752 0.205317 0.164604
0.413253 0.1797 0.101586
0.478007 0.204175 0.187107
0.441012 0.172637 0.648501
 0.576 0.193177 0.0974177
0.0975523 0.127751 0.421356
0.389908 0.127896 0.479265
0.53012 0.120955 0.684311
0.280551 0.132068 0.46527
0.458859 0.106101 0.950798
0.441012 0.144488 0.490793
0.630415 0.18408 0.0569595
0.477309 0.303727 0.116363
0.522091 0.190352 0.150496
0.503851 0.140037 0.794874
0.573183 0.115612 0.621063
0.460709 0.20231 0.468939
0.581328 0.127375 0.477459
0.503851 0.149217 0.671505
0.441012 0.151138 0.461146
0.506518 0.1753 0.867262
0.525599 0.110451 0.630769
0.281521 0.111088 0.574545
0.208575 0.120215 0.501744
0.677599 0.13266 0.481637
0.531061 0.119932 0.490167
0.480743 0.0791209 0.562878
0.499628 0.195326 0.695176
0.487499 0.115502 0.249933
0.473715 0.213147 0.233068
0.534866 0.142562 0.590779
0.422389 0.108579 0.573406
0.428245 0.185522 0.548119
0.372033 0.12878 0.613578
0.413383 0.135448 0.708531
0.622811 0.0810345 0.57826
0.462446 0.0790891 0.762154
0.441012 0.173647 0.524997
0.357486 0.129736 0.545501
0.465575 0.286152 0.114381
0.678405 0.120332 0.457537
0.473495 0.231635 0.244708
0.441012 0.167507 0.646979
0.495253 0.179751 0.123545
0.522973 0.112036 0.378186
0.196196 0.12796 0.528783
0.620935 0.116908 0.474715
0.441012 0.141116 0.361198
0.469761 0.205427 0.273241
0.604075 0.183137 0.109378
0.42122 0.177168 0.611255
0.519224 0.104309 0.743103
0.591092 0.182019 0.0679172
0.517124 0.103207 0.416232
0.466928 0.0900185 0.363397
0.818741 0.137728 0.452343
0.197619 0.134793 0.445069
0.449056 0.181158 0.890789
0.281025 0.0787627 0.534629
0.267491 0.104667 0.593435
0.424654 0.179102 0.148467
0.823156 0.126118 0.446172
0.497713 0.0837577 0.688797
0.661233 0.197645 0.0544939
0.796728 0.135853 0.424192
0.460434 0.117813 0.241339
0.206233 0.134759 0.509505
0.599085 0.110269 0.585279
0.452869 0.201451 0.318559
0.281288 0.124409 0.570913
0.493857 0.0922237 0.367646
0.468971 0.0782758 0.652518
0.219215 0.134094 0.453478
0.650169 0.185115 0.0785922
0.473911 0.0552185 0.868682
0.526742 0.108658 0.640141
0.389047 0.107687 0.545276
0.503851 0.140315 0.619733
0.266242 0.114364 0.512929
0.528334 0.179975 0.0726538
0.503851 0.158439 0.444481
0.471896 0.0807447 0.465178
0.559514 0.108045 0.503642
0.683448 0.0845927 0.633226
0.222315 0.13412 0.486667
0.441012 0.153273 0.608572
0.660935 0.110897 0.603764
0.523821 0.122244 0.789724
0.509133 0.101576 0.856411
0.521419 0.178368 0.0904178
0.0711112 0.129906 0.452952
0.298768 0.100984 0.646724
0.46505 0.295285 0.137033
0.441012 0.168141 0.632174
0.626064 0.131069 0.572496
0.441012 0.158479 0.328723
0.419224 0.179386 0.0845576
0.467375 0.20342 0.694642
0.064849 0.129848 0.407332
0.490195 0.0812423 0.491798
0.489235 0.201541 0.339341
0.43361 0.10797 0.872587
0.655634 0.0558325 0.625421
0.307376 0.113128 0.547789
0.465013 0.267154 0.159485
0.334535 0.13049 0.574621
0.46593 0.0844149 0.437088
0.51484 0.1879 0.45609
0.235154 0.133527 0.454218
0.427748 0.186218 0.363254
0.50135 0.196498 0.37823
0.486163 0.202156 0.180413
0.581172 0.114474 0.615743
0.0796437 0.128829 0.434049
0.439236 0.0908585 0.804261
0.33287 0.130541 0.566283
0.44665 0.190817 0.154769
0.147917 0.12448 0.439096
0.489049 0.201609 0.337652
0.485087 0.202224 0.562394
0.443775 0.178098 0.128995
0.527133 0.120526 0.732798
0.441012 0.14351 0.747997
0.265325 0.112357 0.605002
0.472144 0.0957225 0.323129
0.503851 0.165324 0.542501
0.503388 0.195243 0.456807
0.346251 0.13008 0.535857
0.0944753 0.127907 0.431569
0.0286449 0.134175 0.40618
0.273347 0.0988831 0.498936
0.503851 0.14462 0.377686
0.465556 0.204037 0.0918058
0.32299 0.128789 0.475838
0.273734 0.11545 0.552462
0.453244 0.198498 0.823942
0.451901 0.198536 0.209302
0.183746 0.121924 0.504172
0.503851 0.170511 0.563417
0.515136 0.123732 0.868863
0.404297 0.127537 0.614048
0.539413 0.107228 0.516086
0.516806 0.150717 0.861968
0.533971 0.130158 0.448661
0.68057 0.0673154 0.640058
0.46529 0.249591 0.14182
0.514058 0.0959254 0.46731
0.503851 0.162114 0.451831
0.661936 0.185732 0.0658925
0.585716 0.0352589 0.550983
0.575547 0.193154 0.0735577
0.507685 0.177648 0.153536
0.47675 0.376146 0.0818926
0.408035 0.106786 0.591536
0.666014 0.0537327 0.619926
0.441012 0.148128 0.699692
0.497615 0.0976034 0.343636
0.36147 0.129643 0.565386
0.46487 0.34771 0.131285
0.297552 0.0901432 0.584705
0.495192 0.199699 0.281397
0.837234 0.126974 0.470091
0.33045 0.184044 0.0924626
0.506043 0.193745 0.564036
0.411245 0.15826 0.376911
0.462842 0.0847788 0.438758
0.499373 0.19585 0.238351
0.155565 0.136542 0.470759
0.186664 0.131315 0.519836
0.490896 0.189673 0.103837
0.417515 0.172735 0.653978
0.503851 0.1678 0.508918
0.465101 0.078327 0.787314
0.422198 0.178332 0.634268
0.266919 0.106822 0.600811
0.466494 0.0787125 0.623243
0.644103 0.126867 0.502315
0.606383 0.110803 0.589369
0.415754 0.106416 0.605443
0.418993 0.107619 0.656827
0.650199 0.117671 0.474201
0.352136 0.182906 0.0944458
0.289726 0.109062 0.595394
0.524355 0.153106 0.285295
0.261295 0.116535 0.479286
0.710683 0.121297 0.469515
0.476655 0.0577443 0.86518
0.477093 0.227941 0.185593
0.467754 0.0779247 0.763417
0.477621 0.301107 0.128696
0.480951 0.147659 0.948377
0.476573 0.0773255 0.830731
0.409997 0.151706 0.434883
0.462758 0.202487 0.72166
0.369539 0.104864 0.549897
0.503851 0.142159 0.306049
0.411045 0.127134 0.502056
0.49765 0.12105 0.249358
0.503851 0.162992 0.672733
0.437915 0.192901 0.288461
0.549347 0.179831 0.0821102
0.429098 0.15543 0.862506
0.464204 0.203001 0.55459
0.245477 0.0947094 0.615145
0.451562 0.198527 0.217439
0.503851 0.158768 0.83397
0.215249 0.134198 0.448999
0.635655 0.0631839 0.582552
0.441012 0.146478 0.286086
0.475656 0.220041 0.206739
0.477421 0.27846 0.131406
0.375598 0.193625 0.103022
0.667865 0.115268 0.537785
0.379598 0.181465 0.0800016
0.441012 0.152546 0.522171
0.503851 0.180887 0.427217
0.425551 0.10184 0.690867
0.522145 0.178559 0.664674
0.520527 0.175698 0.292962
0.677197 0.0882841 0.644618
0.527109 0.11312 0.555774
0.429522 0.184724 0.0748819
0.477517 0.220965 0.164952
0.463744 0.0826577 0.87637
