0.507618 0.189593 0.108657
0.476348 0.106488 0.957592
0.312032 0.112877 0.493768
0.411991 0.157556 0.6249
0.503851 0.161746 0.310634
0.678718 0.187836 0.0614859
0.247984 0.0654353 0.621912
0.281856 0.109748 0.5804
0.429217 0.119918 0.857067
0.452748 0.176844 0.107003
0.292894 0.1318 0.521965
0.452073 0.187514 0.111573
0.348785 0.110131 0.521507
0.420916 0.106166 0.580433
0.441012 0.147208 0.721131
0.530908 0.11933 0.493524
0.676953 0.0865166 0.624847
0.319794 0.112393 0.483851
0.534453 0.128918 0.579174
0.268395 0.102291 0.553254
0.477273 0.214981 0.15314
0.319809 0.112242 0.545761
0.579697 0.108897 0.578029
0.478059 0.158794 0.107987
0.531725 0.107981 0.635749
0.441012 0.167113 0.813642
0.429954 0.128216 0.273813
0.448621 0.153557 0.161759
0.252101 0.089293 0.561169
0.300173 0.131618 0.550405
0.789242 0.123869 0.468366
0.5151 0.123968 0.869296
0.534866 0.142772 0.388774
0.606179 0.124655 0.473919
0.422035 0.125395 0.816542
0.303767 0.113497 0.485967
0.567791 0.188769 0.136337
0.438466 0.108004 0.899624
0.108501 0.127059 0.41989
0.527573 0.158221 0.309826
0.382782 0.128666 0.584773
0.303142 0.0804853 0.582646
0.519418 0.163223 0.254177
0.336676 0.130393 0.541655
0.475781 0.278839 0.096707
0.647538 0.0515905 0.601104
0.451981 0.193315 0.122316
0.151298 0.136718 0.472927
0.4084 0.127322 0.586942
0.478126 0.362831 0.125238
0.425702 0.160969 0.835713
0.583125 0.193551 0.0956469
0.451328 0.0813742 0.559974
0.658097 0.107559 0.612017
0.466127 0.240053 0.104451
0.528193 0.121619 0.493751
0.300329 0.0844127 0.567278
0.504369 0.089719 0.799973
0.675002 0.115965 0.468293
0.290607 0.0633857 0.609581
0.301931 0.0876244 0.581272
0.481172 0.202557 0.702163
0.112416 0.126799 0.422982
0.631475 0.193722 0.0422766
0.29682 0.131678 0.528881
0.477937 0.0282382 0.877202
0.653055 0.114701 0.478811
0.409997 0.139424 0.571096
0.257798 0.11668 0.531337
0.658432 0.118753 0.49377
0.506951 0.0889008 0.645506
0.651785 0.110882 0.635207
0.419714 0.12427 0.773767
0.633512 0.112881 0.500211
0.54745 0.116487 0.63823
0.384201 0.10792 0.491643
0.378738 0.10818 0.496137
0.639013 0.113189 0.575869
0.315653 0.192248 0.0437912
0.52326 0.107826 0.713782
0.588216 0.183833 0.121277
0.284996 0.104901 0.585389
0.421497 0.110557 0.510395
0.431365 0.102298 0.372267
0.44651 0.0866595 0.466976
0.461796 0.0993206 0.940817
0.282488 0.116656 0.495711
0.441378 0.188565 0.835681
0.466553 0.149375 0.946078
0.528779 0.168904 0.612736
0.491616 0.0812077 0.494904
0.453692 0.177456 0.902387
0.535873 0.179125 0.0943575
0.534866 0.136974 0.591212
0.516207 0.175017 0.797098
0.646672 0.113721 0.574035
0.150986 0.136038 0.424696
0.441012 0.158975 0.643113
0.442462 0.196071 0.412109
0.471311 0.0392452 0.878257
0.43401 0.109505 0.877762
0.441012 0.177143 0.811818
0.508918 0.172281 0.192036
0.441012 0.147776 0.486189
0.645916 0.0816884 0.525624
0.534866 0.144005 0.573428
0.263325 0.0550598 0.597871
0.437745 0.19178 0.714664
0.521765 0.102687 0.504245
0.436473 0.192887 0.34694
0.588969 0.113159 0.609973
0.63145 0.101643 0.581266
0.50198 0.177349 0.147839
0.449666 0.0841642 0.832553
0.480101 0.202725 0.403163
0.38495 0.193134 0.0965162
0.500035 0.0885163 0.455492
0.380236 0.112291 0.475932
0.214397 0.129393 0.535692
0.626699 0.183885 0.0517763
0.284118 0.123998 0.57559
0.441012 0.144217 0.806578
0.550369 0.128086 0.548724
0.42482 0.102398 0.475868
0.671458 0.0571138 0.632511
0.774168 0.13602 0.475591
0.25158 0.0688468 0.632752
0.460343 0.0797812 0.664766
0.620155 0.0781709 0.604138
0.532587 0.158326 0.561731
0.248707 0.0812622 0.61072
0.667189 0.0638246 0.569059
0.584771 0.112534 0.476643
0.422373 0.103591 0.601933
0.435805 0.178516 0.109706
0.415264 0.167149 0.479413
0.503851 0.181403 0.54625
0.383068 0.128651 0.544442
0.202964 0.128391 0.531706
0.277578 0.100763 0.535201
0.470686 0.184704 0.0793997
0.28094 0.0595631 0.585563
0.474455 0.0542901 0.872183
0.64442 0.0527581 0.596622
0.453529 0.102702 0.302019
0.503851 0.165585 0.815833
0.544022 0.107417 0.576525
0.501553 0.196376 0.40723
0.460374 0.0996715 0.940123
0.412428 0.152864 0.339619
0.522466 0.177538 0.623812
0.75917 0.121996 0.441338
0.416584 0.170599 0.480367
0.430553 0.188289 0.592053
0.418783 0.107869 0.597059
0.505523 0.0883901 0.70734
0.20061 0.122505 0.523853
0.448125 0.143587 0.938684
0.506436 0.141543 0.920809
0.260917 0.108698 0.582877
0.458018 0.201081 0.761669
0.503851 0.164094 0.652954
0.43319 0.0933629 0.711742
0.854497 0.136621 0.468091
0.503851 0.137357 0.538513
0.668454 0.0634796 0.565111
0.630229 0.13114 0.50339
0.534866 0.130507 0.579433
0.25091 0.0623426 0.617965
0.512287 0.158321 0.212262
0.473505 0.204094 0.691132
0.425137 0.174328 0.758931
0.37146 0.181892 0.0789277
0.677453 0.0998669 0.613363
0.0321101 0.132789 0.419692
0.503851 0.143437 0.242834
0.437756 0.193659 0.373651
0.585286 0.041747 0.551403
0.466501 0.247214 0.21857
0.351668 0.129827 0.481271
0.594249 0.194134 0.108778
0.477457 0.372354 0.0913511
0.264872 0.132719 0.506442
0.522749 0.153984 0.274642
0.46566 0.394312 0.0774612
0.280754 0.114236 0.63166
0.519893 0.179306 0.688823
0.465085 0.242303 0.167849
0.497065 0.100182 0.330059
0.443099 0.0958981 0.37387
0.517233 0.184806 0.592248
0.290629 0.131892 0.530439
0.417767 0.179463 0.0860181
0.53253 0.127151 0.619218
0.471562 0.17921 0.904948
0.409997 0.14675 0.359768
0.485995 0.202994 0.257984
0.684737 0.118663 0.457567
0.422207 0.19118 0.114164
0.283993 0.116079 0.462038
0.534866 0.142891 0.456967
0.525366 0.106983 0.513052
0.435663 0.101854 0.858804
0.50067 0.0918015 0.865099
0.503851 0.181172 0.367957
0.0924488 0.139068 0.448311
0.301808 0.197496 0.0651068
0.470761 0.203579 0.35512
0.415456 0.121701 0.3897
0.273596 0.105146 0.607228
0.482998 0.202563 0.502042
0.495192 0.19967 0.279314
0.602607 0.129468 0.59944
0.272878 0.109912 0.442299
0.50022 0.15463 0.170545
0.444645 0.0861009 0.71753
0.434826 0.106463 0.332174
0.154837 0.136595 0.478262
0.531475 0.178895 0.119002
0.468949 0.233272 0.097855
0.681261 0.0718178 0.630319
0.534555 0.154697 0.446272
0.412869 0.122166 0.633768
0.63105 0.0571136 0.639403
0.492073 0.200782 0.685195
0.324395 0.130808 0.580645
0.264518 0.105912 0.59377
0.661268 0.0907016 0.545234
0.472883 0.231619 0.277857
0.508987 0.138627 0.229951
0.393018 0.128129 0.567946
0.456582 0.102198 0.30186
0.29472 0.0716773 0.557492
0.450867 0.0833493 0.476161
0.441012 0.165153 0.445755
0.465471 0.240586 0.135077
0.35377 0.129845 0.524863
0.443629 0.10588 0.311879
0.574028 0.193074 0.110601
0.387524 0.192999 0.10167
0.451735 0.0968692 0.912744
0.267665 0.0842694 0.531616
0.433877 0.167586 0.205413
0.417947 0.179453 0.133275
0.33001 0.184067 0.0949193
0.648714 0.19504 0.0814312
0.477661 0.236425 0.167086
0.441725 0.0892928 0.79888
0.440633 0.178099 0.865614
0.480216 0.203056 0.66404
0.490846 0.199741 0.805716
0.0715676 0.132561 0.457969
0.529879 0.127012 0.526277
0.475362 0.0781002 0.670969
0.477977 0.347298 0.115725
0.525537 0.171507 0.694076
0.441012 0.177551 0.741941
0.29191 0.0567146 0.619021
0.278259 0.117681 0.472545
0.525173 0.109424 0.627034
0.523978 0.14494 0.816464
0.510815 0.0922683 0.482925
0.653687 0.131979 0.547014
0.690465 0.133189 0.522058
0.463465 0.202656 0.440315
0.455194 0.201765 0.321383
0.660331 0.104109 0.529737
0.677037 0.0869277 0.629894
0.441012 0.136984 0.814277
0.468786 0.144956 0.154557
0.47578 0.219506 0.110544
0.263695 0.192386 0.042266
0.282199 0.107127 0.547795
0.500471 0.196972 0.591314
0.138171 0.137243 0.474484
0.623566 0.0692034 0.599846
0.41564 0.15881 0.322757
0.474279 0.19562 0.862479
0.494346 0.081622 0.613068
0.465412 0.264418 0.12889
0.65189 0.117671 0.482159
0.513943 0.172075 0.224121
0.441012 0.170705 0.57673
0.468372 0.042474 0.871922
0.453975 0.0807853 0.821629
0.651756 0.196818 0.0778085
0.465464 0.346137 0.0943399
0.528303 0.171983 0.352424
0.409997 0.137827 0.566834
0.259687 0.132974 0.537686
0.412669 0.125789 0.676528
0.577023 0.10879 0.583199
0.64812 0.127434 0.555994
0.38606 0.128494 0.536535
0.102987 0.13863 0.448657
0.441012 0.144926 0.770996
0.417871 0.173755 0.466375
0.289202 0.061118 0.627751
0.298901 0.0953869 0.639317
0.412383 0.191696 0.0897652
0.29923 0.0936574 0.638387
0.636628 0.131265 0.483039
0.44624 0.19804 0.58584
0.42488 0.105974 0.741815
0.380998 0.10809 0.617036
0.428476 0.11698 0.31674
0.254005 0.100435 0.570872
0.297851 0.113761 0.564956
0.118183 0.137944 0.431094
0.477537 0.259312 0.14697
0.503851 0.139726 0.265632
0.476337 0.261872 0.11365
0.502068 0.165085 0.160933
0.6237 0.130967 0.54091
0.655614 0.107109 0.618087
0.47577 0.0779954 0.695076
0.559181 0.128548 0.579286
0.70449 0.117997 0.483496
0.47733 0.226059 0.178392
0.499635 0.190075 0.164587
0.437695 0.0890027 0.536203
0.240935 0.125692 0.445239
0.46602 0.406018 0.0677848
0.566877 0.108345 0.518983
0.457848 0.0802363 0.633942
0.441012 0.163072 0.627366
0.443525 0.120753 0.944039
0.203951 0.134844 0.519487
0.803002 0.125909 0.418185
0.327767 0.118859 0.597195
0.312692 0.112815 0.497269
0.503851 0.147328 0.404893
0.421623 0.104485 0.600168
0.520773 0.108617 0.767479
0.097081 0.129774 0.469511
0.163499 0.123461 0.438928
0.48824 0.080385 0.668963
0.409997 0.14133 0.4701
0.441012 0.159884 0.584139
0.542343 0.107356 0.487299
0.144344 0.136939 0.456303
0.477751 0.29301 0.136909
0.770149 0.122675 0.449527
0.350226 0.110025 0.516486
0.427825 0.0970512 0.497569
0.271665 0.107218 0.590027
0.262376 0.193191 0.0649455
0.526555 0.143033 0.779006
0.429441 0.148795 0.875698
0.508445 0.181535 0.844057
0.281966 0.189522 0.0357061
0.528688 0.117428 0.56904
0.524542 0.11006 0.711936
0.506898 0.0981374 0.37785
0.441012 0.136691 0.443293
0.495515 0.0914562 0.38801
0.828132 0.12643 0.447734
0.467712 0.210767 0.300189
0.658358 0.119162 0.506169
0.477184 0.215952 0.169707
0.257834 0.132811 0.465621
0.521632 0.175818 0.706486
0.552002 0.118827 0.471614
0.503851 0.152376 0.67359
0.447188 0.183923 0.872664
0.409997 0.147026 0.519644
0.516015 0.113494 0.84944
0.477933 0.0250382 0.866646
0.501863 0.196144 0.535711
0.451528 0.200673 0.458054
0.633975 0.0653053 0.560464
0.503851 0.144027 0.495144
0.644783 0.114831 0.594674
0.497639 0.0835089 0.554441
0.578556 0.03902 0.540626
0.441012 0.152706 0.342224
0.47672 0.24827 0.125877
0.430383 0.182529 0.750404
0.454466 0.201188 0.684673
0.509654 0.0918756 0.479589
0.56471 0.128838 0.533796
0.213952 0.116729 0.430244
0.420046 0.112839 0.402806
0.249141 0.0872297 0.607916
0.296815 0.115635 0.57515
0.705886 0.118099 0.482441
0.508211 0.192578 0.459609
0.287962 0.111869 0.638939
0.83306 0.126816 0.426045
0.568795 0.10843 0.561855
0.504833 0.185781 0.803755
0.298806 0.0770138 0.603322
0.630256 0.0976341 0.62845
0.269436 0.129934 0.482024
0.674742 0.0875501 0.587297
0.493301 0.172674 0.910352
0.657115 0.055717 0.639255
0.529671 0.117807 0.462961
0.616996 0.130736 0.519525
0.418273 0.191386 0.12122
0.435334 0.0947552 0.788355
0.447009 0.120065 0.951489
0.441012 0.150582 0.554454
0.62648 0.0867849 0.605218
0.465471 0.204391 0.273282
0.497442 0.0834094 0.6307
0.650307 0.128449 0.48563
0.362707 0.109133 0.497265
0.50898 0.0922038 0.760706
0.354216 0.194747 0.0992679
0.293771 0.126835 0.464538
0.456867 0.192543 0.0942077
0.419844 0.114516 0.495686
0.475163 0.0554076 0.873829
0.648251 0.128341 0.533089
0.430203 0.18887 0.359995
0.691674 0.117072 0.488511
0.308365 0.113042 0.553082
0.563577 0.108211 0.488078
0.46487 0.308615 0.160776
0.418678 0.174138 0.583351
0.441012 0.148475 0.793201
0.239588 0.117996 0.531901
0.284584 0.09808 0.55322
0.413258 0.156241 0.686432
0.430334 0.0940987 0.573909
0.714605 0.133996 0.520729
0.506075 0.192707 0.272962
0.408978 0.127291 0.630111
0.446004 0.164008 0.149369
0.411151 0.19176 0.0748769
0.441012 0.177246 0.40182
0.415896 0.117293 0.678541
0.719619 0.119247 0.449388
0.721738 0.119162 0.507473
0.530918 0.178866 0.088483
0.503851 0.141309 0.563734
0.465951 0.358977 0.0798162
0.434794 0.139183 0.23341
0.524882 0.108387 0.492661
0.478126 0.335739 0.135699
0.437934 0.186392 0.828552
0.802376 0.124675 0.486607
0.510894 0.097214 0.805658
0.521119 0.180175 0.635824
0.769245 0.122442 0.505232
0.364389 0.194213 0.0886185
0.648199 0.106438 0.591013
0.795537 0.124406 0.430199
0.48195 0.194186 0.864455
0.275985 0.129591 0.478474
0.646762 0.128263 0.485328
0.89772 0.140934 0.433539
0.477775 0.243153 0.17099
0.377688 0.19099 0.0631958
0.455583 0.160503 0.922518
0.24694 0.0899164 0.58353
0.479591 0.0780018 0.816484
0.441012 0.137998 0.476426
0.467864 0.203627 0.514293
0.475813 0.113955 0.96987
0.266288 0.111233 0.536443
0.266062 0.109215 0.478679
0.441403 0.195373 0.436853
0.467671 0.225587 0.291796
0.407371 0.184413 0.0698972
0.441012 0.174155 0.485238
0.265797 0.0908465 0.539549
0.437677 0.100983 0.350852
0.353576 0.109713 0.586414
0.481951 0.203069 0.210542
0.27725 0.11546 0.466931
0.462044 0.120225 0.233186
0.458645 0.201553 0.737718
0.302731 0.0744648 0.595158
0.3653 0.0973228 0.552399
0.397862 0.127875 0.601745
0.588061 0.0574901 0.551544
0.375602 0.0291098 0.56021
0.451271 0.0878753 0.424641
0.29196 0.101609 0.614735
0.26998 0.0974285 0.545998
0.503851 0.149897 0.618553
0.219194 0.114539 0.423237
0.488933 0.147611 0.160894
0.517696 0.168974 0.829895
0.503851 0.180372 0.397483
0.443092 0.190084 0.14218
0.475513 0.277223 0.0906762
0.618359 0.195398 0.0621217
0.560684 0.192374 0.112758
0.470375 0.204065 0.505826
0.25134 0.0753537 0.575885
0.336195 0.111045 0.542711
0.478126 0.300922 0.162652
0.441012 0.174307 0.496195
0.455853 0.118441 0.242901
0.468594 0.205528 0.265483
0.644224 0.131665 0.56002
0.503851 0.167338 0.596479
0.441012 0.140726 0.645406
0.598711 0.130258 0.590967
0.420951 0.140199 0.292349
0.465052 0.284626 0.141903
0.266874 0.11606 0.515436
0.474156 0.08146 0.459684
0.911337 0.141231 0.419224
0.623851 0.0817422 0.647116
0.471404 0.204285 0.654146
0.354437 0.129824 0.518207
0.363362 0.0404567 0.554469
0.528114 0.12652 0.639022
0.503851 0.16916 0.228623
0.557191 0.126402 0.477825
0.633967 0.131262 0.502436
0.779517 0.133405 0.427226
0.57528 0.0467463 0.535175
0.615228 0.189574 0.107164
0.505623 0.160549 0.903401
0.47802 0.0469145 0.860124
0.464478 0.0872992 0.40389
0.503851 0.158701 0.611239
0.478126 0.321781 0.145989
0.474498 0.289531 0.0871859
0.414755 0.116982 0.658996
0.439726 0.0886698 0.703115
0.521275 0.113029 0.786383
0.271914 0.132465 0.498128
0.463797 0.203692 0.247312
0.450134 0.115217 0.953622
0.266644 0.132668 0.509852
0.490171 0.199793 0.16989
0.261903 0.13292 0.541304
0.477402 0.234284 0.152861
0.466205 0.24177 0.0997593
0.50151 0.0873388 0.786269
0.503851 0.166915 0.365302
0.429531 0.162283 0.856196
0.365997 0.194129 0.0808065
0.465121 0.277015 0.140113
0.440438 0.0881821 0.699064
0.542728 0.11588 0.640431
0.43331 0.141569 0.234261
0.503851 0.160358 0.324074
0.292508 0.114185 0.543004
0.244037 0.117692 0.511529
0.808903 0.12777 0.433625
0.409997 0.143632 0.461853
0.421632 0.178168 0.336239
0.275334 0.122937 0.588363
0.142536 0.12478 0.455724
0.354875 0.109636 0.575293
0.247621 0.0933857 0.586889
0.446216 0.0857628 0.765571
0.420904 0.17679 0.624309
0.441012 0.169872 0.486603
0.655151 0.113401 0.640653
0.551273 0.107736 0.623512
0.658514 0.112446 0.562874
0.277505 0.112467 0.590513
0.428187 0.182418 0.300474
0.450104 0.183742 0.123978
0.279815 0.054341 0.590464
0.441396 0.10303 0.897018
0.495386 0.0835598 0.481694
0.542956 0.107372 0.507628
0.46285 0.202755 0.540007
0.397314 0.192486 0.083651
0.509505 0.184363 0.232123
0.429975 0.1876 0.589374
0.503851 0.174965 0.224844
0.251836 0.132987 0.461106
0.496399 0.193959 0.805492
0.503851 0.150089 0.646778
0.323729 0.130824 0.556884
0.658689 0.112236 0.62556
0.425677 0.104402 0.732324
0.287916 0.0777925 0.549581
0.497655 0.198395 0.663139
0.465603 0.221691 0.186146
0.515742 0.184961 0.679975
0.639758 0.0613706 0.557407
0.252492 0.117159 0.481551
0.444787 0.191968 0.192513
0.333059 0.122864 0.600506
0.279901 0.115166 0.498149
0.494954 0.193343 0.139365
0.642427 0.111645 0.615779
0.662132 0.0983352 0.479767
0.274811 0.121877 0.568763
0.509748 0.0911769 0.488636
0.441012 0.177854 0.248927
0.295472 0.131808 0.563348
0.482304 0.0793783 0.526319
0.3547 0.194721 0.106385
0.51155 0.181034 0.172453
0.267735 0.132524 0.473772
0.271493 0.0973888 0.545086
0.888933 0.14058 0.438296
0.535299 0.108595 0.47833
0.506176 0.104885 0.330371
0.584837 0.0455684 0.544693
0.645505 0.101076 0.563205
0.627764 0.102669 0.625163
0.686334 0.13313 0.542306
0.525144 0.175336 0.497858
0.524712 0.106208 0.520543
0.492312 0.200851 0.466515
0.403109 0.107012 0.493752
0.441012 0.172339 0.666909
0.122928 0.134573 0.485253
0.477025 0.22838 0.141182
0.530074 0.121632 0.417457
0.437795 0.177643 0.187122
0.720629 0.132797 0.537099
0.650706 0.106585 0.585091
0.50784 0.144695 0.221149
0.476871 0.210383 0.143859
0.690438 0.11705 0.472153
0.649322 0.103061  0.594
0.49671 0.084108 0.793932
0.207947 0.121003 0.443918
0.47555 0.0782104 0.573291
0.844482  0.129 0.409122
0.517136 0.108588 0.829237
0.440886 0.106762 0.314998
0.625013 0.063567 0.611125
0.46989 0.204268 0.210138
0.571711 0.0520098 0.544252
0.543486 0.127725 0.560223
0.416086 0.113294 0.523707
0.848981 0.13889 0.425196
0.472735 0.0776814 0.508672
0.494577 0.0817298 0.529763
0.453741 0.201324 0.259337
0.24465 0.0699146 0.639353
0.655407 0.110949 0.59379
0.583109 0.0457271 0.535943
0.456529 0.0804292 0.501854
0.419081 0.156479 0.768512
0.442536 0.195901 0.637531
0.675595 0.0695704 0.635354
0.772112 0.122642 0.50177
0.333859 0.194969 0.0522343
0.47368 0.204216 0.522736
0.286878 0.0905856 0.54439
0.352069 0.129942 0.567372
0.644519 0.104984 0.580936
0.440434 0.195044 0.368293
0.462939 0.202792 0.653815
0.467155 0.219203 0.231485
0.167125 0.136077 0.463978
0.139326 0.137208 0.478807
0.486123 0.0794508 0.803271
0.62721 0.074587 0.564777
0.427467 0.18457 0.498376
0.515255 0.189993 0.165869
0.505944 0.0917336 0.455751
0.636662 0.194989 0.0886894
0.627677 0.102604 0.625987
0.465559 0.40826 0.0776116
0.534655 0.19101 0.0902913
0.349829 0.11013 0.496972
0.515034 0.11112 0.851568
0.489135 0.201304 0.427188
0.476488 0.0786882 0.844995
0.427491 0.184632 0.338563
0.622829 0.130971 0.562539
0.478057 0.407279 0.0921435
0.503851 0.167682 0.292442
0.32559 0.196248 0.0895732
0.473687 0.239944 0.234578
0.441012 0.165204 0.354583
0.0786941 0.128883 0.436041
0.441012 0.169311 0.7429
0.473198 0.203658 0.804712
0.432583 0.190636 0.0866932
0.505071 0.186961 0.20912
0.732372 0.120085 0.45466
0.851421 0.139086 0.454078
0.647309 0.10207 0.578729
0.430518 0.188247 0.582294
0.626215 0.0759808 0.612412
0.465955 0.25025 0.109229
0.503851 0.178333 0.470544
0.393436 0.180739 0.0947137
0.447965 0.0887643 0.434104
0.0515305 0.130703 0.400784
0.635912 0.0646791 0.558574
0.4331 0.0958264 0.447235
0.437572 0.119747 0.913182
0.511199 0.160156 0.876336
0.412416 0.123409 0.62815
0.63757 0.123807 0.467233
0.382495 0.128681 0.584797
0.406966 0.106836 0.587967
0.472995 0.203766 0.364368
0.071611 0.138845 0.400082
0.497041 0.112294 0.273332
0.45539 0.201461 0.604569
0.761283 0.122128 0.442383
0.334394 0.130447 0.518158
0.473145 0.220552 0.263313
0.533657 0.132886 0.676971
0.431793 0.185591 0.727853
0.273598 0.129716 0.493545
0.418708 0.12784 0.77817
0.470671 0.0736759 0.866238
0.672225 0.092438 0.55921
0.519805 0.127791 0.847215
0.476706 0.303439 0.105707
0.503851 0.180752 0.7479
0.41507 0.166009 0.571863
0.534686 0.129561 0.62911
0.668134 0.0593827 0.578358
0.643405 0.117994 0.500751
0.285462 0.0532938 0.621422
0.503851 0.169683 0.45894
0.500217 0.162026 0.157894
0.443112 0.157431 0.17076
0.628875 0.189872 0.0984886
0.843664 0.138626 0.412785
0.494191 0.185839 0.871112
0.4195 0.106986 0.525315
0.534866 0.139038 0.623139
0.490306 0.0807753 0.497484
0.473579 0.315343 0.1688
0.625802 0.0638528 0.601201
0.372554 0.0419248 0.549531
0.516218 0.150585 0.239829
0.41854 0.134925 0.315085
0.602107 0.194546 0.0764238
0.492859 0.0812621 0.574192
0.476127 0.392202 0.0723411
0.175641 0.129968 0.426423
0.503851 0.173514 0.323075
0.841058 0.127282 0.436963
0.494813 0.200057 0.395245
0.410051 0.145459 0.642176
0.29388 0.0651346 0.631275
0.448571 0.140936 0.191648
0.458663 0.202194 0.193754
0.472367 0.0865701 0.900628
0.464991 0.238091 0.180464
0.420772 0.134435 0.814973
0.458024 0.0962983 0.924292
0.823705 0.137862 0.429648
0.448392 0.0986277 0.335097
0.508094 0.0895609 0.653095
0.695719 0.133208 0.468568
0.244031 0.0726609 0.644329
0.650044 0.0989845 0.523016
0.589034 0.129869 0.530407
0.645753 0.0717518 0.536888
0.470882 0.253748 0.230207
0.45778 0.201557 0.370082
0.442368 0.105953 0.910358
0.465569 0.249893 0.126999
0.299786 0.0777764 0.619027
0.350454 0.194944 0.0717719
0.587263 0.181818 0.116915
0.8781 0.129639 0.430655
0.464682 0.0781371 0.825713
0.462157 0.202202 0.35716
0.274825 0.126499 0.568264
0.588347 0.046179 0.541832
0.501229 0.174371 0.89146
0.458145 0.201333 0.138548
0.494166 0.192533 0.127621
0.466084 0.0787508 0.516126
0.412547 0.127098 0.49846
0.419279 0.125116 0.60394
0.421491 0.191218 0.0858265
0.518935 0.164369 0.831806
0.284687 0.11473 0.542661
0.500738 0.0853127 0.647036
0.512824 0.0955719 0.734721
0.536348 0.1082 0.478718
0.633398 0.112885 0.497018
0.534796 0.129841 0.535183
0.724889 0.119421 0.492478
0.490592 0.200982 0.382471
0.298008 0.067273 0.650394
0.638701 0.110868 0.631237
0.494781 0.0993421 0.917425
0.476082 0.369666 0.0765943
0.414205 0.16574 0.420088
0.453146 0.0834293 0.847462
0.460923 0.0886986 0.393474
0.501186 0.192606 0.725398
 0.524 0.132532 0.816155
0.482038 0.043795 0.880072
0.579285 0.0415415 0.538225
0.466099 0.20643 0.112925
0.243069 0.0867146 0.608403
0.743694 0.134955 0.497673
0.574183 0.119479 0.471011
0.465132 0.368753 0.0968471
0.524531 0.107623 0.577731
0.433789 0.187967 0.72789
0.804353 0.121655 0.408483
0.355688 0.185774 0.0564185
0.441012 0.138792 0.585975
0.503851 0.176444 0.560099
0.272602 0.114213 0.610412
0.457048 0.156825 0.133293
0.400108 0.127757 0.600377
0.518245 0.151693 0.247208
0.520062 0.181254 0.622577
0.372066 0.18301 0.13137
0.521655 0.183736 0.168111
0.676864 0.0836511 0.564972
0.623292 0.183707 0.0952589
0.525024 0.107418 0.639107
0.489286 0.187824 0.0938286
0.495696 0.10225 0.316263
0.329278 0.194053 0.0499617
0.412074 0.127875 0.678981
0.503851 0.152058 0.653802
0.522714 0.179357 0.413428
0.516104 0.178089 0.0807979
0.52823 0.122066 0.72339
0.532315 0.190888 0.119166
0.533507 0.106995 0.627023
0.511328 0.190691 0.557478
0.503851 0.140276 0.762146
0.28949 0.0842106 0.552045
0.505646 0.143977 0.215909
0.0652492 0.138027 0.45285
0.653394 0.12382 0.461812
0.672423 0.066934 0.56728
0.414113 0.16488 0.444098
0.273465 0.101874 0.550648
0.781339 0.136191 0.441553
0.261813 0.0601356 0.613273
0.441012 0.172117 0.647524
0.754155 0.121519 0.471509
0.422088 0.10817 0.724542
0.531146 0.121446 0.466329
0.278334 0.0988367 0.502652
0.803952 0.125553 0.417044
0.760019 0.121969 0.460794
0.528739 0.106797 0.504755
0.413951 0.127031 0.573946
0.438005 0.193388 0.476164
0.419143 0.106251 0.578072
0.487734 0.201768 0.648058
0.80612 0.127943 0.439469
0.17466 0.135842 0.488089
0.465282 0.280068 0.186619
0.592605 0.129969 0.506494
0.76498 0.135678 0.480817
0.470431 0.204002 0.684882
0.525288 0.108981 0.691609
0.506121 0.181057 0.854598
0.303665 0.113422 0.52878
0.568071 0.129014 0.510513
0.522392 0.150336 0.27245
0.505855 0.177552 0.157402
0.585716 0.109346 0.521029
0.488097 0.114554 0.253124
0.477494 0.270373 0.137586
0.559811 0.192329 0.0750577
0.510152 0.125283 0.897394
0.366061 0.052163 0.553633
0.448076 0.180006 0.126498
0.073066 0.129229 0.443216
0.761133 0.135526 0.478729
0.653138 0.131969 0.559284
0.463996 0.133954 0.968886
0.524735 0.108095 0.690722
0.513093 0.0953532 0.723175
0.503851 0.144504 0.527269
0.447779 0.197338 0.24285
0.661631 0.0990449 0.50055
0.469303 0.0843343 0.890052
0.277649 0.114766 0.622772
0.503851 0.151278 0.802371
0.441012 0.151852 0.38222
0.862849 0.13948 0.426873
0.216155 0.117577 0.432958
0.472496 0.214302 0.319366
0.416917 0.152548 0.754489
0.50859 0.0911533 0.480891
0.421898 0.110102 0.482188
0.449163 0.113529 0.267668
0.245132 0.0885845 0.594703
0.503851 0.152442 0.328617
0.441012 0.155603 0.831317
0.46313 0.200252 0.835454
0.48594 0.114527 0.964434
0.74449 0.134985 0.501094
0.304189 0.187648 0.0426498
0.503851 0.168823 0.781848
0.455786 0.112968 0.258544
0.5545 0.107872 0.609797
0.363502  0.109 0.572478
0.388021 0.192973 0.127154
0.24907 0.133184 0.474242
0.523475 0.177367 0.627239
0.512549 0.190396 0.427606
0.394332 0.12806 0.618967
0.798583 0.136952 0.467881
0.441012 0.159354 0.427362
0.248495 0.0650267 0.617912
0.505358 0.190159 0.239292
0.465439 0.0787135 0.719955
0.698507 0.130161 0.451933
0.527401 0.114199 0.612955
0.419488 0.175084 0.542382
0.502525 0.195713 0.479086
0.0931885 0.138927 0.41545
0.441012 0.171449 0.450101
0.633922 0.112912 0.499583
0.480892 0.2026 0.405108
0.472249 0.142063 0.960094
0.477445 0.363267 0.0946827
0.893352 0.130699 0.397308
0.534136 0.128041 0.565121
0.816088 0.137633 0.457956
0.421304 0.120609 0.332937
0.271989 0.109633 0.443066
0.471488 0.197601 0.85442
0.650983 0.114052 0.548374
0.428793 0.151225 0.238227
0.441012 0.174737 0.330407
0.293617 0.114162 0.510787
0.442494 0.196152 0.39517
0.509286 0.092684 0.763169
0.577296 0.129498 0.610933
0.418348 0.173738 0.567688
0.52947 0.166892 0.55892
0.488987 0.201219 0.369746
0.417252 0.164891 0.700417
0.651442 0.128509 0.538936
0.52456 0.177739 0.388226
0.582061 0.110702 0.549797
0.634213 0.0545277 0.632119
0.505627 0.0929237 0.837927
0.0576824 0.140457 0.426081
0.477131 0.258626 0.132108
0.503851 0.182063 0.327026
0.67443 0.060221 0.63736
0.457673 0.121375 0.231974
0.441012 0.148604 0.82335
0.455456 0.0873989 0.421979
0.47439 0.0442593 0.879571
0.441012 0.13962 0.372923
0.534866 0.137479 0.455524
0.429359 0.0952661 0.655276
0.478126 0.401354 0.096666
0.475829 0.393568 0.0690907
0.41239 0.106578 0.620094
0.782583 0.136209 0.433373
0.44456 0.194203 0.776119
0.470441 0.204115 0.647003
0.478126 0.316716 0.150509
0.388903 0.111438 0.476348
0.806931 0.137331 0.484523
0.252712 0.0679088 0.627555
0.473484 0.193028 0.873191
0.314957 0.112629 0.51159
0.281118 0.112301 0.591823
0.429544 0.0950456 0.595026
0.491698 0.188759 0.106721
0.43083 0.113014 0.32213
0.505941 0.193756 0.488278
0.503851 0.163915 0.358265
0.383137 0.18128 0.0851409
0.73944 0.134568 0.443139
0.532244 0.125107 0.454639
0.465377 0.332325 0.101593
0.304961 0.0753144 0.628044
0.25055 0.0877647 0.580408
0.734521 0.134654 0.521084
0.453255 0.201085 0.596224
0.297172 0.120672 0.463918
0.46993 0.412822 0.087739
0.4774 0.245953 0.148005
0.673728 0.18635 0.0493168
0.43223 0.178704 0.138745
0.456649 0.121565 0.965998
0.434958 0.191518 0.569395
0.534866 0.14997 0.413407
0.590232 0.130007 0.603492
0.252814 0.117041 0.526124
0.436337 0.185897 0.232855
0.499876 0.0968039 0.892072
0.659729 0.13218 0.541926
0.425971 0.143531 0.858974
0.372367 0.193795 0.0804976
0.441012 0.160175 0.237676
0.439515 0.0879714 0.577206
0.526359 0.106697 0.551192
0.622565 0.0894586 0.64776
0.599813 0.182476 0.0571507
0.427564 0.146188 0.2516
0.281849 0.125216 0.490213
0.371768 0.181876 0.0655266
0.437573 0.166621 0.185592
0.277072 0.11108 0.578719
0.439318 0.190282 0.15174
0.441425 0.195232 0.527664
0.629762 0.058351 0.637253
0.472732 0.205673 0.154697
0.506166 0.189336 0.731943
0.654733 0.109572 0.65207
0.194644 0.121483 0.518818
0.503851 0.161691 0.747615
0.510551 0.178931 0.219259
0.441012 0.165189 0.395928
0.532832 0.130209 0.689037
0.892378 0.140714 0.426185
0.441012 0.176781 0.54103
0.268126 0.115044 0.595836
0.532477 0.142224 0.339901
0.485497 0.0893166 0.38758
0.501758 0.183641 0.160311
0.356562 0.129833 0.590822
0.52213 0.103162 0.612003
0.245602 0.13335 0.497598
0.531457 0.161846 0.476198
0.47646 0.203747 0.565067
0.477012 0.231988 0.139428
0.463355 0.0784632 0.82062
0.622721 0.0669181 0.634307
0.843201 0.129393 0.473383
0.465222 0.261513 0.140387
0.503851 0.153799 0.544815
0.485329 0.12367 0.224033
0.49188 0.176203 0.902496
0.325425 0.123889 0.595613
0.412301 0.1917 0.1209
0.392195 0.192754 0.0860955
0.719555 0.13408 0.484488
0.248032 0.133357 0.539395
0.523175 0.166517 0.754714
0.672984 0.0921193 0.56962
0.449595 0.199513 0.274266
0.466909 0.2043 0.251543
0.286873 0.104425 0.589897
0.38466 0.119128 0.629798
0.362755 0.0376881 0.534766
0.377004 0.188004 0.0603143
0.441012 0.161366 0.587428
0.42207 0.168837 0.753489
0.52765 0.116444 0.698491
0.525323 0.128704 0.795703
0.447275 0.0834636 0.520881
0.632764 0.0593233 0.589472
0.414565 0.165283 0.477919
0.64007 0.103558 0.561999
0.723224 0.134029 0.448184
0.250466 0.117219 0.517919
0.344091 0.110477 0.53346
0.228847 0.133939 0.505533
0.180502 0.124548 0.431764
0.244342 0.125986 0.554291
0.237889 0.133414 0.452562
0.476873 0.203642 0.333226
0.46782 0.221364 0.306117
0.620307 0.1955 0.0746964
0.465856 0.252059 0.113345
0.508691 0.0899054 0.655238
0.302876 0.19744 0.0665615
0.456797 0.152602 0.934343
0.441012 0.138627 0.646271
0.390913 0.180872 0.128765
0.503851 0.169569 0.291622
0.466156 0.210504 0.195534
0.519758 0.181797 0.624837
0.836671 0.136304 0.47659
0.527673 0.180285 0.0725385
0.669016 0.0650311 0.563005
0.665143 0.101552 0.575527
0.441012 0.154312 0.47049
0.50818 0.0896101 0.601704
0.526521 0.173724 0.614606
0.126379 0.129721 0.413058
0.160451 0.136285 0.449362
0.460092 0.202754 0.200344
0.273509 0.132503 0.535238
0.409997 0.136437 0.46744
0.417214 0.111298 0.665604
0.514527 0.0954288 0.688191
0.272649 0.101082 0.536252
0.419734 0.106736 0.59865
0.477232 0.228404 0.183196
0.649734 0.197042 0.060463
0.344375 0.186153 0.11537
0.345283 0.110956 0.478973
0.645549 0.184873 0.0816357
0.437843 0.193191 0.626901
0.400929 0.107527 0.479279
0.277584 0.186818 0.0411298
0.466793 0.218746 0.223893
0.50682 0.185979 0.781422
0.422659 0.134988 0.293457
0.503851 0.15816 0.552105
0.503851 0.140804 0.358601
0.649667 0.113169 0.457935
0.167935 0.123049 0.477649
0.468691 0.0475632 0.874474
0.302859 0.0928553 0.598356
0.46654 0.237478 0.219277
0.0608074 0.14027 0.408143
0.477365 0.234648 0.187632
0.272807 0.116758 0.623657
0.365568 0.0382035 0.541136
0.317594 0.196668 0.0867593
0.573923 0.193069 0.0754407
0.333003 0.18391 0.0778849
0.423189 0.120872 0.813487
0.266506 0.0589708 0.605435
0.534866 0.137001 0.406418
0.513069 0.171218 0.216221
0.632543 0.0633594 0.568632
0.75631 0.12154 0.514262
0.409997 0.137226 0.627423
0.505465 0.194089 0.585558
0.467805 0.20974 0.319315
0.465009 0.324242 0.125105
0.503851 0.150907 0.598672
0.641827 0.184678 0.0723972
0.471844 0.19842 0.8515
0.791953 0.124679 0.498489
0.306819 0.195666 0.0439676
0.428412 0.178904 0.142022
0.43774 0.114144 0.907442
0.524963 0.13912 0.802148
0.45849 0.0801227 0.582879
0.436565 0.133654 0.913003
0.477462 0.309754 0.119203
0.280849 0.129336 0.525494
0.570922 0.192911 0.071195
0.6984 0.122682 0.554116
0.481113 0.180254 0.0793997
0.466661 0.203095 0.403466
0.429499 0.131509 0.875844
0.376116 0.108305 0.549325
0.527503 0.106743 0.520617
0.574037 0.0328834 0.547506
0.420447 0.141332 0.810291
0.149816 0.132096 0.501708
0.281296 0.114912 0.561819
0.693006 0.117192 0.476604
0.676894 0.0780386 0.623386
0.614597 0.1952 0.0709242
0.421881 0.121219 0.793029
0.442425 0.0899173 0.456768
0.499701 0.0848193 0.67568
0.401722 0.180305 0.129697
0.436018 0.0908068 0.702891
0.640232 0.131531 0.550068
0.503851 0.172391 0.349566
0.582217 0.0472091 0.546334
0.531555 0.127099 0.53229
0.483369 0.178441 0.902639
0.658975 0.197032 0.0732743
0.284548 0.0594336 0.565111
0.395531 0.127991 0.487136
0.439215 0.109337 0.307574
0.46019 0.200921 0.81401
0.710746 0.124337 0.445702
0.660089 0.121041 0.575398
0.427688 0.178942 0.146431
0.441012 0.138221 0.629616
0.429605 0.174451 0.825323
0.707042 0.118171 0.487231
0.450172 0.20031 0.62892
0.507149 0.188557 0.244314
0.477669 0.315022 0.123681
0.47203 0.203909 0.393461
0.834387 0.12681 0.454199
0.410764 0.15425 0.494145
0.510003 0.104901 0.339604
0.420424 0.17622 0.593154
0.512576 0.188572 0.680446
0.461648 0.104451 0.285003
0.391502 0.180841 0.117576
0.503851 0.154482 0.26099
0.511475 0.143131 0.231202
0.267028 0.116064 0.50982
0.503851 0.141754 0.482519
0.535104 0.122243 0.475395
0.466181 0.218546 0.205904
0.604602 0.130343 0.507489
0.411668 0.124602 0.637163
0.432289 0.184959 0.747811
0.476931 0.305076 0.108601
0.532848 0.14387 0.342396
0.108344 0.131002 0.478787
0.0381757 0.14024 0.390134
0.683266 0.0851696 0.633409
0.516693 0.111078 0.83887
0.503851 0.18162 0.730438
0.277562 0.132298 0.511139
0.579084 0.0279697 0.54889
0.446556 0.119643 0.950049
0.726037 0.134302 0.482848
0.486588 0.201648 0.404498
0.421062 0.174247 0.319458
0.0573471 0.132055 0.447859
0.399217 0.107202 0.527433
0.666024 0.101052 0.589286
0.464967 0.274743 0.158943
0.416785 0.170714 0.554061
0.251974 0.073711 0.567957
0.422263 0.178988 0.466381
0.43146 0.15858 0.221353
0.24674 0.098726 0.616645
0.391967 0.111299 0.476355
0.254873 0.100324 0.624049
0.335876 0.111188 0.4918
0.213444 0.134293 0.453277
0.445098 0.158053 0.16203
0.41996 0.13722 0.803271
0.441012 0.153419 0.243384
0.420622 0.176455 0.594128
0.100173 0.127482 0.463346
0.340242 0.121498 0.60534
0.467125 0.380185 0.116652
0.282905 0.110828 0.510313
0.463019 0.202522 0.413646
0.550714 0.114876 0.473237
0.518437 0.165637 0.248144
0.433779 0.159244 0.889155
0.449145 0.125398 0.23393
0.554669 0.18011 0.0965838
0.512918 0.0938225 0.69485
0.518674 0.178849 0.712641
0.313522 0.112732 0.512447
0.578547 0.0866286 0.552633
0.635469 0.196294 0.049855
0.442964 0.196278 0.466101
0.266095 0.132603 0.477982
0.281027 0.0851858 0.532393
0.479785 0.0257572 0.870993
0.412062 0.158923 0.463736
0.251841 0.117163 0.502269
0.755653 0.121593 0.484276
0.369539 0.0986266 0.551052
0.663096 0.0855564 0.540182
0.462803 0.202564 0.444272
0.464671 0.203764 0.242149
0.112069 0.126806 0.427369
0.666077 0.100537 0.569437
0.500607 0.085237 0.630201
0.481754 0.202032 0.751061
0.871626 0.133001 0.46158
0.503851 0.176572 0.634081
0.552439 0.191942 0.110036
0.286258 0.103744 0.559713
0.538179 0.107178 0.552982
0.688007 0.133156 0.535004
0.419994 0.106412 0.557404
0.469667 0.139442 0.964369
0.716131 0.118744 0.537157
0.48123 0.0918291 0.914034
0.436629 0.0944716 0.440249
0.441012 0.14112 0.656584
0.677333 0.069677 0.652351
0.529511 0.166844 0.607387
0.582392 0.0311669 0.553861
0.511003 0.189771 0.102981
0.265489 0.108807 0.515244
0.523122 0.132826 0.828908
0.296242 0.0899474 0.558471
0.643548 0.184768 0.0695574
0.788924 0.127578 0.504956
0.502666 0.0965098 0.370298
0.487761 0.202489 0.245004
0.721146 0.134153 0.491748
0.424222 0.10512 0.71679
0.481316 0.0784224 0.794713
0.297622 0.187634 0.0411326
0.441012 0.170358 0.320797
0.544494 0.186253 0.152996
0.526732 0.121424 0.742842
0.531085 0.126762 0.479444
0.474506 0.405701 0.0627254
0.508575 0.0952057 0.433656
0.454832 0.193165 0.106103
0.349016 0.195019 0.10348
0.720102 0.133957 0.452917
0.285104 0.111712 0.605301
0.452642 0.0889373 0.885094
0.440325 0.191204 0.239521
0.661115 0.103584 0.564132
0.526932 0.124356 0.752719
0.503851 0.174585 0.262418
0.675424 0.129694 0.563102
0.481331 0.195031 0.86126
0.297622 0.0931884 0.600084
0.289622 0.114476 0.493415
0.467967 0.0776747 0.791213
0.503851 0.154757 0.55454
0.486403 0.164356 0.108801
0.878489 0.140081 0.409622
0.521894 0.17392 0.299097
0.465664 0.0803533 0.856713
0.647365 0.113769 0.564697
0.883855 0.13007 0.409676
0.322954 0.191527 0.0455603
0.475808 0.204886 0.168871
0.868143 0.133759 0.397256
0.141637 0.124913 0.429526
0.616946 0.111645 0.527728
0.337727 0.195612 0.0702284
0.670941 0.132423 0.478695
0.27007 0.129901 0.482892
0.511489 0.177847 0.137908
0.503851 0.15887 0.246847
0.514325 0.188798 0.423212
0.084449 0.139375 0.439061
0.441864 0.195673 0.464907
0.52913 0.152934 0.734997
0.587227 0.0413104 0.551643
0.604129 0.114152 0.601915
0.418815 0.12379 0.757693
0.52926 0.158421 0.705488
0.534866 0.150833 0.539653
0.259006 0.10157 0.580289
0.478062 0.267527 0.171471
0.499526 0.0845935 0.543678
0.383591 0.189171 0.14162
0.744973 0.134955 0.479611
0.474733 0.205029 0.171161
0.596986 0.182328 0.0617965
0.395576 0.127995 0.578143
0.664066 0.0591758 0.611426
0.42522 0.191022 0.107063
0.441012 0.177882 0.825622
0.503851 0.161947 0.794263
0.480143 0.0341577 0.871554
0.50197 0.189297 0.123073
0.280429 0.0518902 0.633626
0.520168 0.121634 0.836112
0.216921 0.119605 0.509711
0.497244 0.0836392 0.711888
0.419025 0.180817 0.161497
0.441012 0.163308 0.806191
0.448254 0.198802 0.678613
0.398816 0.107221 0.508418
0.413954 0.123528 0.683447
0.477409 0.237224 0.152068
0.633331 0.131147 0.482717
0.520092 0.100733 0.605656
0.476783 0.20602 0.166629
0.423238 0.191126 0.0884603
0.52791 0.171165 0.535159
0.447633 0.189846 0.137529
0.504051 0.195214 0.357454
0.426995 0.107911 0.358947
0.487837 0.079827 0.801807
0.369757 0.181982 0.0987215
0.298922 0.113761 0.528761
0.46626 0.245392 0.214177
0.465315 0.216284 0.152757
0.503851 0.156675 0.508508
0.423927 0.108492 0.762949
0.458781 0.0800482 0.535713
0.6393 0.104276 0.565126
0.421925 0.116191 0.768605
0.277432 0.132335 0.524356
0.225552 0.122115 0.449783
0.638401 0.10545 0.636307
0.467915 0.0563527 0.875413
0.476118 0.30799 0.0942784
0.277122 0.119874 0.604966
0.453544 0.0808169 0.717734
0.441536 0.160185 0.17263
0.503851 0.153374 0.48442
0.475698 0.208362 0.110461
0.474417 0.0343218 0.856175
0.281047 0.115065 0.509748
0.503851 0.17607 0.75562
0.441012 0.152426 0.429628
0.612499 0.111428 0.490923
0.83156 0.132856 0.485101
0.366418 0.0312354 0.559735
0.467269 0.229342 0.243128
0.586611 0.193734 0.0708034
0.749714 0.121138 0.498632
0.253712 0.117054 0.490299
0.441012 0.163858 0.520166
0.244306 0.117642 0.536493
0.467627 0.217013 0.282821
0.472373 0.211376 0.332501
0.474624 0.0884537 0.376481
0.813358 0.125534 0.434093
0.526399 0.114136 0.705535
0.24845 0.0652029 0.614771
0.63832 0.11323 0.498276
0.651426 0.188599 0.035814
0.389959 0.107639 0.48292
0.385501 0.193106 0.0987263
0.335862 0.18376 0.104447
0.528322 0.166209 0.330475
0.270639 0.112455 0.478641
0.517021 0.117892 0.851649
0.503851 0.176729 0.776954
0.523682 0.110772 0.413804
0.567967 0.184507 0.13625
0.429209 0.151712 0.874746
0.371077 0.108546 0.484437
0.165408 0.123146 0.498879
0.475261 0.204159 0.213696
0.58016 0.192721 0.0583112
0.677519 0.198498 0.0320336
0.413535 0.127052 0.604402
0.455847 0.20004 0.146827
0.677394 0.0866226 0.63585
0.519864 0.190235 0.103611
0.414549 0.11752 0.526051
0.760548 0.135384 0.446038
0.479387 0.203921 0.188051
0.842143 0.133878 0.405243
0.868131 0.128991 0.438029
0.50744 0.192927 0.539452
0.687921 0.133146 0.533393
0.239934 0.120162 0.450493
0.441012 0.154736 0.456868
0.294988 0.107271 0.634706
0.634182 0.0720124 0.55704
0.477371 0.252716 0.194981
0.535417 0.107065 0.568117
0.361314 0.12964 0.560222
0.470077 0.0319682 0.868567
0.351843 0.109906 0.524397
0.0831705 0.139328 0.408071
0.511764 0.180429 0.17168
0.469998 0.2047 0.320107
0.441012 0.138093 0.798987
0.796297 0.124376 0.453706
0.477594 0.138275 0.175812
0.201471 0.12067 0.516422
0.630548 0.0704675 0.560594
0.444107 0.196789 0.544589
0.278163 0.109047 0.625422
0.38559 0.181151 0.0729307
0.643372 0.115234 0.530318
0.427778 0.104308 0.402226
0.666947 0.115314 0.485761
0.534866 0.146943 0.417438
0.493947 0.200672 0.616374
0.466605 0.203417 0.539003
0.561936 0.128693 0.522227
0.477886 0.169521 0.0793997
0.503851 0.14277 0.474539
0.499321 0.189158 0.133643
0.587025 0.126781 0.609975
0.511153 0.17783 0.116934
0.255876 0.0906066 0.559238
0.482304 0.202716 0.564976
0.468318 0.348209 0.142087
0.640009 0.0829757 0.537138
0.441012 0.146852 0.829747
0.527454 0.113856 0.514538
0.67785 0.116009 0.523082
0.531568 0.120993 0.653392
0.504273 0.0873542 0.638398
0.466214 0.349389 0.0757771
0.655803 0.122139 0.587854
0.592021 0.109872 0.484804
0.453661 0.201157 0.589928
0.652414 0.102943 0.589177
0.695529 0.133251 0.474811
0.557205 0.128444 0.572246
0.415778 0.153129 0.73619
0.503851 0.175253 0.610679
0.0771323 0.129058 0.41354
0.531399 0.120496 0.49693
0.455801 0.199907 0.136889
0.511776 0.138129 0.893868
0.525616 0.109937 0.559363
0.425641 0.169258 0.807126
0.8039 0.137207 0.482373
0.409997 0.132499 0.627882
0.46672 0.128841 0.204609
0.477725 0.321728 0.121726
0.503851 0.168063 0.308253
0.521604 0.118922 0.808121
0.546406 0.127878 0.513928
0.493668 0.0813947 0.552886
0.538804 0.179279 0.0988825
0.503851 0.144413 0.575772
0.505887 0.177553 0.162823
0.371562 0.129254 0.542364
0.245405 0.0946211 0.616687
0.441012 0.169219 0.220598
0.45833 0.201624 0.726466
0.300518 0.0791811 0.625438
0.354381 0.129868 0.565594
0.527181 0.106731 0.627939
0.503851 0.168113 0.774722
0.475993 0.223211 0.203322
0.440227 0.194542 0.53079
0.659916 0.114642 0.558394
0.656948 0.132103 0.556962
0.626279 0.0928055 0.639916
0.127685 0.137673 0.477363
0.453056 0.2006 0.705855
0.750653 0.128732 0.528509
0.676059 0.0963289 0.652101
0.506211 0.0895068 0.484173
0.37288 0.108459 0.519179
0.513597 0.136764 0.250618
0.465504 0.257164 0.197955
0.441012 0.140086 0.779369
0.493582 0.197768 0.171528
0.420211 0.106132 0.512472
0.406933 0.106841 0.596365
0.656825 0.126889 0.552782
0.508081 0.146718 0.214649
0.473739 0.209143 0.23179
0.446267 0.179745 0.134774
0.135277 0.125269 0.445396
0.441012 0.168061 0.371851
0.528859 0.168554 0.525542
0.52129 0.11805 0.808961
0.525984 0.122788 0.339424
0.272751 0.116943 0.485527
0.507986 0.0894803 0.548183
0.47332 0.238205 0.253994
0.464894 0.367771 0.108334
0.450709 0.0941193 0.899692
0.67395 0.0966244 0.632101
0.439892 0.0890068 0.726094
0.266334 0.11486 0.511887
0.478036 0.280411 0.16022
0.381348 0.193323 0.0947413
0.375145 0.108365 0.588034
0.575724 0.0373012 0.566992
0.503851 0.148761 0.53413
0.440232 0.192031 0.753091
0.282437 0.0545713 0.593367
0.727492 0.129348 0.441134
0.150432 0.126789 0.498493
0.631414 0.184309 0.091308
0.503851 0.181866 0.382938
0.896186 0.139451 0.393212
0.465362 0.132101 0.195409
0.679326 0.0956088 0.613914
0.48664 0.115076 0.25077
0.553483 0.180048 0.130264
0.267954 0.115984 0.51508
0.654089 0.109409 0.447106
0.478126 0.274099 0.171006
0.642224 0.0541572 0.588345
0.274952 0.110506 0.648514
0.130099 0.137241 0.418827
0.444879 0.0848782 0.496627
0.491441 0.115927 0.253905
0.487312 0.201841 0.580169
0.634133 0.10235 0.635133
0.465089 0.330804 0.115772
0.501647 0.195371 0.260904
0.134356 0.125915 0.417974
0.376905 0.181607 0.0839621
0.280544 0.110231 0.634529
0.373126 0.0258578 0.556167
0.530256 0.145962 0.725206
0.476534 0.323133 0.0971758
0.413705 0.119868 0.596866
0.417799 0.123205 0.739272
0.467177 0.205132 0.0981165
0.130933 0.12776 0.424713
0.495083 0.192129 0.132018
0.64437 0.107379 0.585798
0.503851 0.162578 0.534381
0.514917 0.0945658 0.659265
0.46487 0.320531 0.158411
0.403504 0.187125 0.06832
0.646913 0.0758087 0.533296
0.549963 0.128065 0.521342
0.581226 0.0817781 0.549315
0.254546 0.106698 0.608521
0.528333 0.117425 0.488209
0.64376 0.122504 0.532583
0.46505 0.312551 0.129175
0.524298 0.144018 0.811819
0.503851 0.158272 0.760843
0.2595 0.0624636 0.596921
0.448771 0.0858492 0.461589
0.646091 0.0987296 0.52219
0.379447 0.128841 0.551903
0.454629 0.201236 0.680309
0.336592 0.110987 0.578344
0.445213 0.197506 0.424853
0.429625 0.129793 0.270944
0.198145 0.134772 0.445223
0.528744 0.147765 0.747186
0.457507 0.184098 0.0849919
0.427672 0.180461 0.731419
0.418989 0.17563 0.438519
0.680849 0.070492 0.625543
0.502483 0.173918 0.886528
0.441012 0.159755 0.474998
0.475629 0.20349 0.348526
0.646797 0.113729 0.573496
0.669747 0.127428 0.568535
0.531891 0.12185 0.519251
0.441012 0.137191 0.627826
0.503851 0.146896 0.618568
0.490308 0.201143 0.679518
0.581259 0.129609 0.497685
0.461988 0.113244 0.96528
0.414167 0.191602 0.0796075
0.522377 0.143005 0.279056
0.604953 0.110688 0.594553
0.42209 0.136447 0.293621
0.503851 0.171873 0.74568
0.441012 0.172685 0.589216
0.476987 0.216982 0.175083
0.469994 0.0780735 0.666885
0.678781 0.0993449 0.637721
0.589411 0.0291094 0.556334
0.365502 0.0507757 0.550444
0.811304 0.125431 0.425616
0.414112 0.118748 0.653514
0.443089 0.180713 0.867479
0.429183 0.178115 0.781219
0.581919 0.0517291 0.559389
0.505058 0.177368 0.8681
0.280984 0.11672 0.592625
0.441902 0.178197 0.165391
0.456234 0.107704 0.274168
0.457473 0.0802801 0.538266
0.610564 0.194989 0.094689
0.459524 0.197016 0.0907048
0.270676 0.0687534 0.544736
0.28307 0.10885 0.485414
0.58317 0.181604 0.0961792
0.454495 0.187101 0.0982479
0.496787 0.0830093 0.536744
0.56988 0.180907 0.0683286
0.516176 0.186689 0.425497
0.448666 0.197907 0.2446
0.461875 0.197506 0.845181
0.233659 0.133677 0.465408
0.433662 0.106747 0.869633
0.550052 0.107668 0.57778
0.477689 0.245512 0.165035
0.503851 0.149241 0.836123
0.433745 0.141457 0.898128
0.309872 0.185124 0.0521205
0.421396 0.150825 0.823909
0.427352 0.0994217 0.475378
0.437825 0.178411 0.161464
0.435539 0.122513 0.903657
0.409997 0.133189 0.468875
0.680335 0.0669998 0.633904
0.809805 0.125209 0.468723
0.369539 0.0833063 0.551977
0.0991285 0.127626 0.427883
0.474151 0.258979 0.0935267
0.583375 0.109094 0.590616
0.69276 0.133267 0.52214
0.475005 0.255953 0.216453
0.43081 0.110463 0.855251
0.437374 0.192899 0.540134
0.362758 0.0569755 0.557496
0.290966 0.0625927 0.629805
0.351759 0.109992 0.483998
0.54516 0.179612 0.0896097
0.89804 0.14086 0.40158
0.475464 0.24298 0.214139
0.471402 0.0771346 0.762896
0.440298 0.194775 0.431044
0.285265 0.107893 0.574771
0.071068 0.138137 0.455277
0.396413 0.126527 0.62763
0.436797 0.153575 0.201464
0.416854 0.133272 0.758531
0.510198 0.189728 0.0886877
0.65138 0.129605 0.574942
0.441012 0.179789 0.765869
0.419191 0.125384 0.513343
0.0609904 0.140331 0.443739
0.322841 0.188086 0.102449
0.114506 0.126552 0.458744
0.485481 0.104086 0.289384
0.658443 0.10645 0.602775
0.454644 0.0806772 0.700089
0.817562 0.137709 0.463684
0.42769 0.150893 0.865428
0.353419 0.129934 0.593247
0.416461 0.113144 0.484363
0.287311 0.131951 0.496054
0.503851 0.17361 0.50575
0.476898 0.0364861 0.86233
0.532664 0.158129 0.596655
0.665472 0.108463 0.59368
0.441012 0.162119 0.561841
0.507705 0.112562 0.897908
0.503137 0.179822 0.168514
0.529816 0.158222 0.698784
0.413316 0.136375 0.707536
0.503851 0.151527 0.628145
0.440257 0.128107 0.244851
0.409997 0.143014 0.469754
0.509296 0.134345 0.907193
0.300329 0.0895681 0.643881
0.534836 0.13952 0.650292
0.643988 0.103789 0.561545
0.706603 0.133763 0.534755
0.513789 0.122423 0.874971
0.457728 0.0845036 0.45108
0.45564 0.150025 0.938196
0.12943 0.137595 0.474261
0.721671 0.13414 0.477774
0.64878 0.121856 0.58738
0.599781 0.194424 0.0952962
0.481286 0.204114 0.120319
0.490778 0.116388 0.96113
0.503851 0.177034 0.365867
0.504052 0.0956639 0.391013
0.465655 0.0372032 0.882753
0.499908 0.191281 0.772278
0.43424 0.189709 0.304041
0.506196 0.185173 0.80079
0.802225 0.123938 0.425521
0.410285 0.131291 0.66386
0.47808 0.279759 0.163295
0.512186 0.189833 0.12901
0.374096 0.10842 0.601406
0.913815 0.132222 0.400186
0.479911 0.20213 0.819628
0.497817 0.188848 0.142939
0.593822 0.194111 0.0716903
0.477556 0.325661 0.113337
0.511531 0.179977 0.797862
0.516329 0.0962495 0.597193
0.534866 0.149921 0.422725
0.50082 0.188528 0.835985
0.430673 0.137144 0.881816
0.584394 0.122397 0.615604
0.252185 0.117184 0.480164
0.496381 0.0827971 0.597509
0.461374 0.109752 0.265263
0.0950542 0.127899 0.423806
0.478962 0.0317183 0.8806
0.52529 0.109243 0.527599
0.665678 0.115189 0.501601
0.449598 0.197859 0.759538
0.622703 0.112028 0.560381
0.388267 0.107725 0.49485
0.344617 0.130132 0.535033
0.651419 0.128507 0.521666
0.271015 0.0537761 0.587491
0.619609 0.111799 0.572441
0.664386 0.103728 0.565473
0.441012 0.161156 0.272752
0.457909 0.0799295 0.756187
0.649515 0.107784 0.606755
0.503851 0.138437 0.490377
0.590433 0.127439 0.477093
0.478359 0.0498052 0.863415
0.258573 0.0643265 0.582197
0.202485 0.134894 0.511008
0.466085 0.394219 0.0686257
0.433801 0.189013 0.711065
0.441012 0.18031 0.743295
0.484874 0.0814754 0.479039
0.0349097 0.141078 0.417476
0.643184 0.115189 0.485285
0.244764 0.0756801 0.602886
0.518901 0.176003 0.279813
0.441012 0.168343 0.58257
0.642907 0.102669 0.525809
0.258077 0.132899 0.482055
0.633533 0.0668943 0.558016
0.711961 0.118529 0.484064
0.441012 0.143564 0.399368
0.464091 0.201663 0.83049
0.46487 0.315976 0.154536
0.528524 0.120549 0.535413
0.484677 0.202627 0.219833
0.667134 0.103783 0.574253
0.464766 0.133931 0.190158
0.459468 0.0799508 0.63324
0.407725 0.185706 0.0688321
0.594997 0.130098 0.566167
0.425741 0.137086 0.857432
0.634377 0.0991836 0.579764
0.448847 0.161273 0.916448
0.441012 0.139905 0.705854
0.707776 0.114186 0.435649
0.514986 0.172399 0.234762
0.28289 0.107675 0.51493
0.477272 0.211369 0.162537
0.495101 0.0823352 0.493328
0.427462 0.178954 0.0893627
0.489779 0.179443 0.895332
0.857974 0.128348 0.439134
0.353771 0.109829 0.498716
0.301657 0.0676636 0.604961
0.657552 0.185502 0.0428941
0.534866 0.146048 0.467193
0.475554 0.0834914 0.886563
0.534866 0.132478 0.536377
0.48208 0.203714 0.289895
0.529427 0.167008 0.556066
0.259721 0.116627 0.489262
0.534866 0.13988 0.397906
0.459074 0.201823 0.38582
0.407442 0.191954 0.150562
0.62219 0.183649 0.0873419
0.660537 0.0587719 0.597531
0.526199 0.171164 0.329346
0.472552 0.205643 0.15804
0.493995 0.188879 0.086925
0.417948 0.167102 0.322893
0.241858 0.0841619 0.630725
0.243297 0.11774 0.513215
0.678298 0.0736581 0.583503
0.446122 0.196103 0.234861
0.476065 0.408947 0.0950151
0.578434 0.129535 0.480903
0.583538 0.129669 0.49997
0.448325 0.0964576 0.345913
0.456468 0.106426 0.279238
0.419725 0.114264 0.53863
0.657984 0.0982935 0.50392
0.534226 0.128297 0.606498
0.656412 0.132015 0.510596
0.412688 0.12263 0.520491
0.46618 0.343273 0.0781236
0.266167 0.1153 0.459543
0.478119 0.0786589 0.564222
0.428214 0.0966201 0.563245
0.433066 0.135524 0.24723
0.502774 0.189339 0.138657
0.427382 0.18518 0.432627
0.503851 0.161409 0.386091
0.883433 0.140271 0.4033
0.730631 0.12096 0.444528
0.639225 0.119213 0.585838
0.301643 0.0935132 0.649807
0.360762 0.194403 0.0827746
0.484516 0.201944 0.35448
0.430404 0.146818 0.238392
0.828407 0.138031 0.422396
0.414647 0.132118 0.726734
0.456999 0.201536 0.429647
0.422469 0.170042 0.752881
0.297239 0.0915128 0.583018
0.544416 0.191522 0.104029
0.42023 0.113656 0.623765
0.273591 0.107357 0.575105
0.517629 0.185026 0.428842
0.274174 0.109696 0.630392
0.660179 0.0993426 0.556941
0.381999 0.186062 0.141267
0.44917 0.0823589 0.499413
0.481008 0.203006 0.0913811
0.49148 0.171773 0.111433
0.526797 0.113274 0.630285
0.470127 0.205256 0.285883
0.419013 0.121986 0.550885
0.361468 0.182417 0.0778422
0.266108 0.132663 0.4996
0.419016 0.117598 0.492848
0.422478 0.110819 0.7511
0.370387 0.0430427 0.543864
0.472965 0.33377 0.0765181
0.686725 0.122855 0.453187
0.441012 0.181897 0.562409
0.703054 0.117947 0.468195
0.466144 0.248424 0.212053
0.532736 0.148836 0.689151
0.658915 0.113265 0.539321
0.500648 0.191462 0.749563
0.46603 0.217742 0.198844
0.455707 0.0806137 0.608835
0.275972 0.072161 0.537097
0.282489 0.116638 0.497441
0.299586 0.0897113 0.626897
0.503851 0.166982 0.394149
0.242468 0.133449 0.495166
0.525044 0.143051 0.800978
0.453527 0.121949 0.236711
0.533694 0.106997 0.504018
0.271728 0.115806 0.47921
0.675079 0.0609557 0.63703
0.376919 0.128973 0.553948
0.266016 0.0898506 0.536217
0.304728 0.113827 0.578109
0.638658 0.125883 0.468481
0.497846 0.193088 0.783877
0.473166 0.204807 0.232285
0.656733 0.0502142 0.637803
0.37408 0.129122 0.520245
0.647569 0.128306 0.544734
0.503851 0.173895 0.709759
0.504624 0.194569 0.574377
0.291658 0.0999042 0.587507
0.105334 0.127169 0.446746
0.278666 0.129451 0.491033
0.450856 0.103443 0.305198
0.27131 0.0725014 0.536442
0.494277 0.200512 0.511661
0.478053 0.28672 0.17768
0.574749 0.0479581 0.555395
0.470577 0.204837 0.309287
0.503851 0.154851 0.687125
0.652603 0.0939214 0.541393
0.503118 0.194341 0.25512
0.502819 0.189341 0.158295
0.503851 0.16762 0.789961
0.294147 0.0585775 0.623214
0.450149 0.200173 0.425914
0.475177 0.240232 0.216873
0.478126 0.342881 0.129029
0.523397 0.104672 0.604688
0.476712 0.0813694 0.465154
0.579325 0.0421885 0.538049
0.544441 0.191523 0.119414
0.0303172 0.13866 0.388675
0.465912 0.0440562 0.858156
0.441012 0.146862 0.746325
0.664473 0.108535 0.589466
0.444454 0.0875391 0.81826
0.459657 0.11877 0.967956
0.361161 0.182433 0.0870068
0.639309 0.0765526 0.540922
0.420594 0.127983 0.318738
0.58351 0.119401 0.470549
0.444712 0.175192 0.143397
0.481311 0.0792008 0.521862
0.308376 0.113028 0.576618
0.288744 0.078038 0.552524
0.381644 0.181358 0.109197
0.551108 0.128132 0.486696
0.441012 0.158019 0.660416
0.441012 0.156231 0.374926
0.730894 0.134439 0.46808
0.237877 0.133504 0.46301
0.503851 0.181324 0.32713
0.476019 0.232364 0.11479
0.176956 0.135574 0.434537
0.41212 0.126893 0.452023
0.477262 0.212477 0.164018
0.281648 0.103636 0.577803
0.430663 0.0936881 0.536245
0.621234 0.112264 0.478467
0.288358 0.131867 0.480703
0.589058 0.129864 0.508216
0.439793 0.178881 0.174532
0.605357 0.110917 0.48782
0.441012 0.14813 0.678093
0.266136 0.104965 0.567407
0.249609 0.0766178 0.612737
0.451549 0.170955 0.118343
0.441012 0.15578 0.659477
0.826879 0.131348 0.486989
0.666945 0.100568 0.593908
0.866705 0.128993 0.40946
0.51078 0.117084 0.885993
0.466369 0.249581 0.216123
0.622607 0.0963946 0.611503
0.466006 0.304242 0.0931846
0.470947 0.0310428 0.867777
0.513448 0.106068 0.847106
0.291536 0.114285 0.530086
0.806714 0.123403 0.410165
0.473092 0.412907 0.0878423
0.668136 0.100301 0.604677
0.559989 0.180389 0.130825
0.42326 0.106055 0.631112
0.503851 0.165175 0.755099
0.503851 0.147503 0.775328
0.249372 0.0635877 0.629566
0.484849 0.0791971 0.792015
0.26084 0.116559 0.483018
0.508794 0.18252 0.802636
0.62044 0.0755844 0.615303
0.373514 0.0580042 0.553909
0.470503 0.270199 0.0888264
0.623376 0.0863475 0.652327
0.658771 0.116883 0.510838
0.118957 0.126252 0.472326
0.511516 0.177849 0.136974
0.298338 0.0699612 0.572215
0.466545 0.309671 0.0833761
0.605326 0.110746 0.577707
0.0869028 0.139293 0.446144
0.441012 0.178859 0.239028
0.413495 0.142059 0.709726
0.187096 0.121663 0.510806
0.646171 0.122425 0.463722
0.479205 0.175169 0.0793997
0.505601 0.183726 0.837184
0.503851 0.161206 0.838065
0.665007 0.132406 0.557557
0.633745 0.196204 0.0587485
0.500461 0.0962139 0.359058
0.422054 0.178638 0.471372
0.589782 0.123613 0.473796
