0.328232 0.48835 0.0701915
0.383383 0.505848 0.0913701
0.52126 0.515345 0.0599382
0.416051 0.081182 0.127319
0.43003 0.42606 0.136615
0.321579 0.595604 0.0882978
0.402665 0.571224 0.128222
0.459696 0.889037 0.0797708
0.396784 0.220515 0.117406
0.361171 0.537313 0.0614546
0.463136 0.857424 0.115547
0.383383 0.547714 0.0870646
0.134141 0.47709 0.0422761
0.235106 0.602208 0.0496382
0.725012 0.496393 0.0375419
0.42503 0.129973 0.222616
0.444897 0.240758 0.133597
0.441117 0.0922258 0.115346
0.411214 0.578224 0.133221
0.438429 0.862904 0.148191
0.127495 0.465558 0.0480383
0.293458 0.592765 0.0896872
0.138061 0.452724 0.0851014
0.41935 0.173122 0.0838218
0.424094 0.370064 0.0458958
0.170476 0.456322 0.0822812
0.476116 0.581671 0.0796898
0.264394 0.460628 0.0782168
0.486558 0.0777298 0.127671
0.422206 0.0911559 0.102426
0.320094 0.0798921 0.137462
0.602911 0.450902 0.0801313
0.410353 0.345621 0.132833
0.383533 0.604578 0.096907
0.674058 0.505682 0.0917147
0.465306 0.715482 0.0558568
0.425145 0.0791964 0.231397
0.685781 0.445925 0.0810989
0.35579 0.59941 0.0853022
0.379091 0.567627 0.0779781
0.455096 0.684987 0.0451653
0.383505 0.332085 0.0931988
0.451174 0.144601 0.11437
0.471672 0.604016 0.101787
0.41926 0.963655 0.0873285
0.706283 0.443349 0.0848827
0.09561 0.371864 0.090336
0.43356 0.465211 0.136185
0.491304 0.106529 0.132943
0.38373 0.488316 0.0984814
0.615067 0.505698 0.0926512
0.466593 0.63853 0.114701
0.453769 0.893739 0.118766
0.57193 0.605305 0.0783126
0.424837 0.156802 0.186677
0.478265 0.081264 0.125967
0.395047 0.308562 0.120386
0.466782 0.717629 0.0594102
0.42205 0.150199 0.154112
0.318484 0.525032 0.0820592
0.487842 0.494709 0.067999
0.453986 0.178622 0.124998
0.271837 0.517773 0.0892441
0.212035 0.48884 0.0938312
0.428895 0.580877 0.136729
0.490083 0.499819 0.0693919
0.425399 0.114508 0.238182
0.384986 0.310565 0.0869771
0.190536 0.493532 0.0805926
0.459489 0.675904 0.0469622
0.380723 0.0999339 0.130585
0.452668 0.3706 0.0524314
0.606094 0.598982 0.0731402
0.633474 0.467547 0.0804164
0.503096 0.514035 0.0742141
0.394222 0.233715 0.113692
0.0617875 0.406848 0.0942263
0.429719 0.0674131 0.269506
0.140514 0.407676 0.0932156
0.308807 0.617944 0.0863557
0.606475 0.572993 0.0584336
0.683182 0.417086 0.0885035
0.404331 0.817385 0.0539127
0.424752 0.11298 0.183274
0.519418 0.62652 0.0875755
0.796451 0.396854 0.0914715
0.448741 0.825399 0.0530391
0.426946 0.0495409 0.132319
0.249888 0.59543 0.0756978
0.470903 0.336238 0.106845
0.469598 0.453647 0.0724112
0.408387 0.414022 0.0476427
0.722971 0.463387 0.0443014
0.244806 0.506387 0.0921005
0.395826 0.134047 0.127466
0.455694 0.162877 0.12316
0.253178 0.574404 0.0602056
0.53025 0.043223 0.140082
0.472157 0.418377 0.097921
0.355832 0.12529 0.133106
0.781608 0.394081 0.09007
0.411093 0.661886 0.133245
0.422649 0.200465 0.156619
0.476839 0.525007 0.0626019
0.461212 0.304022 0.119643
0.294707 0.50983 0.0834677
0.430397 0.228857 0.146447
0.148355 0.509399 0.0403339
0.217445 0.456167 0.0750736
0.406289 0.402977 0.0493785
0.367531 0.0680956 0.129724
0.456427 0.349398 0.0565977
0.485041 0.500671 0.0686532
0.253178 0.598622 0.0613842
0.609945 0.618226 0.0554453
0.431831 0.145281 0.168302
0.211526 0.476485 0.0927496
0.388651 0.423427 0.0669516
0.451178 0.663993 0.129662
0.43011 0.749257 0.045355
0.18791 0.473954 0.0816261
0.456734 0.201416 0.0920187
0.452781 0.822715 0.0556489
0.465421 0.818936 0.0710776
0.15595 0.486574 0.0894169
0.606072 0.511865 0.0745983
0.313007 0.605294 0.0891484
0.502122 0.5922 0.0852225
0.43109 0.309563 0.0540215
0.386323 0.099879 0.129702
0.328441 0.105521 0.136268
0.408121 0.735638 0.0488112
0.471838 0.520762 0.0595064
0.422408 0.232404 0.0702314
0.408045 0.249252 0.131296
0.422226 0.123409 0.148559
0.565372 0.453169 0.074475
0.54943 0.531322 0.0854766
0.38618 0.38739 0.109154
0.384401 0.717541 0.0851248
0.703288 0.41237 0.0917783
0.387984 0.590263 0.112443
0.393595 0.642393 0.120152
0.424027 0.256708 0.136904
0.606638 0.599442 0.0671643
0.125678 0.481969 0.0475229
0.430786 0.109637 0.212026
0.781666 0.375899 0.0906315
0.372048 0.654128 0.0856638
0.386472 0.572856 0.109686
0.472434 0.561068 0.0877082
0.716794 0.444089 0.0855422
0.164802 0.394722 0.0856748
0.469489 0.561512 0.109422
0.384551 0.5624 0.10503
0.537714 0.632354 0.0826544
0.504978 0.0581764 0.133612
0.502357 0.522007 0.0754556
0.464115 0.874869 0.0816488
0.123141 0.488483 0.0540428
0.0955265 0.400867 0.0972538
0.385768 0.41012 0.076031
0.466291 0.415552 0.115252
0.397524 0.498217 0.0437378
0.673082 0.472616 0.0945215
0.377418 0.658666 0.0579983
0.72298 0.485936 0.0660949
0.604189 0.582388 0.0794766
0.430299 0.0808013 0.195299
0.687495 0.427295 0.091813
0.467953 0.527786 0.0515868
0.471784 0.582256 0.100892
0.47195 0.405122 0.0995746
0.297127 0.0727961 0.143119
0.437876 0.707711 0.0440747
0.326733 0.599406 0.08797
0.4513 0.932642 0.0886164
0.406109 0.712157 0.0449467
0.472309 0.567884 0.096708
0.320705 0.577909 0.0878389
0.406464 0.841736 0.0559634
0.471689 0.459614 0.0903376
0.426524 0.662069 0.0426897
0.717065 0.513555 0.0411005
0.704284 0.520573 0.0446746
0.452777 0.342894 0.128483
0.665626 0.472033 0.0942326
0.453617 0.281664 0.127144
0.385966 0.820923 0.0861347
0.571619 0.50247 0.0728719
0.3857 0.716738 0.07136
0.489926 0.678683 0.0684772
0.351673 0.503908 0.0668
0.61263 0.473755 0.0866509
0.245579 0.618603 0.0261519
0.60675 0.566103 0.0716606
0.462002 0.792109 0.0627891
0.488705 0.647206 0.0863638
0.369841 0.52356 0.0634927
0.605519 0.55287 0.0611304
0.393784 0.216508 0.104624
0.384594 0.569031 0.055783
0.448771 0.197012 0.0833294
0.349771 0.0571262 0.136848
0.470369 0.465506 0.075103
0.73795 0.509065 0.0545639
0.606467 0.523038 0.0744755
0.421384 0.533248 0.0426791
0.246656 0.620049 0.061283
0.546096 0.572875 0.0886608
0.330044 0.585833 0.0644905
0.426743 0.6263 0.0426879
0.492087 0.137904 0.126358
0.411586 0.939621 0.078531
0.469167 0.782493 0.0786222
0.455067 0.462859 0.045479
0.444974 0.862654 0.144567
0.340912 0.50919 0.0630813
0.42216 0.0580485 0.132726
0.458079 0.491015 0.12473
0.421795 0.164474 0.153924
0.383596 0.629319 0.0567029
0.316319 0.529677 0.0675255
0.34862 0.0694763 0.137332
0.448972 0.173954 0.0894535
0.410851 0.947825 0.1064
0.804286 0.363692 0.0974383
0.448517 0.441824 0.131447
0.299861 0.612728 0.085785
0.424167 0.134532 0.180353
0.746968 0.415749 0.0876039
0.239483 0.625105 0.0494771
0.572153 0.598265 0.0869639
0.376136 0.62211 0.0579969
0.298423 0.0603679 0.146745
0.593595 0.581588 0.0467988
0.61801 0.499387 0.0921791
0.609093 0.571205 0.0529217
0.444768 0.823815 0.145868
0.742792 0.384422 0.0891129
0.437249 0.788478 0.0470711
0.383383 0.648582 0.0939231
0.702899 0.483551 0.0855476
0.445174 0.142382 0.0985864
0.470933 0.708317 0.0833404
0.421801 0.154925 0.153177
0.448631 0.855388 0.0582897
0.438575 0.437956 0.0442209
0.254731 0.472708 0.0787532
0.255765 0.561954 0.0402857
0.430786 0.140839 0.205494
0.697839 0.442702 0.0848331
0.471301 0.13382 0.128805
0.465664 0.377359 0.0658717
0.246316 0.520023 0.0763688
0.250131 0.546653 0.0637039
0.461109 0.656094 0.121381
0.388164 0.284571 0.107156
0.717245 0.476315 0.0864594
0.444907 0.243904 0.0703455
0.633226 0.44861 0.0817128
0.444803 0.499574 0.0426786
0.505385 0.652321 0.0643092
0.348497 0.121567 0.130227
0.420205 0.383298 0.135878
0.252738 0.554954 0.0658153
0.46306 0.375783 0.119225
0.721582 0.482771 0.0812628
0.287506 0.594684 0.0889526
0.526208 0.575041 0.0869283
0.453294 0.163179 0.1018
0.45338 0.108051 0.119227
0.470401 0.823892 0.0960431
0.394473 0.768123 0.0608067
0.721488 0.43758 0.0955508
0.384173 0.481554 0.102011
0.47461 0.0641195 0.128718
0.430135 0.0989868 0.0999148
0.643488 0.430998 0.0820783
0.651966 0.454058 0.0818897
0.470661 0.473293 0.082205
0.51569 0.649959 0.081932
0.335984 0.591488 0.0868437
0.45604 0.0644529 0.127205
0.269959 0.538651 0.0729715
0.46965 0.81052 0.10636
0.415832 0.681931 0.138095
0.428514 0.0607206 0.185575
0.350233 0.644444 0.062811
0.461988 0.537059 0.12041
0.349304 0.549575 0.0808347
0.339333 0.518448 0.0587815
0.343346 0.570409 0.0843134
0.424054 0.595758 0.0427095
0.219504 0.48135 0.0779687
0.46914 0.449342 0.07167
0.392887 0.407716 0.119369
0.453226 0.929627 0.100285
0.732133 0.484367 0.0548589
0.427758 0.20358 0.0758261
0.421634 0.485911 0.0426786
0.400472 0.61195 0.044074
0.401114 0.18868 0.123422
0.3798 0.0801679 0.131325
0.404904 0.902606 0.072182
0.656526 0.443711 0.0890334
0.491753 0.633747 0.0859741
0.556382 0.516633 0.0839595
0.39645 0.785705 0.130027
0.431278 0.397624 0.045005
0.472278 0.458211 0.0969593
0.59652 0.4644 0.0816186
0.436227 0.182981 0.140832
0.399974 0.799446 0.0565901
0.383906 0.757299 0.0930708
0.218676 0.458545 0.0748973
0.455134 0.17211 0.108478
0.452727 0.483289 0.0430226
0.395667 0.81509 0.127958
0.55389 0.0695463 0.14579
0.4519 0.294462 0.12859
0.426067 0.486193 0.0426786
0.769152 0.409533 0.0890745
0.495177 0.51308 0.0726878
0.383383 0.556163 0.0957028
0.431492 0.256131 0.137264
0.6496 0.506436 0.093751
0.616444 0.629033 0.0518479
0.755019 0.407175 0.0882661
0.467587 0.121264 0.121697
0.436314 0.273278 0.0612998
0.457969 0.583183 0.0448
0.367824 0.135306 0.130262
0.421099 0.635995 0.0427331
0.439993 0.344248 0.134834
0.465299 0.335416 0.0663636
0.282008 0.552446 0.0710946
0.462312 0.743168 0.122496
0.379432 0.546729 0.0746505
0.450745 0.716356 0.0459408
0.251946 0.561354 0.0912138
0.421737 0.229723 0.0709128
0.550282 0.0491165 0.145537
0.666191 0.478003 0.0943474
0.400782 0.0717535 0.127113
0.433369 0.866794 0.0531628
0.216347 0.495999 0.0793933
0.787155 0.389899 0.0905811
0.530025 0.516719 0.0676916
0.599315 0.57709 0.0857754
0.459751 0.846559 0.125494
0.42503 0.151652 0.206857
0.683751 0.422238 0.0899165
0.38656 0.290058 0.0852905
0.450709 0.74074 0.0510432
0.434235 0.951104 0.114078
0.383383 0.629154 0.0850933
0.385208 0.71465 0.076927
0.246856 0.56507 0.0887735
0.309588 0.498152 0.0710455
0.394734 0.493468 0.0441505
0.595072 0.580642 0.0752301
0.468468 0.415585 0.0710915
0.80137 0.358112 0.0965669
0.70866 0.513474 0.0469201
0.209649 0.443136 0.0824603
0.429156 0.0418742 0.263436
0.583958 0.558418 0.0720429
0.555575 0.477933 0.0768873
0.44172 0.416155 0.134255
0.768094 0.366878 0.0934457
0.376031 0.690007 0.0726372
0.525416 0.54842 0.0837535
0.435603 0.516582 0.135879
0.729128 0.49932 0.0683199
0.404596 0.74151 0.139377
0.536752 0.532778 0.0671196
0.458135 0.835189 0.0632835
0.42196 0.256388 0.0648451
0.393191 0.659473 0.0475966
0.419307 0.748621 0.146513
0.4296 0.38048 0.0452776
0.41472 0.585295 0.134473
0.401475 0.259418 0.126086
0.42503 0.10831 0.192435
0.465979 0.513425 0.0489087
0.440454 0.240832 0.135123
0.282552 0.549068 0.0711556
0.295786 0.462114 0.0745785
0.426373 0.153287 0.0875196
0.608795 0.514549 0.0927648
0.401166 0.178261 0.0963479
0.589228 0.582146 0.0884152
0.698425 0.464455 0.0836682
0.225231 0.527578 0.0775809
0.383383 0.599601 0.0834824
0.453883 0.927652 0.0981758
0.458142 0.375302 0.0567424
0.386674 0.396113 0.110054
0.403512 0.254794 0.127676
0.638963 0.424565 0.0789695
0.405717 0.885355 0.128358
0.431233 0.352574 0.0477029
0.51359 0.110163 0.13663
0.459079 0.261657 0.120065
0.695729 0.461791 0.0947883
0.471867 0.754718 0.0920246
0.591984 0.593439 0.0442017
0.602219 0.47397 0.0846685
0.390292 0.688811 0.0527752
0.494644 0.0702098 0.134823
0.599938 0.469977 0.0833278
0.441789 0.373977 0.13423
0.366869 0.495033 0.0661776
0.393358 0.165866 0.119118
0.452325 0.0853328 0.121927
0.120281 0.451102 0.0933276
0.192373 0.454598 0.092372
0.212529 0.463936 0.0785363
0.391617 0.401687 0.0627383
0.430786 0.113663 0.22562
0.451184 0.790568 0.141157
0.458272 0.108889 0.127812
0.450971 0.396955 0.12974
0.398016 0.890509 0.0756359
0.723527 0.461893 0.0446306
0.0977198 0.395437 0.0972419
0.471665 0.587496 0.0561226
0.455379 0.187862 0.1217
0.46914 0.838166 0.0911191
0.396122 0.803537 0.129183
0.400093 0.921219 0.0979137
0.243592 0.534919 0.075978
0.763444 0.401028 0.0970856
0.44412 0.113063 0.127805
0.459495 0.0897862 0.122071
0.42677 0.0543422 0.223997
0.502967 0.657063 0.0647956
0.1837 0.475244 0.0944493
0.388098 0.633649 0.11265
0.656906 0.477399 0.0939481
0.413718 0.493086 0.134122
0.417065 0.934695 0.0708218
0.726742 0.496328 0.0381023
0.475947 0.647024 0.0573567
0.445834 0.112893 0.125418
0.39692 0.633434 0.0453481
0.464587 0.812749 0.119055
0.460298 0.316061 0.121326
0.397041 0.276599 0.121644
0.611908 0.59101 0.0334208
0.463208 0.756474 0.0623403
0.483831 0.136687 0.129589
0.0507848 0.344714 0.0929838
0.72517 0.469494 0.0443842
0.379274 0.69097 0.067495
0.253106 0.574833 0.0585281
0.0414373 0.353051 0.0926782
0.399264 0.751686 0.0543431
0.42503 0.0967249 0.196726
0.456358 0.239275 0.0767804
0.379924 0.511479 0.0690838
0.287874 0.59838 0.0713522
0.472434 0.634961 0.0938522
0.296461 0.61667 0.0770561
0.386387 0.714949 0.064441
0.353229 0.486883 0.0691243
0.447845 0.748411 0.0492975
0.050837 0.34632 0.0957671
0.427307 0.679127 0.139513
0.828161 0.374816 0.095904
0.468843 0.274443 0.087868
0.614648 0.551067 0.0759456
0.383546 0.505601 0.0970169
0.293361 0.576871 0.0900819
0.457912 0.168701 0.121946
0.267643 0.63122 0.0433082
0.658557 0.477743 0.081017
0.355558 0.602683 0.0854568
0.45662 0.225683 0.0804677
0.576041 0.465018 0.0764689
0.390252 0.299691 0.113056
0.400548 0.0944398 0.127433
0.0571057 0.394167 0.0915642
0.503433 0.557509 0.0813329
0.42908 0.0601175 0.201347
0.451909 0.329036 0.129005
0.473385 0.532352 0.0617112
0.127703 0.38193 0.0890787
0.51269 0.051708 0.136074
0.438555 0.459504 0.0433744
0.438375 0.704683 0.141885
0.434313 0.171699 0.1537
0.216466 0.533966 0.0786101
0.35476 0.596304 0.0852805
0.471849 0.45447 0.0890479
0.451313 0.776681 0.0515741
0.39758 0.730729 0.0520269
0.772812 0.396586 0.0894167
0.431842 0.160014 0.165042
0.401355 0.423487 0.0515835
0.472352 0.442156 0.0940021
0.125861 0.413438 0.0963243
0.13395 0.490962 0.0723603
0.265903 0.571009 0.0731111
0.471796 0.69676 0.100801
0.715643 0.509599 0.0361078
0.398878 0.413057 0.0542255
0.450497 0.459298 0.13007
0.427807 0.0329104 0.254413
0.415045 0.239406 0.0703681
0.39972 0.189005 0.095844
0.453951 0.402975 0.127666
0.785767 0.366647 0.0961285
0.376338 0.67345 0.0839047
0.46863 0.336803 0.0729286
0.688647 0.49746 0.0851885
0.453105 0.611085 0.0436037
0.406614 0.407776 0.130969
0.399609 0.669141 0.126284
0.550997 0.0464291 0.141453
0.185333 0.419212 0.0862303
0.636228 0.477551 0.0783377
0.370954 0.640008 0.0585523
0.744613 0.440589 0.08779
0.359493 0.579793 0.082751
0.453431 0.331742 0.128001
0.477809 0.574539 0.0583677
0.604665 0.510744 0.0685584
0.667495 0.483218 0.0811622
0.405519 0.196432 0.128648
0.530148 0.0460163 0.14148
0.317866 0.546577 0.0854802
0.132242 0.501914 0.071211
0.685793 0.419213 0.0807803
0.47185 0.546252 0.0579994
0.402506 0.243524 0.126525
0.42503 0.116434 0.215528
0.468709 0.827046 0.0811353
0.489339 0.0702274 0.133757
0.266254 0.620697 0.0536087
0.344066 0.533567 0.0790151
0.685656 0.496554 0.0914587
0.384107 0.558722 0.101487
0.467737 0.376812 0.0707216
0.412756 0.10196 0.114455
0.576503 0.0528874 0.149652
0.61511 0.57341 0.0418091
0.627875 0.488402 0.0920974
0.430847 0.139675 0.192633
0.469811 0.283388 0.0979647
0.654014 0.457666 0.0818013
0.721867 0.461468 0.0819341
0.538023 0.0913335 0.14201
0.472434 0.507464 0.0680361
0.721867 0.48809 0.0728605
0.436837 0.665975 0.0427501
0.393749 0.869579 0.115795
0.43766 0.792612 0.0472439
0.390391 0.243125 0.0988935
0.378012 0.613187 0.0836299
0.706139 0.508932 0.041803
0.468481 0.47327 0.11126
0.406636 0.794323 0.143365
0.429168 0.0762373 0.166233
0.421987 0.17505 0.0829262
0.430786 0.0956582 0.16877
0.236101 0.514935 0.0933035
0.133293 0.486364 0.0662857
0.45663 0.143662 0.126265
0.462427 0.807771 0.124763
0.472092 0.390892 0.0984426
0.493897 0.629357 0.0598394
0.429766 0.07909 0.173043
0.571644 0.517695 0.0872995
0.135451 0.451955 0.0562375
0.323453 0.506259 0.0776462
0.128389 0.458245 0.0932267
0.303924 0.521956 0.0841834
0.275691 0.485656 0.082427
0.333956 0.512487 0.0768799
0.387469 0.266323 0.0936314
0.239639 0.592966 0.0380452
0.257941 0.554535 0.0922541
0.333991 0.616764 0.0880328
0.421146 0.495332 0.0426786
0.589821 0.516493 0.0900112
0.452718 0.469101 0.0437742
0.0876492 0.377905 0.0953803
0.384379 0.324794 0.100633
0.453687 0.688995 0.0447809
0.426071 0.641711 0.0426933
0.408858 0.271763 0.13255
0.702779 0.524981 0.0555436
0.420645 0.160308 0.147439
0.27832 0.476186 0.0756707
0.338152 0.114612 0.133797
0.470733 0.807986 0.0974174
0.717755 0.509853 0.0727576
0.132427 0.454951 0.0860924
0.534753 0.525124 0.0671367
0.386782 0.28594 0.102217
0.6124 0.549658 0.0924802
0.42503 0.104022 0.186422
0.348648 0.107175 0.135716
0.437464 0.0834178 0.107194
0.37508 0.0892165 0.125566
0.433288 0.682727 0.042739
0.430761 0.0848934 0.212814
0.447565 0.855153 0.142746
0.472434 0.593501 0.0816747
0.305928 0.0842318 0.14175
0.175199 0.463036 0.0947693
0.586621 0.525764 0.0733557
0.386064 0.558267 0.108943
0.550199 0.589093 0.0677951
0.463961 0.655109 0.118229
0.42043 0.181283 0.14584
0.466464 0.486967 0.0492847
0.341703 0.110175 0.132613
0.323383 0.63627 0.0828568
0.283761 0.561436 0.0905402
0.391698 0.564524 0.118055
0.383408 0.499671 0.0959108
0.439826 0.309991 0.054817
0.460927 0.848325 0.0690737
0.789697 0.354443 0.0920922
0.238564 0.517542 0.0771842
0.436248 0.197363 0.139234
0.383383 0.653817 0.0923385
0.502978 0.523326 0.0757888
0.400741 0.797404 0.0554935
0.470114 0.404761 0.0764056
0.473626 0.139736 0.128525
0.742927 0.428191 0.0872058
0.469088 0.734966 0.0733236
0.615991 0.48059 0.0787014
0.435522 0.198003 0.142674
0.426309 0.918162 0.130382
0.670829 0.498299 0.0939064
0.431823 0.103644 0.143416
0.449566 0.844568 0.0568089
0.471037 0.308551 0.092913
0.127696 0.416526 0.0963872
0.399567 0.459339 0.126067
0.472373 0.606973 0.0961977
0.383383 0.514021 0.0788788
0.596324 0.468812 0.0783179
0.42503 0.139512 0.19792
0.263117 0.611707 0.0570206
0.195942 0.422664 0.0848873
0.472417 0.370518 0.0950193
0.258002 0.564217 0.0912426
0.407037 0.306906 0.131217
0.585497 0.484058 0.0757322
0.294663 0.459959 0.0705899
0.453014 0.474866 0.128319
0.508245 0.492124 0.0681468
0.612991 0.577154 0.0359698
0.317455 0.0792615 0.138001
0.471811 0.443678 0.0818253
0.450833 0.130118 0.115809
0.702836 0.510942 0.0607806
0.429407 0.973372 0.0908143
0.449447 0.159064 0.0965277
0.274316 0.463962 0.0770453
0.457906 0.774625 0.131884
0.407158 0.161528 0.0944049
0.594651 0.608329 0.0581065
0.331514 0.594552 0.0641554
0.597035 0.59676 0.0549486
0.452724 0.171663 0.126197
0.814719 0.374876 0.0923607
0.445831 0.784435 0.0496844
0.210522 0.513076 0.0788944
0.358296 0.522034 0.0746281
0.170223 0.491105 0.0930848
0.439648 0.472276 0.0427358
0.283191 0.474941 0.0753382
0.431493 0.142783 0.177896
0.426209 0.607867 0.0426922
0.240572 0.576558 0.0402594
0.406989 0.133414 0.114706
0.457701 0.145714 0.11817
0.456575 0.788684 0.134388
0.581483 0.516535 0.0887049
0.067154 0.376028 0.091059
0.385393 0.806505 0.0888361
0.747364 0.438081 0.0941925
0.563368 0.612062 0.075115
0.446073 0.0986281 0.125675
0.450622 0.66466 0.0430822
0.506139 0.0614543 0.136955
0.369985 0.498107 0.0682976
0.447212 0.9268 0.116227
0.39112 0.866995 0.0787725
0.393519 0.326224 0.0641621
0.406839 0.185952 0.0864876
0.40666 0.161792 0.0949185
0.297533 0.567579 0.0894815
0.642152 0.454605 0.0749652
0.433642 0.091019 0.138661
0.459763 0.307818 0.0651206
0.458783 0.305314 0.122721
0.429823 0.232607 0.144727
0.12385 0.394286 0.0929251
0.424551 0.902721 0.0602318
0.67517 0.451636 0.0937407
0.44406 0.42808 0.133435
0.391264 0.575501 0.048881
0.598918 0.617316 0.0533449
0.454506 0.233245 0.0770975
0.331464 0.10703 0.134935
0.383966 0.397182 0.100365
0.579281 0.470309 0.0796584
0.703362 0.403127 0.0894504
0.387597 0.609709 0.0518831
0.732338 0.524281 0.0424657
0.469092 0.301571 0.106451
0.472434 0.65158 0.0912199
0.692839 0.405934 0.0876991
0.431553 0.728368 0.145958
0.397372 0.195578 0.101704
0.233664 0.614408 0.0480987
0.719233 0.416783 0.0839044
0.558043 0.60953 0.0708167
0.423617 0.737577 0.146667
0.384094 0.698159 0.101386
0.701391 0.414632 0.0918864
0.298944 0.590947 0.0685562
0.394116 0.430336 0.120727
0.427512 0.0600016 0.183989
0.39658 0.518832 0.0441242
0.388319 0.0970869 0.129514
0.433564 0.918264 0.127592
0.442929 0.95213 0.105778
0.219917 0.46093 0.0781025
0.390026 0.576373 0.116165
0.403943 0.913147 0.0778092
0.298829 0.595933 0.0895682
0.29067 0.520343 0.0865411
0.243271 0.617834 0.0600343
0.436804 0.398408 0.135632
0.446666 0.659255 0.0427923
0.397114 0.712382 0.12636
0.573353 0.479657 0.0750112
0.462336 0.297642 0.118046
0.638419 0.533956 0.0917158
0.672647 0.489909 0.094078
0.26884 0.509569 0.074219
0.432216 0.25669 0.0646325
0.727978 0.443872 0.0949932
0.742555 0.434898 0.0870996
0.178193 0.483262 0.081606
0.472434 0.508332 0.0824716
0.238202  0.487 0.0785028
0.43135 0.761936 0.0457679
0.165643 0.471097 0.0944443
0.457321 0.81623 0.13212
0.424828 0.115024 0.186284
0.419561 0.480882 0.0426786
0.475592 0.539849 0.0734251
0.402649 0.0853169 0.122038
0.395704 0.245255 0.117389
0.15984 0.447535 0.0950701
0.605752 0.517283 0.0719457
0.717793 0.508484 0.076415
0.430212 0.0678269 0.256655
0.403862 0.751795 0.139104
0.555606 0.618696 0.0733909
0.384668 0.698826 0.105961
0.536324 0.538452 0.0842801
0.421569 0.475263 0.136082
0.457364 0.0735361 0.124759
0.302258 0.523498 0.0695827
0.383405 0.403733 0.0948368
0.24704 0.53913 0.0754589
0.462892 0.878683 0.107766
0.413099 0.0815392 0.124871
0.736888 0.498327 0.0518985
0.50329 0.599711 0.0613849
0.555928 0.0684788 0.146193
0.394879 0.352508 0.121571
0.276358 0.588885 0.0726929
0.471151 0.41185 0.105935
0.401743 0.304911 0.0611694
0.338734 0.565231 0.0625444
0.588412 0.597709 0.0420075
0.387321 0.308034 0.0791102
0.39861 0.15275 0.124686
0.708834 0.471706 0.0554756
0.396876 0.0685294 0.125888
0.161892 0.444888 0.0949669
0.470431 0.306569 0.101819
0.60675 0.579516 0.055339
0.254577 0.548943 0.0742754
0.351572 0.490335 0.0700909
0.72529 0.447482 0.0948852
0.48847 0.508238 0.065037
0.150858 0.430262 0.085522
0.472434 0.5253 0.0900278
0.454737 0.923585 0.0933142
0.135966 0.394675 0.0880242
0.47166 0.712117 0.0876685
0.252258 0.518072 0.0722279
0.508422 0.0452101 0.137085
0.284559 0.604938 0.0759817
0.0926098 0.362238 0.0915104
0.58991 0.540109 0.0914617
0.249864 0.522573 0.0926049
0.424294 0.903257 0.142205
0.437356 0.488605 0.0426786
0.585903 0.493347 0.0846283
0.281609 0.472893 0.07925
0.397474 0.289775 0.122711
0.41476 0.62141 0.0427715
0.317402 0.634552 0.0802348
0.250043 0.537289 0.0686688
0.390938 0.76238 0.0652568
0.471169 0.322459 0.08273
0.788591 0.391643 0.0906269
0.51008 0.590508 0.0859515
0.588909 0.528582 0.0912991
0.324742 0.541023 0.0837668
0.608084 0.561704 0.0497937
0.618721 0.600836 0.0526365
0.738028 0.512342 0.0527905
0.365467 0.121525 0.126494
0.642733 0.474152 0.0783805
0.383383 0.565709 0.0862878
0.45447 0.121198 0.126832
0.0266733 0.360953 0.0958818
0.339773 0.569574 0.0642221
0.459605 0.300235 0.0665081
0.455323 0.225746 0.123831
0.615502 0.489647 0.0782785
0.365843 0.493202 0.0680888
0.471212 0.326036 0.102884
0.707159 0.473047 0.0933484
0.0562478 0.393483 0.0963165
0.315129 0.0590411 0.143679
0.614767 0.557847 0.0762348
0.718178 0.443973 0.0790999
0.196929 0.520314 0.090594
0.394195 0.135185 0.127676
0.257997 0.568352 0.0905678
0.439969 0.0693445 0.123193
0.717305 0.475616 0.0874705
0.218045 0.46135 0.0749264
0.528415 0.61354 0.0645448
0.446531 0.616841 0.132353
0.393888 0.365743 0.120476
0.440353 0.279323 0.134772
0.71984 0.43539 0.0740188
0.373293 0.0882451 0.125967
0.385383 0.621498 0.0543436
0.463783 0.229275 0.106029
0.433404 0.710944 0.0443393
0.430786 0.115614 0.225728
0.424117 0.207402 0.0754238
0.428865 0.920657 0.0638636
0.389159 0.162292 0.120776
0.343736 0.563823 0.0834847
0.568814 0.0606923 0.145792
0.469083 0.437967 0.0728746
0.536874 0.614954 0.0883282
0.504126 0.116876 0.129907
0.135196 0.496025 0.0366694
0.472351 0.738354 0.0965844
0.296032 0.0548417 0.147142
0.349623 0.0939088 0.136223
0.478344 0.0633907 0.131477
0.223142 0.527113 0.093456
0.406137 0.704092 0.0441212
0.450272 0.0713899 0.126208
0.13395 0.475949 0.0716589
0.382876 0.652851 0.0569341
0.598481 0.56182 0.0452291
0.383538 0.583574 0.0969536
0.437034 0.64088 0.0427517
0.451957 0.743171 0.138771
0.431099 0.169394 0.183171
0.472096 0.355791 0.0855188
0.396979 0.662806 0.123892
0.287294 0.594499 0.0709595
0.455755 0.463246 0.126412
0.501265 0.656102 0.0638943
0.43153 0.152894 0.17277
0.422228 0.181592 0.157679
0.427345 0.0482375 0.22484
0.536037 0.636799 0.0722057
0.123725 0.516709 0.0496912
0.13415 0.47846 0.0806683
0.60675 0.575422 0.0624444
0.388545 0.298504 0.078028
0.355836 0.545528 0.0789584
0.464552 0.234459 0.0929995
0.710851 0.455948 0.0843401
0.173638 0.408323 0.0859348
0.472434 0.556206 0.0856761
0.388854 0.737131 0.0678932
0.574617 0.471482 0.0790498
0.607337 0.488805 0.0773702
0.171122 0.499983 0.0891973
0.358145 0.550698 0.0616086
0.375341 0.0805884 0.126364
0.389635 0.435962 0.0625642
0.400245 0.556071 0.0439471
0.493492 0.129709 0.131646
0.396299 0.136657 0.127284
0.443778 0.753162 0.144476
0.468801 0.503566 0.0519369
0.524472 0.619939 0.0882042
0.434203 0.948566 0.11548
0.147073 0.410182 0.086731
0.132877 0.451338 0.0856034
0.358587 0.129133 0.127506
0.713311 0.511656 0.0432188
0.530811 0.087455 0.141027
0.440716 0.344643 0.0495822
0.418716 0.705619 0.142161
0.38418 0.513116 0.102068
0.734119 0.385724 0.091221
0.468739 0.331174 0.0736136
0.526084 0.0565052 0.136569
0.430681 0.895529 0.0584888
0.417078 0.142023 0.138077
0.472434 0.642299 0.0863409
0.508389 0.103131 0.136206
0.394164 0.844935 0.121595
0.252288 0.512186 0.0736426
0.345759 0.557939 0.082484
0.429844 0.0556919 0.261549
0.289393 0.480018 0.0680178
0.388138 0.848473 0.0841155
0.408255 0.872183 0.0602223
0.680336 0.449167 0.0835552
0.39632 0.822756 0.062366
0.457809 0.888456 0.0744673
0.279832 0.563365 0.0909066
0.510501 0.0993418 0.136834
0.282755 0.0385174 0.147941
0.460028 0.499419 0.0439894
0.434619 0.167176 0.0849672
0.392524 0.768728 0.0630532
0.465791 0.15919 0.120425
0.616651 0.480529 0.0889593
0.453739 0.605249 0.0437369
0.475989 0.130884 0.129415
0.256207 0.604787 0.0601797
0.411013 0.260298 0.134069
0.41605 0.751576 0.0464788
0.435607 0.164196 0.143738
0.43442 0.446002 0.136056
0.290802 0.583365 0.0696339
0.727221 0.509824 0.0370663
0.476156 0.134919 0.12309
0.642865 0.434649 0.0787901
0.454076 0.439709 0.0477104
0.318916 0.6042 0.0888456
0.196682 0.455716 0.0821347
0.389784 0.352121 0.0671823
0.377795 0.582262 0.0800746
0.455341 0.177259 0.0992537
0.407789 0.864065 0.14182
0.388104 0.583265 0.112662
0.355483 0.11699 0.133822
0.733999 0.392202 0.0884714
0.423742 0.548801 0.136408
0.441288 0.573839 0.0427804
0.567438 0.588342 0.0899884
0.717949 0.432111 0.0851683
0.382866 0.517056 0.062915
0.387094 0.278865 0.101602
0.526698 0.625532 0.0653513
0.468484 0.433818 0.111255
0.193994 0.42175 0.0850651
0.560013 0.463866 0.0728433
0.455383 0.173798 0.115897
0.756555 0.375761 0.0933146
0.811637 0.368584 0.0979015
0.546399 0.57683 0.0671952
0.395212 0.35902 0.060164
0.349604 0.551939 0.0811449
0.77037 0.423692 0.0941049
0.207566 0.49013 0.0800121
0.29495 0.460365 0.0717622
0.589248 0.467956 0.0774067
0.430415 0.085638 0.195721
0.396718 0.420205 0.0550984
0.587899 0.579524 0.0732739
0.324122 0.540303 0.083779
0.339984 0.54701 0.0596591
0.356383 0.552415 0.0799295
0.385999 0.821531 0.101771
0.420052 0.0735031 0.108141
0.388733 0.300191 0.07687
0.449361 0.392313 0.13086
0.407818 0.841242 0.0552202
0.782745 0.367478 0.0958774
0.43026 0.0734504 0.258013
0.42503 0.111087 0.194336
0.439039 0.392083 0.135073
0.444995 0.505212 0.133044
0.355291 0.600537 0.0853974
0.269265 0.516196 0.0894618
0.476029 0.655309 0.0573208
0.448023 0.366431 0.0499015
0.339574 0.62561 0.0628688
0.60675 0.594944 0.06102
0.372687 0.112051 0.131273
0.384911 0.798309 0.0920082
0.406173 0.730183 0.139958
0.40075 0.250123 0.125224
0.510514 0.655662 0.0671064
0.471465 0.45109 0.103433
0.25988 0.550949 0.0736154
0.633153 0.521693 0.0934617
0.426085 0.781252 0.149339
0.42632 0.548262 0.136669
0.45874 0.382254  0.124
0.42503 0.0915543 0.209137
0.465652 0.463914 0.116359
0.134366 0.469584 0.0893544
0.428766 0.658809 0.136742
0.524787 0.102933 0.139066
0.430009 0.304919 0.0547976
0.234224 0.544311 0.0922512
0.611837 0.526393 0.0930242
0.407476 0.625385 0.131539
0.468085 0.665093 0.111981
0.51749 0.495125 0.0613983
0.519218 0.56644 0.0848957
0.444323 0.682424 0.136313
0.447647 0.611775 0.131851
0.468719 0.828587 0.106836
0.460002 0.756023 0.127153
0.384161 0.689277 0.0617811
0.421301 0.710442 0.0443055
0.652141 0.431032 0.0835323
0.425238 0.474933 0.0426786
0.257333 0.617316 0.053135
0.488968 0.553124 0.0780461
0.447968 0.343963 0.131707
0.441821 0.129115 0.0998151
0.558358 0.586177 0.0684287
0.424836 0.173492 0.0829435
0.171468 0.470777 0.0831038
0.79484 0.355054 0.0958102
0.452555 0.15656 0.112301
0.685992 0.466083 0.0946653
0.39848 0.822042 0.0601627
0.395922 0.460471 0.122723
0.428851 0.0529364 0.222024
0.462503 0.328663 0.119591
0.405025 0.347854 0.0529582
0.370743 0.586699 0.0817842
0.406254 0.316855 0.0566709
0.196942 0.422489 0.0843243
0.263441 0.592033 0.041488
0.389254 0.45259 0.114757
0.216949 0.481923 0.0926956
0.250113 0.631022 0.0601846
0.441303 0.845454 0.0526819
0.445283 0.583576 0.0427912
0.396873 0.233409 0.0816165
0.563433 0.47807 0.0669661
0.242087 0.572771 0.0487648
0.379964 0.673248 0.0845978
0.285657 0.555303 0.0705706
0.385046 0.44578 0.107086
0.439917 0.731148 0.144165
0.441325 0.218256 0.134933
0.364998 0.115108 0.132284
0.410874 0.691377 0.137376
0.434261 0.634291 0.0427295
0.457443 0.293926 0.124048
0.421534 0.141274 0.151149
0.438623 0.914369 0.128176
0.399315 0.396781 0.125892
0.57171 0.540659 0.0711683
0.472102 0.672251 0.0889027
0.472434 0.525795 0.0941889
0.171656 0.420768 0.0896755
0.286097 0.542683 0.0899566
0.0800295 0.395523 0.0896238
0.445661 0.484344 0.0426786
0.539874 0.511606 0.0691378
0.394678 0.393294 0.121349
0.326761 0.604201 0.0648435
0.463449 0.625322 0.118795
0.249094 0.562018 0.0522888
0.4094 0.115941 0.125433
0.773235 0.412863 0.0957767
0.247519 0.498118 0.077106
0.212917 0.470755 0.0916933
0.471196 0.317924 0.100076
0.411438 0.658536 0.0427838
0.41977 0.96634 0.0896553
0.362771 0.0668851 0.134433
0.312391 0.534717 0.0680875
0.395806 0.215768 0.112623
0.385602 0.741707 0.0780223
0.307764 0.533974 0.0855762
0.42862 0.710615 0.144271
0.469246 0.838131 0.0926229
0.458346 0.791823 0.0586001
0.638041 0.488775 0.0783478
0.430649 0.122779 0.232667
0.667264 0.491588 0.0940065
0.501829 0.644765 0.08549
0.606667 0.600494 0.0663912
0.384666 0.780418 0.0904702
0.253178 0.590367 0.0615993
0.252966 0.580445 0.0685728
0.444751 0.944135 0.0821035
0.420924 0.189477 0.147838
0.132395 0.521951 0.0667933
0.519636 0.048713 0.137683
0.397723 0.893653 0.079142
0.359805 0.110496 0.133515
0.581407 0.50418 0.0737981
0.418078 0.900463 0.140039
0.23935 0.555127 0.0908125
0.425358 0.371421 0.136572
0.729958 0.494956 0.040457
0.327561 0.59215 0.0876395
0.163635 0.492051 0.0909719
0.0484656 0.382845 0.0968538
0.388681 0.527234 0.113714
0.580987 0.490604 0.0833224
0.527999 0.622635 0.0876383
0.723062 0.516115 0.0661851
0.395678 0.351366 0.0600645
0.145712 0.478407 0.0880493
0.6459 0.456037 0.0815115
0.393608 0.5819 0.120166
0.20391 0.478054 0.0806835
0.408209 0.278873 0.0632149
0.138716 0.469255 0.0644906
0.216936 0.433398 0.0831658
0.233775 0.533017 0.0933309
0.344436 0.638828 0.0856494
0.505802 0.12523 0.133238
0.447418 0.576543 0.131954
0.457932 0.634174 0.0447779
0.149741 0.404067 0.0869998
0.39021 0.872987 0.090654
0.258409 0.510489 0.0754871
0.402314 0.906257 0.11388
0.385581 0.817577 0.0900723
0.206202 0.458609 0.0815546
0.383383 0.630079 0.0889995
0.136225 0.424678 0.0960863
0.231888 0.489132 0.0916752
0.416973 0.469401 0.0428796
0.548369 0.572563 0.0888318
0.417542 0.943064 0.116501
0.460425 0.450646 0.122137
0.356846 0.06657 0.135618
0.433207 0.702828 0.142569
0.467737 0.689762 0.0555449
0.484254 0.658474 0.0594956
0.6175 0.474172 0.0877186
0.614419 0.571157 0.0399151
0.403085 0.514605 0.0430633
0.704484 0.422197 0.0859996
0.386589 0.609151 0.0530038
0.430786 0.10887 0.215068
0.468001 0.275088 0.103561
0.589513 0.606094 0.0348726
0.430786 0.095524 0.220984
0.614189 0.574647 0.0383871
0.471983 0.654321 0.0993085
0.647036 0.475215 0.080601
0.263312 0.535432 0.0916466
0.391862 0.820617 0.120033
0.453371 0.659695 0.12807
0.453269 0.749924 0.137706
0.387442 0.799728 0.076611
0.436822 0.434157 0.135627
0.415881 0.355601 0.0482076
0.471999 0.56098 0.0582368
0.349215 0.519205 0.0757046
0.471685 0.718965 0.0879231
0.347841 0.0476122 0.137044
0.480376 0.613891 0.0581687
0.469031 0.483173 0.0535907
0.461175 0.787277 0.0615796
0.406245 0.444884 0.046037
0.384851 0.47952 0.0882504
0.525043 0.491846 0.0696734
0.430786 0.146588 0.199469
0.467734 0.70108 0.112622
0.378264 0.0736002 0.127288
0.260867 0.582825 0.0370832
0.59019 0.502868 0.0876915
 0.432 0.901546 0.0601135
0.429925 0.0743775 0.181495
0.395123 0.363192 0.0599881
0.388861 0.83267 0.0752782
0.470327 0.450662 0.0767382
0.440588 0.332302 0.134672
0.537064 0.628435 0.08503
0.395586 0.333796 0.122352
0.472434 0.535787 0.0740964
0.437814 0.643888 0.135379
0.0608202 0.35406 0.0956302
0.573616 0.550003 0.0711619
0.675288 0.508574 0.0886345
0.465208 0.659959 0.11685
0.458501 0.138489 0.127024
0.238343 0.603187 0.0319643
0.652115 0.529078 0.0883318
0.0872127 0.416926 0.0955777
0.617437 0.598692 0.054034
0.396235 0.508376 0.123069
0.431046 0.56319 0.0427052
0.438535 0.806814 0.148517
0.538357 0.061033 0.138528
0.118534 0.49985 0.0529812
0.410162 0.943489 0.109036
0.396639 0.645691 0.123516
0.391136 0.439189 0.0591942
0.472006 0.444898 0.0848287
0.779433 0.404659 0.0897865
0.467276 0.859132 0.0889181
0.502573 0.497095 0.0711026
0.440834 0.597986 0.134565
0.263616 0.503747 0.0751827
0.397414 0.657695 0.124372
0.424989 0.100234 0.173245
0.395693 0.301167 0.120805
0.549482 0.504485 0.0707861
0.0978371 0.409999 0.0964921
0.709481 0.443952 0.085074
0.420592 0.543705 0.135936
0.237873 0.559501 0.0872577
0.397743 0.30872 0.123781
0.397583 0.62256 0.0449563
0.383441 0.454373 0.0961769
0.735986 0.519315 0.0621811
0.603075 0.597224 0.0273057
0.426062 0.0545481 0.240568
0.470319 0.743808 0.0788274
0.434138 0.368901 0.136099
0.197254 0.502567 0.0799159
0.431296 0.877675 0.14903
0.390991 0.150616 0.125876
0.40197 0.474911 0.0437145
0.328526 0.521886 0.066822
0.428613 0.0394244 0.269161
0.485993 0.667651 0.0840602
0.391582 0.8809 0.0936539
0.522037 0.518142 0.064145
0.526934  0.623 0.0650912
0.786903 0.374383 0.0910395
0.451752 0.402082 0.0508943
0.449849 0.902902 0.120579
0.718343 0.44633 0.0951516
0.581468 0.494988 0.0840689
0.259499 0.625599 0.053248
0.422196 0.473614 0.136176
0.463988 0.453673 0.118199
0.410185 0.791683 0.049873
0.414854 0.2326 0.0717268
0.388439 0.570073 0.113272
0.252144 0.512451 0.0730784
0.467227 0.654301 0.0507796
0.370867 0.542143 0.0607639
0.155068 0.398709 0.0871167
0.430249 0.0754636 0.240157
0.404327 0.358677 0.052594
0.385889 0.771142 0.0809343
0.730842 0.494805 0.0410724
0.42397 0.641119 0.136433
0.136311 0.430383 0.0779164
0.302565 0.0350594 0.144494
0.754169 0.407728 0.0968593
0.424884 0.150926 0.188543
0.411483 0.295737 0.0586731
0.383498 0.496613 0.0931836
0.458823 0.603218 0.0453049
0.115613 0.451563 0.0905854
0.331495 0.485017 0.0726587
0.434386 0.60625 0.0427305
0.306873 0.0648685 0.145065
0.42269 0.119385 0.151893
0.468111 0.604317 0.0517622
0.466508 0.793832 0.115698
0.415424 0.689235 0.0430294
0.451076 0.485295 0.129667
0.467649 0.522909 0.112776
0.430606 0.0868782 0.203346
0.389977 0.760283 0.0673474
0.74973 0.43955 0.0884764
0.421495 0.592378 0.0427383
0.38742 0.750825 0.072655
0.384409 0.410416 0.103897
0.41173 0.123122 0.10455
0.431106 0.939001 0.120724
0.147379 0.485985 0.0591055
0.412193 0.918904 0.0688565
0.472125 0.444081 0.0868314
0.632205 0.47036 0.0802292
0.400323 0.615523 0.0441054
0.368921 0.491277 0.0663062
0.0810927 0.376484 0.0959792
0.144601 0.520278 0.0635381
0.622629 0.518566 0.0933378
0.220236 0.469655 0.0902736
0.473169 0.509657 0.0635497
0.466045 0.509136 0.0488126
0.461382 0.857621 0.119776
0.556122 0.557514 0.0891191
0.331451 0.485048 0.0701779
0.425379 0.857945 0.0513774
0.510744 0.659843 0.0784224
0.396406 0.892159 0.108852
0.306427 0.564251 0.0678829
0.447309 0.143419 0.13015
0.594283 0.484678 0.0766735
0.384234 0.484268 0.102503
0.422222 0.171415 0.0838162
0.436828 0.673163 0.04275
0.274245 0.526932 0.0899498
0.301891 0.0792346 0.142228
0.40892 0.598718 0.132189
0.504616 0.638992 0.0863956
0.467487 0.262698 0.0995581
0.430786 0.0822197 0.184836
0.469962 0.698261 0.108561
0.428242 0.0708131 0.156834
0.708453 0.477475 0.051034
0.683311 0.481435 0.0942243
0.129467 0.455985 0.0501419
0.383383 0.560867 0.0802038
0.644046 0.536589 0.0876319
0.359758 0.51283 0.0653345
0.135508 0.459587 0.0646705
0.394727 0.852193 0.0699905
0.653955 0.430784 0.0835946
0.716149 0.461034 0.0629217
0.486179 0.0597225 0.13108
0.42984 0.0499993 0.260824
0.346995 0.620198 0.0870178
0.265957 0.512128 0.0894841
0.454457 0.0869699 0.121909
0.357787 0.51611 0.0736985
0.492375 0.63274 0.0859825
0.472145 0.411223 0.0841133
  0.43 0.0843001 0.258594
0.264057 0.587117 0.0802095
0.397331 0.468861 0.0464768
0.707867 0.499135 0.0409768
0.246458 0.51563 0.0928476
0.471629 0.575882 0.102129
0.382534 0.665965 0.0578274
0.471261 0.552644 0.105059
0.59202 0.527729 0.0740122
0.42503 0.106116 0.187128
0.750277 0.38606 0.0944113
0.393773 0.294719 0.0703558
0.534805 0.55919 0.0864646
0.411218 0.944874 0.0822392
0.253586 0.59676 0.0304503
0.0365362 0.329245 0.0950827
0.468255 0.364468 0.111672
0.376028 0.523244 0.0716323
0.694821 0.473272 0.0943343
0.480415 0.136998 0.123574
0.174453 0.424726 0.0848248
0.440269 0.804943 0.147822
0.41339 0.424441 0.0460475
0.593229 0.594318 0.0377738
0.7242 0.396629 0.0879977
0.342283 0.101143 0.137253
0.469678 0.29558 0.102073
0.368742 0.522071 0.0637621
0.56025 0.597397 0.0695164
0.45438 0.271478 0.126378
0.130904 0.526924 0.0683212
0.470276 0.810324 0.101016
0.445574 0.392526 0.132784
0.566507 0.501862 0.068603
0.397403 0.830452 0.129422
0.605802 0.586286 0.0760919
0.253178 0.569702 0.0661261
0.421343 0.837471 0.0493778
0.39733 0.840564 0.0640641
0.49617 0.588223 0.0837817
0.414155 0.872335 0.145969
0.430786 0.0994481 0.193428
0.472887 0.133124 0.128988
0.383383 0.641456 0.085282
0.776144 0.362344 0.0912401
0.451236 0.630939 0.0432112
0.455889 0.645899 0.0441882
0.455841 0.862394 0.0644026
0.25276 0.626643 0.0254046
0.509483 0.0958248 0.131689
0.393646 0.407765 0.120207
0.679317 0.416428 0.0875014
0.231285 0.525536 0.0933602
0.427912 0.0483878 0.209371
0.443664 0.385316 0.133574
0.161001 0.464432 0.0946874
0.459328 0.6422 0.12335
0.407117 0.328346 0.0537553
0.0995575 0.392037 0.0963732
0.472434 0.506095 0.0867678
0.65381 0.448296 0.0894867
0.389403 0.738215 0.0670223
0.387426 0.289144 0.106062
0.428593 0.510472 0.136759
0.489699 0.6798 0.0759972
0.548926 0.596355 0.0896017
0.458069 0.685457 0.0468424
0.163251 0.41305 0.0832338
0.423919 0.885258 0.0564754
0.406258 0.602669 0.130722
0.628681 0.452977 0.0853575
0.723883 0.439851 0.0858126
0.392257 0.302729 0.116977
0.472351 0.668843 0.0940795
0.383383 0.573203 0.0952707
0.717811 0.508893 0.0763117
0.460861 0.46259 0.0496556
0.430124 0.0776047 0.197688
0.741969 0.44606 0.0932826
0.421146 0.161292 0.0863691
0.0980402 0.381011 0.0896472
0.628283 0.491559 0.079002
0.443099 0.401401 0.133772
0.460736 0.157509 0.119714
0.402134 0.672696 0.128123
0.408221 0.919976 0.0736689
0.387396 0.678184 0.11137
0.48069 0.564807 0.078293
0.365377 0.533023 0.0751882
0.395744 0.491758 0.122526
0.4935 0.653239 0.0853306
0.468266 0.269092 0.0891628
0.363376 0.131094 0.126296
0.253178 0.605397 0.0627095
0.424767 0.488119 0.136513
0.414382 0.45869 0.134355
0.34524 0.631505 0.0872994
0.201574 0.476762 0.0808758
0.395609 0.823636 0.0631298
0.673248 0.467203 0.0822018
0.403323 0.108739 0.119021
0.541971 0.594924 0.0671716
0.587025 0.610118 0.0411577
0.436328 0.472072 0.135751
0.591903 0.625165 0.0473299
0.331251 0.0882164 0.13513
0.628648 0.471301 0.0800024
0.429937 0.0850264 0.261531
0.405336 0.876555 0.0634971
0.162919 0.430471 0.0843143
0.395466 0.086999 0.128323
0.565182 0.0411417 0.147959
0.464069 0.824816 0.0688518
0.457512 0.19334 0.116106
0.37233 0.646549 0.0583371
0.414422 0.326212 0.0520585
0.433743 0.125107 0.150351
0.624561 0.525841 0.0933605
0.339534 0.495352 0.0732221
0.809749 0.34247 0.0958095
0.611026 0.617316 0.0339611
0.39618 0.817478 0.12861
0.242497 0.454003 0.0808715
0.392887 0.550253 0.119368
0.695383 0.484194 0.0836656
0.475788 0.63589 0.0573987
0.471358 0.66021 0.104285
0.370159 0.532923 0.0617838
0.266983 0.607236 0.0513493
0.395053 0.221099 0.113039
0.476249 0.631568 0.0574828
0.443439 0.798809 0.145976
0.0891023 0.42438 0.0944736
0.483172 0.648358 0.0858943
0.463806 0.515871 0.0466287
0.302445 0.0444228 0.146142
0.390561 0.466001 0.0536773
0.790932 0.396124 0.0965101
0.195417 0.517347 0.0807403
0.351368 0.505559 0.06669
0.388097 0.830611 0.108871
0.261305 0.59676 0.0530844
0.494659 0.525223 0.0746832
0.383383 0.560795 0.0876686
0.400497 0.525983 0.0435181
0.469371 0.544448 0.109638
0.462318 0.250147 0.0820963
0.425706 0.615498 0.136607
0.131005 0.465652 0.0628159
 0.452 0.643669 0.129024
0.413813 0.84989 0.146904
0.344348 0.589907 0.0860493
0.734236 0.50013 0.0440508
0.0559226 0.340742 0.0937309
0.404451 0.366183 0.0519626
0.388221 0.140656 0.127965
0.138212 0.511656 0.0472397
0.454357 0.857326 0.133456
0.480071 0.109118 0.12488
0.752511 0.420902 0.0878984
0.352826 0.566583 0.0620583
0.418361 0.36229 0.0472141
0.387407 0.491625 0.111391
0.44953 0.628015 0.130742
0.430786 0.121819 0.204846
0.721402 0.459147 0.0631014
0.121166 0.518338 0.0642262
0.498077 0.633011 0.0603534
0.471319 0.484126 0.0719925
0.143619 0.46252 0.0843252
0.448461 0.834419 0.14264
0.445945 0.120388 0.108866
0.534065 0.514236 0.0792489
0.333701 0.646877 0.0690742
0.493042 0.658457 0.0847776
0.620498 0.463815 0.0801869
0.449977 0.65579 0.130431
0.520615 0.602515 0.063546
0.430139 0.752674 0.148067
0.398107 0.447309 0.125052
0.424616 0.176845 0.181959
0.350388 0.0981128 0.130747
0.36577 0.0862278 0.127629
0.437245 0.5265 0.0426786
0.715779 0.455745 0.0458543
0.263681 0.574034 0.0901285
0.408168 0.137109 0.128567
0.579248 0.499161 0.0844702
0.828138 0.34115 0.0954745
0.393116 0.773722 0.123327
0.4993 0.0585383 0.132867
0.39532 0.883812 0.111137
0.28496 0.58822 0.0707579
0.59481 0.612911 0.0584843
0.421069 0.262184 0.0636307
0.131977 0.521795 0.0395192
0.106641 0.386178 0.0891481
0.416283 0.106212 0.102858
0.4051 0.295453 0.129587
0.458496 0.860562 0.0676602
0.23401 0.458334 0.080674
0.405249 0.890753 0.126196
0.327652 0.475518 0.0715052
0.668937 0.512436 0.0903217
0.131139 0.422108 0.0961743
0.485127 0.653422 0.0589654
0.43061 0.151825 0.0880328
0.37567 0.641762 0.057931
0.602905 0.554574 0.0670598
0.606748 0.559263 0.0740234
0.252266 0.465904 0.0794768
0.472434 0.511105 0.093217
0.479507 0.55487 0.0765163
0.393164 0.842446 0.0706394
0.468051 0.631819 0.112043
0.468948 0.277424 0.0868962
0.449637 0.920693 0.0771864
0.451789 0.260712 0.12827
0.411922 0.729064 0.0471121
0.411114 0.181943 0.0840947
0.237513 0.462573 0.0802372
0.63986 0.542174 0.0846379
0.452512 0.466692 0.128668
0.792043 0.376082 0.0911666
0.449376 0.70893 0.137647
0.390146 0.0699108 0.126488
0.203155 0.427542 0.0845786
0.430315 0.0885577 0.165084
0.422423 0.106524 0.0990082
0.450566 0.187794 0.128527
0.605351 0.600407 0.0743765
0.343913 0.0623133 0.138132
0.703264 0.408242 0.0866447
0.399758 0.383935 0.0543275
0.55509 0.047829 0.142366
0.821437 0.338285 0.0944395
0.817793 0.372157 0.0973739
0.232732 0.554434 0.0877046
0.595255 0.61601 0.0589074
0.469409 0.383834 0.0748277
0.3637 0.563718 0.0604507
0.444815 0.799093 0.145427
0.597499 0.54673 0.0739464
0.611698 0.533953 0.075967
0.426761 0.410942 0.136713
0.42523 0.322018 0.13656
0.445331 0.82308 0.145488
0.452986 0.238214 0.126655
0.336093 0.483272 0.0714959
0.4829 0.657395 0.0854191
0.351628 0.500768 0.0721045
0.314605 0.572451 0.0882364
0.475936 0.682013 0.062224
0.383625 0.448196 0.0976478
0.143597 0.522131 0.0651969
0.316984 0.0952189 0.140481
0.492051 0.574823 0.0814609
0.369315 0.524559 0.0731166
0.388106 0.844406 0.102159
0.4523 0.354849 0.0533562
0.542075 0.0858554 0.143046
0.465766 0.335387 0.116209
0.230191 0.463678 0.0870549
0.224226 0.482531 0.0917901
0.607776 0.580593 0.0548132
0.370248 0.126977 0.125042
0.418582 0.260305 0.135934
0.347806 0.516634 0.0660191
0.437716 0.886725 0.145108
0.31321 0.54821 0.0673921
0.38333 0.0822305 0.125075
0.233496 0.627142 0.0402478
0.805469 0.394324 0.0925738
0.131864 0.420497 0.0868692
0.509728 0.04967 0.137438
0.440235 0.923487 0.0669826
0.540111 0.494117 0.0770828
0.470894 0.503002 0.10686
0.30742 0.0623248 0.14505
0.388212 0.620544 0.112858
0.405226 0.725611 0.0477779
0.430786 0.102555 0.197954
0.491198 0.120749 0.126739
0.271017 0.458271 0.0778137
0.418356 0.565347 0.135467
0.461546 0.74996 0.0600693
0.450471 0.145441 0.111394
0.495339 0.503297 0.0660627
0.341228 0.571221 0.0847363
0.12099 0.497855 0.0454677
0.415267 0.749469 0.145135
0.399054 0.260394 0.0727419
0.453438 0.354249 0.0540558
0.472004 0.762603 0.095262
0.471515 0.739812 0.0861578
0.736224 0.495086 0.0566367
0.243309 0.611639 0.0271903
0.0331511 0.343166 0.0973062
0.408139 0.684612 0.042946
0.391962 0.224332 0.095336
0.421484 0.0729085 0.137236
0.401156 0.174459 0.0980064
0.652533 0.473939 0.0809438
0.327046 0.642257 0.0803601
0.028265 0.373818 0.0959337
0.427872 0.036036 0.244229
0.244392 0.621885 0.054416
0.471733 0.489174 0.0608041
0.359974 0.119426 0.127872
0.654716 0.496277 0.0800237
0.464306 0.231835 0.100763
0.27396 0.463718 0.0788416
0.272394 0.577934 0.0723785
0.666698 0.445265 0.0830096
0.375966 0.525623 0.0720155
0.422849 0.678607 0.0427191
0.463208 0.57106 0.11906
0.617815 0.623437 0.0433346
0.647673 0.482624 0.0936044
0.353559 0.638224 0.061094
0.383062 0.148505 0.126891
0.778463 0.404495 0.0897237
0.539291 0.506502 0.0696996
0.432831 0.0969418 0.139359
0.426318 0.29967 0.136669
0.451447 0.817176 0.139883
0.554718 0.480598 0.0732648
0.58923 0.475687 0.0824417
0.373418 0.600864 0.0586046
0.606384 0.56985 0.060979
0.60675 0.58063 0.0624507
0.655524 0.516669 0.0797123
0.423099 0.404405 0.0449525
0.472434 0.640809 0.0916124
0.46588 0.463109 0.116001
0.402226 0.283645 0.0650604
0.11797 0.512394 0.0557853
0.441714 0.959821 0.0987807
0.086508 0.423642 0.0942729
0.456694 0.139635 0.118272
0.400885 0.232259 0.0774998
 0.471 0.0585253 0.129975
0.449295 0.367994 0.130906
0.393292 0.854494 0.117625
0.437402 0.293404 0.0575342
0.440809 0.201103 0.13548
0.134188 0.435495 0.0840051
0.503448 0.598459 0.0856066
0.408682 0.745653 0.0489548
0.359297 0.619064 0.06029
0.615692 0.594756 0.0498619
0.145865 0.484523 0.0611325
0.408564 0.936742 0.0820681
0.354345 0.515399 0.0656054
0.290432 0.037937 0.14791
0.472434 0.658617 0.0949953
0.418716 0.127116 0.0961321
0.416382 0.174165 0.136899
0.386915 0.299987 0.0815792
0.482553 0.682015 0.0649148
0.48731 0.542524 0.0760753
0.725667 0.502859 0.0707791
0.426918 0.0811419 0.103434
0.380408 0.555446 0.0758254
0.364491 0.624747 0.0854783
0.291248 0.525356 0.068184
0.48041 0.142088 0.123266
0.393578 0.256831 0.115238
0.491469 0.5674 0.0603025
0.429964 0.06575 0.245054
0.499193 0.116523 0.128824
0.31619 0.478597 0.074157
0.417974 0.198176 0.137408
0.6854 0.427511 0.0821844
0.445302 0.419116 0.132906
0.290876 0.562575 0.089957
0.433729 0.355294 0.047638
0.383444 0.667085 0.0945064
0.613215 0.600342 0.0578384
0.40067 0.180075 0.120544
0.544995 0.546545 0.0677628
0.522729 0.0632159 0.135085
0.45442 0.277688 0.126468
0.459581 0.169215 0.119546
0.416918 0.757126 0.0465097
0.298945 0.0581592 0.146697
0.134712 0.463305 0.0741514
0.6362 0.47208 0.0774925
0.344432 0.582454 0.0855506
0.145109 0.473017 0.0470825
0.642792 0.440302 0.0778173
0.472371 0.44563 0.0962203
0.387396 0.283832 0.0830621
0.40208 0.321311 0.127578
0.46349 0.468108 0.0510256
0.808186 0.393411 0.0928899
0.251496 0.557014 0.0577961
0.481962 0.14372 0.128504
0.427152 0.141862 0.0901158
0.434765 0.821127 0.149439
0.149101 0.428574 0.0951396
0.472139 0.70369 0.0980655
0.546776 0.495852 0.0712858
0.429609 0.780507 0.0459812
0.587652 0.579528 0.0732272
0.395072 0.870274 0.118676
0.404441 0.179606 0.0914729
0.378416 0.517728 0.0703162
0.383383 0.537835 0.0937866
0.419736 0.612858 0.042744
0.399517 0.551657 0.126033
0.360795 0.635546 0.0863769
0.394203 0.440578 0.120824
0.362155 0.656762 0.0616904
0.795353 0.40296 0.0918621
0.47099 0.322404 0.103335
0.407365 0.835842 0.14259
0.381246 0.618626 0.0573431
0.504746 0.584886 0.0617697
0.509421 0.511795 0.0749177
0.732736 0.515925 0.0670772
0.430879 0.158753 0.190662
0.446764 0.918286 0.119138
0.698701 0.449709 0.0952036
0.638549 0.422032 0.0802032
0.406292 0.922834 0.114501
0.127238 0.423552 0.0961203
0.472434 0.530403 0.0901287
0.385157 0.793537 0.102196
0.252599 0.572864 0.0553725
0.138061 0.507413 0.0720319
0.406083 0.382107 0.1306
0.403602 0.328111 0.0558395
0.433191 0.0528942 0.121832
0.386202 0.723235 0.109572
0.450694 0.652583 0.129932
0.47168 0.320666 0.0936263
0.469409 0.793287 0.0807682
0.45709 0.912592 0.0928061
0.385322 0.819421 0.0946194
0.407955 0.147799 0.129214
0.421727 0.130871 0.0944203
0.46454 0.668682 0.117589
0.276186 0.50988 0.0871224
0.459326 0.719086 0.125886
0.209602 0.520821 0.0932223
0.394647 0.309891 0.120018
0.327489 0.525567 0.0804283
0.465805 0.387071 0.0656757
0.331163 0.47952 0.0706633
0.384776 0.0891848 0.123623
0.393175 0.157123 0.120045
0.0367546 0.359155 0.0929058
0.43298 0.0528939 0.131152
0.622482 0.466382 0.0870029
0.425141 0.0825018 0.222476
0.0404378 0.352787 0.0973734
0.383383 0.631488 0.0896683
0.391499 0.0794073 0.124582
0.439977 0.673267 0.0427675
0.45312 0.847473 0.136598
0.447724 0.719614 0.0467047
0.388221 0.269654 0.0851781
0.38839 0.507433 0.113183
0.418545 0.60674 0.0427609
0.465971 0.810241 0.0717784
0.198085 0.493711 0.0939079
0.134701 0.456828 0.0945133
0.42503 0.129368 0.214462
0.4686 0.749335 0.0730287
0.461858 0.563826 0.120553
0.38643 0.383335 0.0747836
0.420682 0.153404 0.0883047
0.260439 0.565956 0.045405
0.495491 0.613155 0.0602081
0.461074 0.227355 0.0855055
0.441087 0.820864 0.0486684
0.421972 0.616747 0.136142
0.830497 0.356947 0.0961128
0.0643268 0.384402 0.0909286
0.150967 0.525729 0.0611306
0.432323 0.771272 0.0460783
0.411476 0.609917 0.0427861
0.400048 0.893012 0.115192
0.425734 0.226194 0.148207
0.471199 0.38526 0.0801934
0.544725 0.0372265 0.143072
0.413446 0.304487 0.0564454
0.614229 0.566015 0.0826906
0.430913 0.174228 0.188942
0.450373 0.396104 0.050194
0.426087 0.295514 0.0565054
0.470731 0.692717 0.0611299
0.431854 0.158853 0.164818
0.418723 0.711756 0.143029
0.426934 0.236547 0.142823
0.750972 0.377703 0.0897785
0.453013 0.736797 0.0513806
0.427978 0.514599 0.136821
0.424206 0.688264 0.0427511
0.450748 0.784386 0.141404
0.521303 0.577403 0.064259
0.422627 0.635515 0.136241
0.642627 0.447875 0.076198
0.466338 0.86063 0.0826639
0.671562 0.41761 0.0849916
0.556963 0.500714 0.0717859
0.460158 0.683693 0.122822
0.192365 0.477347 0.0943496
0.356552 0.610746 0.0607385
0.40646 0.267513 0.130495
0.594388 0.573109 0.0454971
0.42503 0.121984 0.198579
0.424219 0.10754 0.166821
0.338627 0.0487816 0.138921
0.50537 0.515467 0.0748511
0.43505 0.924549 0.0664641
0.287783 0.560294 0.0704287
0.442359 0.238427 0.0708874
0.13942 0.481439 0.0421879
0.407386 0.361751 0.131499
0.470904 0.3684 0.106842
0.384597 0.344712 0.0802309
0.516834 0.642772 0.0657172
0.438312 0.810845 0.047895
0.435921 0.173869 0.141512
0.425487 0.113113 0.237561
0.460317 0.509633 0.0441565
0.458528 0.223478 0.118451
0.517456 0.562329 0.0613211
0.409456 0.759911 0.0490753
0.425058 0.0897014 0.204266
0.406279 0.9292 0.11182
0.76103 0.424679 0.0951262
0.289494 0.517504 0.0861734
0.401658 0.378939 0.0530532
0.432809 0.888112 0.146926
0.38895 0.860586 0.0941071
0.430786  0.134 0.213099
0.223755 0.489405 0.0926465
0.447909 0.915636 0.118006
0.386041 0.314894 0.0810714
0.649603 0.499792 0.0938183
0.423183 0.28748 0.136324
0.363989 0.581466 0.0822181
0.38862 0.57176 0.0507467
0.145943 0.478703 0.0473962
0.29313 0.0504077 0.14446
0.387194 0.824701 0.0800351
0.056482 0.396252 0.0918424
0.417374 0.940608 0.0737879
0.465314 0.781347 0.117882
0.376378 0.688388 0.0766147
0.286293 0.035215 0.147171
0.804736 0.395531 0.0925736
0.721867 0.455459 0.0841221
0.4454 0.184753 0.0838561
0.430467 0.973974 0.0993489
0.42285 0.142357 0.156932
0.444671 0.954344 0.0981156
0.251733 0.574167 0.0845259
0.515699 0.523178 0.0778112
0.411297 0.682592 0.136268
0.530228 0.601336 0.0651537
0.395552 0.882802 0.112125
0.341707 0.0920135 0.132774
0.39729 0.199666 0.109143
0.432019 0.152829 0.161512
0.0344085 0.380989 0.0940806
0.650139 0.51311 0.0790998
0.268162 0.48843 0.0841621
0.467995 0.121999 0.128903
0.486557 0.510553 0.0707709
0.404917 0.0782113 0.123034
0.472129 0.448582 0.0940234
0.729473 0.495442 0.0400574
0.384683 0.523736 0.10608
0.249779 0.626708 0.0252576
0.526082 0.567102 0.0649987
0.085729 0.404875 0.0891732
0.641098 0.502914 0.0937498
0.735101 0.436735 0.0866083
0.466226 0.622882 0.11537
0.394833 0.300938 0.119725
0.105976 0.4258 0.08767
0.728121 0.412538 0.0873049
0.426571 0.0745883 0.171872
0.385963 0.75848 0.0786702
0.46981 0.741248 0.0757188
0.297161 0.574781 0.0897164
0.403419 0.348069 0.0538731
0.384102 0.703633 0.0739274
0.59548 0.460907 0.0807513
0.451199 0.0796315 0.122814
0.437931 0.892992 0.0593675
0.470176 0.0925752 0.123254
0.671055 0.459616 0.0940263
0.713998 0.401075 0.0914949
0.632053 0.531491 0.0932073
0.424173 0.200691 0.0767637
0.532692 0.089673 0.136991
0.0710499 0.374925 0.0969675
0.471071 0.619888 0.0551526
0.337778 0.0588424 0.139295
0.302809 0.0353908 0.145346
0.413191 0.611974 0.133938
0.40262 0.763114 0.138081
0.207981 0.512913 0.0936793
0.494332 0.673932 0.0681852
0.585841 0.492953 0.0749964
0.709342 0.511656 0.0481203
0.254715 0.583225 0.0323023
0.420875 0.392339 0.135978
0.453094 0.162105 0.10185
0.367787 0.535904 0.0614505
0.430748 0.0978716 0.239112
0.326478 0.60245 0.0649362
0.385672 0.803129 0.104204
0.438839 0.818545 0.0481463
0.130694 0.497086 0.0374728
0.428943 0.0786854 0.152455
0.525944 0.534612 0.06564
0.434994 0.898152 0.0599459
0.105467 0.434955 0.0881245
0.422255 0.177237 0.157254
0.63862 0.474421 0.076321
0.471096 0.783071 0.100628
0.596798 0.505739 0.089763
0.388087 0.852323 0.0939232
0.46108 0.209865 0.10065
0.370844 0.528282 0.0734065
0.18556 0.504018 0.0930655
0.0785139 0.401062 0.0896755
0.377306 0.092462 0.131533
0.462298 0.880796 0.0806036
0.544966 0.48195 0.0757646
0.457675 0.290813 0.0664895
0.369176 0.623988 0.0589148
0.472335 0.340611 0.091764
0.384605 0.478256 0.105455
0.427548 0.599149 0.0426815
0.462095 0.801553 0.0636878
0.662002 0.463143 0.0934498
0.40871 0.685216 0.135302
0.389282 0.658426 0.114808
0.394508 0.893603 0.100081
0.379928 0.153288 0.12252
0.423648 0.121555 0.169474
0.0584298 0.401513 0.0920296
