0.528974 0.366763 0.0680821
0.926674 0.382718 0.114391
0.265686 0.442589 0.127052
0.658268 0.364929 0.0708267
0.154505 0.401748 0.0430436
0.346879 0.37099 0.119795
0.922371 0.408159 0.236321
0.776328 0.417549 0.143603
0.156449 0.424329 0.0443344
0.422972 0.265174 0.0624657
0.356806 0.619505 0.0529301
0.499908 0.453608 0.0692624
0.464137 0.487033 0.0759907
0.710718 0.408752 0.1399
0.450261 0.455123 0.0878374
0.304005 0.36319 0.104508
0.0534523 0.429174 0.0679551
0.56033 0.412331 0.139602
0.463049 0.379011 0.1284
0.488735 0.419811 0.138114
0.402085 0.431473 0.0894101
0.806915 0.449622 0.0723398
0.102868 0.37081 0.10114
0.616537 0.408959 0.0416082
0.921682 0.309629 0.129078
0.390804 0.45014 0.0640711
0.531946 0.651849 0.102839
0.33741 0.401548 0.0573934
0.191033 0.410989 0.0416811
0.444825 0.208283 0.0930682
0.383096 0.508969 0.076236
0.497283 0.494558 0.0819413
0.477667 0.235746 0.0749201
0.436364 0.21875 0.0299728
0.118747 0.453274 0.0923283
0.524319 0.707176 0.102396
0.740305 0.376904 0.0545584
0.425001 0.591784 0.0947412
0.736504 0.363004 0.0779806
0.768233 0.363894 0.108043
0.677188 0.374511 0.0564862
0.287565 0.406936 0.0420105
0.817775 0.417203 0.158034
0.452034 0.567443 0.0703947
0.193727 0.458848 0.0893854
0.279986 0.366762 0.113467
0.896284 0.504163 0.125147
0.595398 0.372899 0.0588983
0.397177 0.368728 0.116409
0.399096 0.345636 0.0928663
0.436348 0.232959 0.0605011
0.407187 0.253908 0.088489
0.944979 0.349219 0.121531
0.861005 0.40479 0.207253
0.355598 0.207969 0.0419868
0.934392 0.33392 0.119929
0.289099 0.425996 0.136884
0.669253 0.45362 0.0692807
0.383401 0.414047 0.139261
0.895554 0.413163 0.238723
0.601653 0.456025 0.106351
0.477313 0.184346 0.103024
0.430832 0.565725 0.0661216
0.558437 0.0748666 0.109242
0.506357 0.391915 0.136551
0.449766 0.610071 0.0559478
0.399659 0.531275 0.080674
0.115896 0.377073 0.115441
0.874165 0.409453 0.243168
0.761973 0.433451 0.0483925
0.870613 0.403952 0.178713
0.332179 0.36296 0.103352
0.514858 0.165416 0.0949419
0.420327 0.24705 0.0723395
0.499296 0.388623 0.0765641
0.419855 0.608984 0.0914252
0.117697 0.425122 0.0444953
0.541704 0.457644 0.0833345
0.430184 0.252406 0.0680859
0.288022 0.412909 0.0420628
0.911266 0.51126 0.129087
0.452787 0.200833 0.0746402
0.371355 0.383102 0.0611472
0.330319 0.408018 0.0561594
0.473722 0.597583 0.0745839
0.801327 0.456084 0.0907864
0.421058 0.365697 0.111873
0.949464 0.571181 0.131022
0.472143 0.486755 0.0886913
0.579806 0.362968 0.0781615
0.291081 0.456851 0.0793488
0.71589 0.403333 0.138822
0.577289 0.457098 0.0805917
0.562329 0.452295 0.114254
0.473107 0.580449 0.0472457
0.507025 0.346922 0.0803364
0.362754 0.508689 0.0793386
0.694501 0.456077 0.106092
0.694184 0.360547 0.091218
0.404745 0.24039 0.0508511
0.959204 0.565181 0.133929
0.809448 0.404122 0.0495607
0.48668 0.400776 0.0698278
0.423374 0.491458 0.0938345
0.79562 0.362479 0.0864316
0.907484 0.409648 0.131649
0.381002 0.255768 0.0423387
0.909722 0.373683 0.112971
0.907256 0.412882 0.227029
0.956246 0.404826 0.116398
0.732086 0.458545 0.0936871
0.56981 0.439777 0.0526188
0.93198 0.300041 0.129916
0.476194 0.360642 0.0916931
0.488503 0.407197 0.0757308
0.739452 0.371492 0.0610046
0.564178 0.685378 0.103151
0.559255 0.376344 0.0549322
0.447076 0.202675 0.0640841
0.45641 0.423438 0.137393
0.883972 0.405885 0.132675
0.396813 0.576005 0.0299
0.201654 0.40593 0.0422107
0.525674 0.169097 0.103513
0.840548 0.378302 0.0798663
0.209987 0.394322 0.13703
0.388679 0.391938 0.089344
0.482502 0.269483 0.0863545
0.384802 0.45653 0.0777387
0.810863 0.402685 0.163852
0.248318 0.455866 0.0743995
0.461172 0.59412 0.0881562
0.446237 0.467607 0.0703076
0.932403 0.49029 0.126292
0.864642 0.433031 0.121361
0.415456 0.433703 0.048561
0.450021 0.599743 0.09014
0.818917 0.410597 0.137827
0.364448 0.376153 0.12649
0.492028 0.401988 0.075884
0.905203 0.353824 0.12474
0.888717 0.335083 0.119529
0.578523 0.0661423 0.105774
0.475104 0.424614 0.137159
0.205373 0.441938 0.0540632
0.807314 0.405648 0.184278
0.839069 0.412776 0.211976
0.61098 0.38675 0.0479795
0.440247 0.385927 0.0864768
0.136009 0.394883 0.0444104
0.91764 0.411944 0.235508
0.331444 0.409543 0.140058
0.907738 0.4068 0.225576
0.198254 0.414531 0.0423856
0.528513 0.138368 0.0978366
0.466972 0.37697 0.127036
0.182266 0.407017 0.124613
0.0686258 0.382454 0.0788884
0.922147 0.40962 0.187781
0.576883 0.388094 0.134468
0.694358 0.423642 0.0441979
0.598634 0.427077 0.136669
0.484242 0.362811 0.102602
0.0516996 0.428864 0.0774847
0.499353 0.356984 0.0779169
0.52428 0.682303 0.0978794
0.412865 0.363143 0.0772809
0.966542 0.565284 0.131673
0.115115 0.368551 0.101569
0.324911 0.473653 0.0809953
0.470604 0.363461 0.0846899
0.520951 0.680059 0.105927
0.317361 0.384077 0.131784
0.311015 0.390694 0.0453439
0.331142 0.392198 0.136608
0.523442 0.115303 0.10616
0.450333 0.457828 0.0842615
0.550291 0.63894 0.0984609
0.839919 0.443492 0.111794
0.525275 0.371515 0.12058
0.157055 0.362423 0.0850676
0.203709 0.366834 0.0679757
0.828053 0.372245 0.105126
0.397577 0.200973 0.0831569
0.433231 0.386548 0.0481144
0.386796 0.440494 0.0904074
0.370273 0.322129 0.0939831
0.503215 0.386304 0.0744968
0.560467 0.15097 0.100319
0.0634206 0.433752 0.0656906
0.935608 0.5048 0.128047
0.418372 0.431121 0.0468356
0.411414 0.581527 0.0750479
0.813473 0.40811 0.13812
0.235139 0.399873 0.138134
0.297779 0.389661 0.0662822
0.367926 0.409457 0.140041
0.89715 0.406433 0.238504
0.758022 0.368139 0.066022
0.469477 0.366124 0.112512
0.49998 0.409525 0.0735537
0.358325 0.463712 0.0668891
0.361594 0.362461 0.0807094
0.559166 0.363762 0.0741689
0.744721 0.419482 0.138179
0.376507 0.364179 0.109479
0.925881 0.310695 0.121988
0.362838 0.621331 0.0586098
0.921936 0.409088 0.204352
0.405087 0.435579 0.131736
0.393967  0.555 0.0604241
0.471859 0.508337 0.0913908
0.367968 0.261306 0.0684865
0.311105 0.40963 0.0414747
0.143825 0.37362 0.0595728
0.523464 0.422062 0.137666
0.458503 0.516849 0.0942758
0.896627 0.407302 0.167338
0.503353 0.387668 0.0473662
0.894051 0.407644 0.146452
0.211735 0.427094 0.136665
0.461224 0.556439 0.0844172
0.922962 0.41228 0.130378
0.675758 0.424013 0.137278
0.875064 0.435763 0.101142
0.486177 0.457156 0.100668
0.7104 0.458158 0.0956292
0.431955 0.246313 0.068806
0.503146 0.602624 0.0998172
0.631045 0.458954 0.0899224
0.902723 0.334557 0.126706
0.533022 0.141059 0.0976388
0.808296 0.384347 0.130252
0.33071 0.363199 0.0769999
0.934644 0.32536 0.120748
0.507944 0.520727 0.0869473
0.482069 0.402383 0.0774379
0.592628 0.367165 0.06748
0.49877 0.400033 0.0718877
0.592016 0.0671462 0.108845
0.716287 0.4378 0.0512982
0.775603 0.44585 0.123899
0.844422 0.421243 0.134158
0.354662 0.586942 0.0338321
0.358208 0.437197 0.0906216
0.341742 0.364394 0.0716267
0.642143 0.447442 0.060034
0.572184 0.0790952 0.104391
0.418542 0.419416 0.0589085
0.935311 0.36782 0.120051
0.489138 0.399431 0.0435036
0.473856 0.212067 0.0896809
0.453528 0.241152 0.0460653
0.201331 0.410345 0.0988652
0.320236 0.365113 0.0694647
0.543512 0.731188 0.105262
0.386425 0.246849 0.0920758
0.930756 0.396539 0.116329
0.746198 0.456463 0.104151
0.667507 0.451047 0.0654285
0.39962 0.269222 0.0961611
0.379789 0.240265 0.0946716
0.471065 0.611575 0.101908
0.84901 0.388564 0.0714476
0.711406 0.364574 0.110193
0.496407 0.553162 0.0883618
0.156236 0.452516 0.110873
0.481936 0.217785 0.0531168
0.952091 0.569129 0.13476
0.213035 0.360996 0.093475
0.285962 0.400731 0.0796993
0.267829 0.362274 0.0816519
0.435101 0.222739 0.0906294
0.0997821 0.443016 0.0605015
0.566084 0.134882 0.101528
0.490692 0.1871 0.0924179
0.877915 0.427675 0.109945
0.366139 0.587981 0.0371355
0.133679 0.435174 0.0501259
0.531536 0.361983 0.0831137
0.471308 0.253914 0.0854884
0.666549 0.361035 0.0878776
0.78347 0.446755 0.0590054
0.36599 0.360538 0.0911719
0.359723 0.447246 0.0632254
0.904053 0.459945 0.124153
0.618536 0.363964 0.0731529
0.615865 0.361488 0.0959509
0.394676 0.216726 0.0796312
0.475672 0.544818 0.0852676
0.235184 0.361997 0.0985069
0.526942 0.131182 0.106418
0.865894 0.382792 0.114644
0.364527 0.509604 0.0921431
0.429803 0.437059 0.0508029
0.201545 0.440149 0.128682
0.360826 0.454414 0.111082
0.705211 0.454932 0.0712432
0.296411 0.435299 0.0720982
0.312781 0.362602 0.0801327
0.414633 0.244665 0.0961994
0.784252 0.416697 0.155357
0.535298 0.652376 0.0964003
0.261241 0.363323 0.0763745
0.0839536 0.382024 0.0602042
0.630559 0.407523 0.139656
0.804597 0.401338 0.134915
0.646442 0.369705 0.117871
0.302809 0.404753 0.0424448
0.490624 0.410174 0.0750811
0.313887 0.42079 0.137919
0.286503 0.396011 0.070519
0.785014 0.387939 0.134365
0.419931 0.367658 0.0650033
0.68888 0.363992 0.0730101
0.551498 0.44897 0.0623197
0.218699 0.438023 0.130103
0.424298 0.554316 0.0838479
0.762023 0.398862 0.0436167
0.378388 0.522033 0.0807793
0.608232 0.458352 0.0868939
0.450351 0.581057 0.0438955
0.223489 0.378564 0.0534492
0.528691 0.204146 0.0944975
0.939794 0.568147 0.134121
0.568017 0.679311 0.101755
0.578996 0.73975 0.104788
0.840316 0.398583 0.0625856
0.11854 0.390346 0.0464172
0.453287 0.596575 0.0885398
0.324174 0.384805 0.0617709
0.496259 0.438529 0.129764
0.533699 0.425064 0.0444806
0.312618 0.449528 0.118395
0.202499 0.397215 0.0439444
0.315228 0.455835 0.0828989
0.455925 0.379332 0.0679413
0.458354 0.235362 0.0766395
0.902975 0.420917 0.0895068
0.922032 0.361985 0.115647
0.128723 0.388225 0.0476634
0.492342 0.645192 0.0938061
0.828942 0.415959 0.182573
0.363404 0.613813 0.0424897
0.8827 0.413215 0.145387
0.376178 0.622755 0.0583106
0.895773 0.412709 0.178128
0.448297 0.360736 0.0693814
0.479869 0.596401 0.100712
0.0929817 0.437992 0.107518
0.907939 0.409718 0.109325
0.844707 0.416673 0.16295
0.480908 0.381026 0.0717336
0.486059 0.560561 0.087127
0.439686 0.496974 0.0939838
0.776849 0.457184 0.100526
0.931375 0.32954 0.126397
0.546008 0.119098 0.100018
0.914039 0.448067 0.113668
0.452022 0.296407 0.0793259
0.467948 0.620645 0.102228
0.292813 0.414304 0.139209
0.470379 0.433655 0.0816091
0.357152 0.494094 0.0916864
0.447413 0.343219 0.0908854
0.335589 0.419906 0.0891009
0.406554 0.228622 0.0773894
0.566427 0.373693 0.12384
0.176115 0.36352 0.0753858
0.912832 0.305742 0.122752
0.0715445 0.382416 0.0859095
0.913183 0.522308 0.129614
0.390817 0.25673 0.0415689
0.385186 0.419488 0.0433715
0.296219 0.427484 0.044962
0.512237 0.380133 0.0524004
0.419323 0.320836 0.0740815
0.432655 0.42728 0.0623183
0.894045 0.410143 0.0820639
0.150527 0.365138 0.0738871
0.556294 0.117935 0.100625
0.798428 0.445947 0.0617729
0.436661 0.388628 0.0467244
0.586318 0.751207 0.109459
0.295987 0.407245 0.0598986
0.943655 0.41809 0.115562
0.44818 0.567862 0.0853503
0.385082 0.512913 0.0770642
0.524021 0.141939 0.097413
0.479173 0.567074 0.0980745
0.392877 0.372841 0.0635237
0.601294 0.402451 0.0429029
0.812605 0.401932 0.147939
0.439286 0.227236 0.0286623
0.543939 0.449673 0.118177
0.936517 0.560894 0.129954
0.806571 0.378959 0.12683
0.129699 0.411071 0.0416974
0.538182 0.643266 0.100753
0.381292 0.197026 0.0543865
0.868506 0.414674 0.207842
0.566115 0.414148 0.13924
0.413583 0.228341 0.0256294
0.936938 0.459313 0.12097
0.43775 0.271614 0.097975
0.224778 0.429079 0.136079
0.902439 0.445567 0.122684
0.828838 0.447194 0.104893
0.96365 0.240465 0.135426
0.411167 0.347171 0.0925274
0.97026 0.410923 0.125764
0.489568 0.195003 0.102532
0.193118 0.453769 0.0695037
0.930148 0.388136 0.114376
0.517824 0.59327 0.0964529
0.404693 0.243347 0.0520487
0.449936 0.572265 0.0494021
0.970329 0.562961 0.131985
0.204954 0.456797 0.10247
0.154319 0.405603 0.0422768
0.428701 0.542207 0.0977115
0.502967 0.361075 0.0876763
0.361237 0.335307 0.0930285
0.362011 0.227679 0.0324616
0.926618 0.414285 0.129781
0.674479 0.411881 0.0418585
0.348077 0.327649 0.0897102
0.211629 0.39973 0.138106
0.450981 0.222977 0.0386905
0.972339 0.240064 0.13378
0.739447 0.391273 0.0451263
0.906262 0.35132 0.124983
0.501949 0.642513 0.0935867
0.0693723 0.391654 0.0541736
0.431324 0.309878 0.0951539
0.870858 0.41368 0.227463
0.336414 0.426719 0.0593325
0.453596 0.212696 0.0348493
0.871089 0.404869 0.205924
0.507972 0.338533 0.0815991
0.171885 0.376604 0.126792
0.93839 0.555101 0.133423
0.39355 0.441151 0.0535371
0.354173 0.35852 0.0664175
0.320973 0.429433 0.0606283
0.915568 0.411162 0.202169
0.901552 0.456539 0.123838
0.189407 0.407896 0.13973
0.423455 0.469127 0.0920437
0.602983 0.0297977 0.112333
0.273426 0.446624 0.12274
0.268638 0.416145 0.138843
0.772939 0.410499 0.139966
0.0705004 0.433947 0.0913291
0.365286 0.513563 0.0916612
0.145618 0.432126 0.12949
0.296869 0.406652 0.139483
0.481176 0.380627 0.129479
0.904672 0.487209 0.118686
0.177083 0.45297 0.113243
0.504566 0.636979 0.0930777
0.623988 0.39977 0.0434361
0.76273 0.403777 0.144268
0.672842 0.457211 0.10039
0.847014 0.418639 0.134435
0.455197 0.26048 0.0579201
0.459005 0.611144 0.0902932
0.535274 0.189717 0.0992479
0.90982 0.418841 0.118592
0.373843 0.487444 0.0716975
0.882769 0.403226 0.0785606
0.374056 0.398954 0.058121
0.412738 0.553341 0.0612626
0.380309 0.262806 0.0592096
0.506842 0.376809 0.0762797
0.693668 0.429528 0.135779
0.868547 0.370198 0.114404
0.419772 0.361992 0.0830674
0.919683 0.52122 0.130142
0.440989 0.618001 0.0783561
0.499284 0.468801 0.0818161
0.507586 0.677527 0.0976374
0.334383 0.361583 0.0964283
0.446979 0.293237 0.0798635
0.452287 0.309122 0.0774431
0.485036 0.262353 0.0868962
0.354588 0.323065 0.0910023
0.494243 0.468243 0.082553
0.942899 0.345581 0.12237
0.42596 0.557584 0.0842241
0.656616 0.457173 0.100582
0.523101 0.642185 0.094439
0.523225 0.226532 0.0931419
0.484316 0.46966 0.0767539
0.454554 0.244517 0.0361388
0.631183 0.393795 0.0446246
0.796782 0.374334 0.123396
0.886238 0.395184 0.109617
0.499664 0.374688 0.0562218
0.578588 0.111636 0.104369
0.597927 0.456492 0.0775454
0.859677 0.415108 0.199341
0.55444 0.44363 0.0551937
0.91859 0.409939 0.17362
0.823953 0.408388 0.202202
0.376683 0.570805 0.0454649
0.449347 0.591684 0.0414052
0.941478 0.431038 0.116056
0.440659 0.411096 0.139848
0.574257 0.429219 0.0455647
0.428516 0.418611 0.060404
0.494199 0.234665 0.0654581
0.402985 0.617838 0.071388
0.639026 0.456978 0.0799901
0.382452 0.372473 0.0910155
0.371055 0.610073 0.0832716
0.647187 0.419686 0.043411
0.702198 0.428567 0.0451774
0.375421 0.23073 0.0403213
0.64895 0.451011 0.116176
0.94602 0.466284 0.119764
0.912092 0.338777 0.117867
0.294544 0.451565 0.0662037
0.446701 0.367408 0.114434
0.57272 0.421942 0.0438596
0.958135 0.531549 0.128981
0.548133 0.184038 0.0982761
0.490263 0.580892 0.0559772
0.93447 0.522398 0.130175
0.7419 0.448291 0.0613047
0.926278 0.450864 0.115619
0.435655 0.458395 0.0944383
0.340834 0.38082 0.0902369
0.437998 0.412537 0.0419889
0.313659 0.369372 0.117373
0.376596 0.391567 0.0895906
0.844304 0.407206 0.062662
0.577831 0.410121 0.140041
0.467905 0.35451 0.0734436
0.534256 0.440192 0.0528963
0.918586 0.409299 0.184866
0.370627 0.501265 0.0752663
0.273979 0.441091 0.0534969
0.232043 0.360717 0.0920711
0.0821354 0.440762 0.0925868
0.48898 0.599274 0.0644861
0.46153 0.3487 0.0882035
0.864564 0.453057 0.117557
0.857155 0.404655 0.204979
0.102465 0.368337 0.0798783
0.732552 0.362994 0.103519
0.92483 0.41039 0.211873
0.819973 0.413838 0.193645
0.849566 0.416599 0.16325
0.491555 0.248064 0.088181
0.350708 0.446511 0.122909
0.391203 0.575016 0.0314763
0.454435 0.565975 0.0989768
0.300922 0.375693 0.0553671
0.345109 0.396146 0.0895434
0.36345 0.510109 0.079687
0.478961 0.308075 0.0816907
0.297528 0.407231 0.059576
0.408293 0.436492 0.0504245
0.434205 0.494115 0.0734115
0.276896 0.403976 0.0738215
0.902735 0.314533 0.127839
0.543948 0.458955 0.0916234
0.562356 0.130509 0.103929
0.472828 0.438592 0.129722
0.892612 0.411768 0.135489
0.326535 0.454105 0.0882592
0.499439 0.396352 0.0441159
0.46271 0.39819 0.0811469
0.90672 0.512046 0.123147
0.855235 0.414564 0.210233
0.936194 0.296333 0.124146
0.417106 0.535405 0.0973735
0.51411 0.660472 0.0955562
0.53965 0.440537 0.128423
0.310137 0.456331 0.0767388
0.949457 0.563707 0.129982
0.362825 0.559969 0.0530372
0.925627 0.534962 0.125795
0.845475 0.437004 0.0762401
0.915452 0.412569 0.247697
0.639966 0.41153 0.0417886
0.329735 0.457247 0.0684359
0.337566 0.345895 0.0890842
0.394115 0.21267 0.0771514
0.382813 0.4365 0.13112
0.202218 0.455001 0.0713478
0.260377 0.419075 0.13826
0.381582 0.211366 0.0350679
0.201331 0.423533 0.110797
0.223494 0.458002 0.0851333
0.422096 0.380808 0.1296
0.474718 0.469625 0.0858987
0.525864 0.711029 0.104781
0.214515 0.456688 0.0785289
0.512529 0.446615 0.122755
0.423668 0.308369 0.0953894
0.903724 0.318864 0.120917
0.905822 0.343493 0.117114
0.504768 0.201558 0.101785
0.441304 0.512235 0.0770377
0.084654 0.375711 0.083324
0.614804 0.399267 0.138014
0.331664 0.437923 0.0620737
0.572418 0.424235 0.0443158
0.37854 0.347183 0.0930254
0.458268 0.199214 0.101139
0.0574255 0.391493 0.0874661
0.820538 0.416849 0.166482
0.891087 0.430887 0.115597
0.40819 0.313133 0.0753794
0.833922 0.398466 0.134885
0.40491 0.625583 0.0563848
0.469208 0.260775 0.0982485
0.529613 0.679156 0.0976492
0.515351 0.367158 0.0674911
0.429055 0.422881 0.137503
0.898312 0.429198 0.115561
0.402835 0.257322 0.0850736
0.527614 0.365197 0.111125
0.310708 0.401648 0.138487
0.402935 0.452328 0.0647877
0.342102 0.346158 0.0900821
0.282889 0.40094 0.0432033
0.224087 0.446923 0.122293
0.451823 0.521831 0.0957577
0.456405 0.621221 0.0928564
0.446617 0.539932 0.097272
0.549852 0.178182 0.0988719
0.52618 0.458903 0.091886
0.352325 0.364776 0.0913959
0.912912 0.358158 0.115181
0.45043 0.221291 0.0309859
0.0744708 0.427904 0.101736
0.574266 0.42559 0.136965
0.662655 0.360486 0.0909106
0.589705 0.0477189 0.111285
0.932451 0.428622 0.114436
0.470012 0.463301 0.0735293
0.400662 0.24043 0.0285476
0.459551 0.47649 0.0737349
0.420081 0.226673 0.0548386
0.951787 0.329452 0.123583
0.34033 0.458598 0.0881298
0.442018 0.228436 0.028723
0.421064 0.300121 0.0781287
0.333377 0.385824 0.132951
0.244678 0.435901 0.0500295
0.518335 0.222904 0.0968674
0.339999 0.403935 0.0567978
0.0964711 0.371872 0.092232
0.425139 0.560609 0.0611201
0.744567 0.372361 0.121846
0.360564 0.410874 0.0885048
0.525283 0.428733 0.0452401
0.494356 0.363105 0.10408
0.754247 0.41833 0.0431411
0.633008 0.390669 0.136189
0.407744 0.456035 0.0752465
0.759245 0.361721 0.0971192
0.868246 0.40421 0.189429
0.501521 0.389119 0.0738825
0.468047 0.326085 0.0775514
0.930628 0.552644 0.132566
0.534946 0.174151 0.0961659
0.894467 0.407866 0.140779
0.315945 0.453996 0.0846108
0.258323 0.430555 0.135092
0.427782 0.605754 0.0593155
0.560393 0.714839 0.101665
0.452391 0.516065 0.0782654
0.905367 0.417687 0.119034
0.399657 0.26315 0.0749286
0.921229 0.439362 0.120122
0.351562 0.407751 0.0887431
0.215672 0.456647 0.103225
0.873665 0.41872 0.0754593
0.366357 0.610743 0.0839287
0.0942431 0.432866 0.0515473
0.619006 0.361786 0.0841048
0.924511 0.42194 0.117027
0.315601 0.440504 0.0655607
0.488839 0.451541 0.0811087
0.782333 0.432715 0.0479009
0.556155 0.144674 0.102771
0.37646 0.441759 0.0539433
0.442178 0.48438 0.0720623
0.802615 0.412554 0.183629
0.37489 0.462415 0.0662409
0.400586 0.454551 0.110877
0.425631 0.201221 0.0416049
0.352998 0.315824 0.0871197
0.54308 0.67315 0.0980335
0.464702 0.59601 0.0883982
0.569492 0.458547 0.0936759
0.483993 0.331351 0.0869819
0.466617 0.275361 0.0839979
0.391143 0.258172 0.0715378
0.70235 0.436169 0.0502083
0.326357 0.389833 0.0459197
0.297076 0.44238 0.127191
0.896365 0.323794 0.120962
0.463669 0.287506 0.0954132
0.128315 0.376546 0.0563093
0.954122 0.279689 0.130801
0.363678 0.364012 0.108639
0.49292 0.535013 0.0867941
0.462119 0.572776 0.0606127
0.364671 0.348929 0.0925637
0.547951 0.361466 0.085713
0.577871 0.755975 0.106016
0.432487 0.563138 0.084778
0.761111 0.403654 0.14256
0.54456 0.165385 0.0977315
0.924535 0.413423 0.130073
0.943502 0.305107 0.123829
0.538082 0.706424 0.107474
0.513051 0.248748 0.091139
0.922013 0.333934 0.126548
0.359782 0.370849 0.0635514
0.930105 0.417212 0.12761
0.440455 0.50721 0.0947901
0.959432 0.29786 0.126699
0.393053 0.195778 0.0712902
0.370039 0.3737 0.0576991
0.421378 0.625518 0.0644852
0.444107 0.534357 0.0968766
0.284165 0.439579 0.129063
0.281686 0.444175 0.0555574
0.806447 0.364813 0.0921806
0.0922127 0.417546 0.118542
0.600848 0.397513 0.137665
0.385408 0.461671 0.0662853
0.380031 0.508261 0.0762136
0.531971 0.368354 0.11585
0.186673 0.435689 0.0498875
0.505423 0.569613 0.0948014
0.900571 0.467656 0.115859
0.909531 0.518974 0.12897
0.387129 0.559991 0.0661158
0.479656 0.560161 0.0970231
0.301183 0.446314 0.123206
0.868958 0.436688 0.121821
0.940976 0.427742 0.115536
0.433587 0.270679 0.0981044
0.478367 0.498295 0.0798262
0.194812 0.423664 0.11076
0.364469 0.319404 0.0761197
0.140318 0.376536 0.0554564
0.380144 0.2377 0.0852894
0.0939998 0.407284 0.0436256
0.866991 0.383315 0.116678
0.454837 0.616176 0.0777433
0.221291 0.422862 0.0440426
0.489618 0.630782 0.102965
0.805708 0.366875 0.105233
0.569904 0.43878 0.129597
0.583012 0.449597 0.118291
0.788728 0.411448 0.0417723
0.504812 0.421635 0.0731473
0.173771 0.407017 0.108839
0.427889 0.360666 0.0918137
0.793601 0.41394 0.174585
0.399498 0.225294 0.0976242
0.920113 0.291152 0.130719
0.163018 0.404199 0.138062
0.606751 0.443987 0.126118
0.529778 0.39212 0.136592
0.138115 0.374489 0.0586835
0.403413 0.62331 0.0770979
0.739661 0.420869 0.137904
0.63227 0.405597 0.0422771
0.53648 0.672017 0.0970893
0.528994 0.193825 0.0948156
0.328562 0.354702 0.0713256
0.0967872 0.428743 0.117501
0.371696 0.336609 0.0707708
0.438792 0.593575 0.0933392
0.904161 0.376695 0.112466
0.407971 0.25663 0.0589412
0.13538 0.436429 0.0509361
0.373834 0.340142 0.0932699
0.159211 0.412405 0.137946
0.664538 0.416388 0.138795
0.751885 0.44882 0.0620954
0.15868 0.439389 0.0525182
0.474617 0.457696 0.097951
0.51667 0.667052 0.0962487
0.686532 0.438008 0.0514374
0.53216 0.655442 0.0960479
0.403419 0.381505 0.0514842
0.412428 0.265755 0.0586175
0.190967 0.384079 0.0497642
0.950695 0.303347 0.127691
0.175666 0.362242 0.0818127
0.438268 0.622182 0.0714385
0.452373 0.371182 0.120081
0.466007 0.245213 0.0534713
0.464253 0.63079 0.0938257
0.489557 0.38751 0.0474715
0.471329 0.462718 0.0736583
0.6206 0.414352 0.1392
0.576493 0.417584 0.0429928
0.832069 0.417695 0.140127
0.77793 0.418252 0.134937
0.253114 0.382133 0.0510646
0.66687 0.452028 0.114653
0.450777 0.387563 0.0474359
0.675275 0.385299 0.132601
0.361109 0.197957 0.0609651
0.437873 0.23992 0.0672566
0.531297 0.62485 0.0951101
0.402686 0.342363 0.0930649
0.448987 0.209263 0.0850165
0.754199 0.426791 0.0448241
0.786333 0.410726 0.139921
0.462473 0.270499 0.0976726
0.051478 0.410586 0.0540377
0.303711 0.407803 0.139712
0.381705 0.281122 0.0878691
0.66357 0.448155 0.12045
0.36266 0.305044 0.0835128
0.188943 0.425951 0.136893
0.399835 0.196234 0.0485093
0.895014 0.427296 0.0928283
0.469226 0.449841 0.117926
0.364227 0.519634 0.0877049
0.554146 0.736958 0.104071
0.293941 0.45775 0.0838667
0.66025 0.440268 0.0529471
0.621285 0.406513 0.0420949
0.197675 0.409698 0.0969347
0.876518 0.405588 0.223136
0.844406 0.412018 0.217277
0.773695 0.403766 0.151948
0.458073 0.195579 0.100799
0.21091 0.428011 0.0450668
0.417898 0.556453 0.0482389
0.574209 0.737301 0.104107
0.441519 0.428109 0.0855017
0.767983 0.414981 0.139075
0.447861 0.453594 0.0692416
0.375509 0.397556 0.0891302
0.413019 0.40244 0.042905
0.609923 0.0350079 0.110269
0.457912 0.400892 0.0815471
0.888441 0.401543 0.0810957
0.452899 0.253986 0.0497105
0.29321 0.382037 0.130421
0.151488 0.457493 0.0896229
0.485999 0.378077 0.127775
0.872328 0.4615 0.116856
0.430754 0.570103 0.0857016
0.892675 0.426293 0.125232
0.0691042 0.394602 0.0521793
0.505319 0.237064 0.090381
0.228847 0.411876 0.139692
0.530319 0.67385 0.105349
0.0849483 0.432671 0.106211
0.389549 0.218577  0.046
0.102552 0.410844 0.126585
0.897093 0.371817 0.122995
0.49821 0.36167 0.0846863
0.911428 0.407898 0.20362
0.313143 0.430525 0.0626192
0.774602 0.437495 0.130456
0.379375 0.575077 0.0333962
0.375098 0.457082 0.101041
0.805367 0.42887 0.0510372
0.367866 0.589652 0.0313246
0.354034 0.423906 0.1373
0.46307 0.356451 0.0723836
0.763486 0.392881 0.0448064
0.3685 0.252055 0.0401739
0.356368 0.38272 0.0610321
0.430428 0.432314 0.062682
0.614763 0.362539 0.101233
0.459508 0.410467 0.0415771
0.442617 0.355829 0.0691692
0.48918 0.599791 0.0560413
0.345597 0.38195 0.0511868
0.760734 0.384669 0.13218
0.444371 0.534185 0.0968591
0.524983 0.458017 0.0852086
0.332169 0.474978 0.0755673
0.777584 0.363047 0.103785
0.449732 0.355319 0.0890922
0.485453 0.211052 0.101474
0.474825 0.587486 0.100166
0.287764 0.361956 0.098303
0.607052 0.457782 0.0840276
0.241772 0.457571 0.0985834
0.927584 0.41022 0.21668
0.386881 0.391964 0.0597069
0.460642 0.478933 0.0742621
0.46235 0.609729 0.0899993
0.385292 0.580404 0.0305566
0.193208 0.456325 0.0767083
0.3562 0.381268 0.0516425
0.486126 0.59355 0.0884837
0.360245 0.569948 0.0852883
0.31425 0.43384 0.0871813
0.52689 0.38668 0.048026
0.26712 0.384045 0.0497868
0.146232 0.366347 0.0702848
0.332288 0.458738 0.0888372
0.375631 0.262054 0.0580723
0.428677 0.607089 0.0909286
0.385375 0.558608 0.0490445
0.434403 0.372265 0.121703
0.591724 0.750754 0.106844
0.41284 0.321393 0.0945421
0.390465 0.446351 0.123149
0.525364 0.374348 0.0567296
0.489613 0.495245 0.087047
0.153656 0.369395 0.113696
0.432399 0.362494 0.0805416
0.49361 0.489113 0.0806982
0.257467 0.444379 0.125856
0.902444 0.403031 0.109176
0.429677 0.247437 0.0860149
0.472874 0.374942 0.0713101
0.394532 0.389736 0.0459844
0.940709 0.256976 0.129847
0.745694 0.416336 0.129827
0.516436 0.448918 0.119308
0.533679 0.718017 0.103178
0.496626 0.414409 0.139188
0.903436 0.49857 0.127821
0.539929 0.693041 0.106542
0.926429 0.447578 0.115339
0.378518 0.202192 0.0726834
0.607713 0.385679 0.0486949
0.564442 0.117289 0.105523
0.479468 0.504274 0.0898429
0.38025 0.495584 0.0733178
0.214777 0.371438 0.0610843
0.57991 0.0636845 0.11032
0.351243 0.492958 0.076296
0.333494 0.4219 0.0583499
0.847322 0.397593 0.111771
0.95682 0.559163 0.133348
0.931331 0.289634 0.131008
0.347844 0.364035 0.0654035
0.307622 0.459113 0.0907205
0.879491 0.364839 0.114134
0.192873 0.430552 0.0464553
0.202625 0.448402 0.0614694
0.254084 0.408868 0.0416264
0.393199 0.606517 0.0502194
0.397246 0.296976 0.078811
0.393409 0.194277 0.0639766
0.229263 0.458688 0.0929649
0.195051 0.405207 0.0423546
0.267852 0.448513 0.0616369
0.606293 0.373437 0.123457
0.929436 0.41052 0.233459
0.403106 0.391013 0.0451779
0.34376 0.377257 0.127228
0.259845 0.456138 0.0757654
0.610078 0.0367958 0.110243
0.454931 0.600401 0.0877024
0.868179 0.433986 0.0861757
0.476202 0.361629 0.0966566
0.905289 0.408221 0.169954
0.394416 0.603607 0.0953549
0.418303 0.221485 0.0729544
0.250791 0.414199 0.13923
0.890364 0.44499 0.112547
0.808026 0.417149 0.159404
0.672615 0.366944 0.11374
0.843555 0.385509 0.0710385
0.426302 0.205761 0.0589693
0.464041 0.421132 0.0665048
0.421835 0.269461 0.0833725
0.504223 0.19204 0.102514
0.405988 0.279031 0.0973899
0.389005 0.564711 0.0864735
0.454659 0.258639 0.0847632
0.802412 0.405474 0.180023
0.447253 0.225819 0.0883257
0.591056 0.37513 0.0557435
0.251143 0.368405 0.065624
0.444381 0.203905 0.0631977
0.125407 0.365685 0.0806653
0.440245 0.58507 0.0662869
0.541182 0.713294 0.101318
0.187773 0.44934 0.0628737
0.239117 0.445945 0.123758
0.464769 0.610057 0.0899852
0.408724 0.380886 0.0898698
0.342083 0.439051 0.0521341
0.502341 0.595512 0.0903161
0.562682 0.376683 0.126844
0.41987 0.557338 0.0764643
0.851518 0.436275 0.0790059
0.478708 0.583823 0.0874041
0.505544 0.627399 0.102483
0.585202 0.372045 0.0601766
0.416617 0.436937 0.130828
0.293348 0.395937 0.0832093
0.370698 0.291405 0.088208
0.517249 0.60834 0.0986785
0.388337 0.201708 0.0827615
0.123779 0.398568 0.0436781
0.397486 0.564959 0.0879956
0.406315 0.432858 0.0894452
0.231567 0.424836 0.0444353
0.688683 0.432588 0.133734
0.835711 0.438374 0.123542
0.371931 0.421542 0.13777
0.429859 0.456364 0.0660462
0.480676 0.363186 0.083101
0.439749 0.395577 0.13728
0.468498 0.291497 0.0942591
0.505305 0.256673 0.0898545
0.367572 0.482699 0.0932953
0.435564 0.44304 0.0547991
0.363375 0.618549 0.0778926
0.954775 0.268546 0.128739
0.600861 0.4561 0.105973
0.560355 0.0895093 0.103176
0.906343 0.413148 0.23226
0.9428 0.417981 0.11319
0.391461 0.274404 0.0856307
0.4118 0.25192 0.0906787
0.920767 0.409342 0.191676
0.203627 0.456756 0.102676
0.671308 0.363963 0.108392
0.379746 0.557274 0.0569408
0.952907 0.263006 0.129042
0.392456 0.594099 0.0464903
0.424675 0.566479 0.0358568
0.166483 0.411206 0.139537
0.160179 0.435472 0.130211
0.367928 0.206708 0.0453168
0.900385 0.312896 0.127285
0.367107 0.232162 0.0378523
0.799296 0.37369 0.0620007
0.657156 0.366476 0.113039
0.531436 0.597886 0.0952255
0.785745 0.425023 0.137077
0.357817 0.566208 0.0450598
0.75041 0.451643 0.066321
0.381353 0.246721 0.0916405
0.701359 0.427074 0.0448804
0.798524 0.379766 0.055477
0.73309 0.458521 0.093807
0.850941 0.406388 0.0654279
0.360839 0.420409 0.0435548
0.45508 0.374348 0.068521
0.384644 0.369012 0.116834
0.174637 0.377303 0.127259
0.687871 0.442214 0.127303
0.334602 0.414897 0.0567778
0.490778 0.321145 0.0873018
0.436643 0.281502 0.0972812
0.582027 0.363518 0.0753973
0.200715 0.407255 0.139603
0.170294 0.448107 0.0610283
0.852779 0.386169 0.0747682
0.244676 0.363755 0.107348
0.799981 0.410346 0.184382
0.727392 0.362542 0.10125
0.456725 0.365232 0.070373
0.140435 0.390332 0.046055
0.493681 0.551305 0.0879347
0.592933 0.379979 0.129046
0.3214 0.425566 0.136969
0.493689 0.208191 0.0903707
0.482838 0.266838 0.0955262
0.704083 0.371389 0.120391
0.608168 0.454293 0.111262
0.286592 0.410304 0.0831253
0.902874 0.41311 0.217938
0.495487 0.456233 0.105309
0.60282 0.393825 0.136931
0.914898 0.324781 0.119858
0.794146 0.434241 0.0499217
0.45384 0.563623 0.0495395
0.399981 0.241942 0.0785218
0.475916 0.592896 0.0759581
0.454657 0.228388 0.0418938
0.283353 0.41769 0.06816
0.125451 0.452389 0.0730509
0.411461 0.42072 0.137933
0.105251 0.396496 0.0440909
0.543817 0.42395 0.137291
0.547495 0.69719 0.106715
0.492289 0.374495 0.125041
0.47927 0.38626 0.0707168
0.479728 0.433707 0.0485637
0.217767 0.378379 0.0535723
0.407012 0.567417 0.0339345
0.843421 0.402369 0.149047
0.404242 0.586555 0.0981601
0.830033 0.417731 0.139888
0.570633 0.100787 0.107016
0.503843 0.337649 0.0811466
0.538647 0.666308 0.10397
0.418078 0.577269 0.095324
0.845302 0.402285 0.13777
0.786686 0.425511 0.0445695
0.479336 0.387976 0.13439
0.912757 0.46483 0.115653
0.421163 0.361839 0.0977147
0.509304 0.181904 0.103144
0.573839 0.101196 0.106513
0.414067 0.344125 0.0694738
0.641556 0.387476 0.134055
0.958323 0.241993 0.135543
0.441003 0.206803 0.0371261
0.136957 0.390873 0.13002
0.606961 0.427172 0.0448999
0.382281 0.470327 0.0679081
0.351271 0.380198 0.0617217
0.805822 0.453499 0.102326
0.37945 0.383972 0.0611237
0.662507 0.372654 0.122285
0.463799 0.548617 0.0975747
0.367146 0.338131 0.0932225
0.364467 0.198122 0.068876
0.493522 0.363277 0.0766078
0.543811 0.367673 0.114831
0.89038 0.424045 0.109631
0.396277 0.207141 0.0354802
0.731337 0.377548 0.0541278
0.398966 0.400052 0.0433799
0.907868 0.408718 0.163441
0.457794 0.238184 0.0446363
0.890798 0.412286 0.145552
0.943995 0.34739 0.120025
0.759418 0.402717 0.1387
0.224725 0.414371 0.139196
0.958101 0.414265 0.118797
0.701222 0.394751 0.137115
0.367573 0.378394 0.0908011
0.855181 0.403001 0.151621
0.515856 0.431104 0.134726
0.401214 0.559009 0.0626238
0.783481 0.441127 0.0535214
0.836777 0.414351 0.203142
0.489588 0.39028 0.045621
0.955499 0.532151 0.129437
0.845029 0.442738 0.0900528
0.688131 0.392087 0.0449645
0.468451 0.185219 0.10185
0.87078 0.391357 0.0794186
0.928398 0.388515 0.114099
0.464896 0.190141 0.0933661
0.443334 0.299368 0.0957805
0.842414 0.422405 0.134092
0.421907 0.252972 0.0598852
0.369082 0.221188 0.0326755
0.942306 0.504994 0.127149
0.24113 0.367536 0.114625
0.360561 0.575044 0.0885223
0.591939 0.386343 0.133298
0.554498 0.362803 0.0789899
0.372327 0.482609 0.0934065
0.78039 0.456249 0.105227
0.588284 0.435804 0.0499644
0.841027 0.402104 0.142857
0.297826 0.456299 0.104974
0.895078 0.404769 0.083158
0.343527 0.427094 0.0592235
0.264483 0.43143 0.134508
0.500475 0.655374 0.09491
0.573031 0.756493 0.110397
0.785629 0.396237 0.0441389
0.221519 0.40918 0.139986
0.343471 0.354171 0.068386
0.930252 0.479513 0.118793
0.333835 0.41067 0.0558677
0.450164 0.40314 0.0824868
0.663958 0.457265 0.100119
0.491716 0.439378 0.0523527
0.570378 0.707388 0.102729
0.362068 0.456954 0.0917674
0.192966 0.362067 0.0826923
0.224982 0.455248 0.0717172
0.662706 0.457067 0.0804373
0.486331 0.466057 0.0835279
0.817287 0.442077 0.123114
0.160504 0.39573 0.0442402
0.806884 0.425048 0.135992
0.46341 0.576121 0.0864043
0.495243 0.524762 0.085733
0.366337 0.301406 0.08997
0.447354 0.203924 0.098345
0.474988 0.596589 0.0453745
0.737182 0.405135 0.0423689
0.221293 0.366921 0.0678451
0.506731 0.358822 0.0786906
0.611619 0.459004 0.0913799
0.823525 0.377318 0.0705858
0.3182 0.455043 0.11014
0.42224 0.215806 0.0561933
0.385834 0.336368 0.0704717
0.603826 0.457198 0.100454
0.890233 0.399593 0.109064
0.218062 0.372348 0.0597235
0.22325 0.454834 0.110454
0.494536 0.235813 0.0983245
0.375821 0.253611 0.0862365
0.452303 0.458374 0.087006
0.42582 0.226542 0.0567352
0.465611 0.244383 0.0680213
0.224754 0.421239 0.0437198
0.452721 0.623392 0.0981295
0.411423 0.41029 0.0567862
0.389447 0.575533 0.04618
0.89127 0.412544 0.155774
0.391123 0.306714 0.0768313
0.531849 0.152771 0.0964585
0.376477 0.21376 0.0343496
0.475855 0.392859 0.0448107
0.825989 0.418066 0.132384
0.295022 0.409321 0.0593789
0.361785 0.222448 0.0367666
0.876201 0.411846 0.24242
0.279614 0.406032 0.0773869
0.549127 0.729312 0.103198
0.426274 0.41358 0.139353
0.93285 0.338917 0.124772
0.9364 0.506188 0.128148
0.915001 0.340807 0.117629
0.963314 0.548007 0.129644
0.556501 0.682582 0.103815
0.494607 0.236179 0.0553905
0.892347 0.412762 0.166944
0.812961 0.401966 0.148713
0.452394 0.567958 0.0380601
0.469499 0.380699 0.0699376
0.430534 0.582248 0.069238
0.642592 0.457034 0.0802723
0.313016 0.379583 0.0864647
0.399497 0.429609 0.0893072
0.322951 0.362077 0.0826426
0.5024 0.292984 0.0869716
0.345893 0.352438 0.0913082
0.618513 0.370196 0.118606
0.489963 0.582703 0.0882598
0.861566 0.433243 0.080637
0.317484 0.362811 0.0789507
0.50351 0.363494 0.106036
0.414806 0.257324 0.085637
0.35935 0.204267 0.0472304
0.693792 0.405766 0.139306
0.197728 0.407017 0.109658
0.930521 0.385976 0.114626
0.899969 0.463644 0.1246
0.422332 0.504516 0.0948885
0.36154 0.562648 0.0507494
0.540086 0.366508 0.113087
0.191469 0.446588 0.122795
0.892258 0.407939 0.130086
0.431249 0.269782 0.0832971
0.916691 0.40748 0.259643
0.56662 0.740357 0.104293
0.541431 0.398766 0.137914
0.418003 0.558265 0.0455576
0.492427 0.635043 0.0926987
0.674893 0.44596 0.123735
0.41618 0.371857 0.121092
0.537362 0.458527 0.0877756
0.452311 0.256988 0.084891
0.781099 0.449186 0.0626437
0.237437 0.42111 0.137856
0.532469 0.656073 0.0961075
0.909948 0.427014 0.111974
0.801317 0.455104 0.085844
0.625605 0.364961 0.110772
0.419068 0.330898 0.0721246
0.495192 0.659593 0.0956196
0.628402 0.39168 0.0450454
0.799704 0.455186 0.101123
0.47123 0.177853 0.101747
0.879495 0.473274 0.123651
0.454139 0.455852 0.0698948
0.787681 0.436972 0.130805
0.844758 0.416736 0.161254
0.452059 0.583598 0.0832211
0.92422 0.443184 0.11463
0.493605 0.622146 0.0914369
0.465952 0.606053 0.0545861
0.571832 0.412819 0.139505
0.798037 0.418502 0.1303
0.650842 0.42961 0.135724
0.529334 0.633526 0.0950703
0.468821 0.301715 0.0929709
0.153573 0.395416 0.134558
0.527892 0.634104 0.100874
0.266542 0.37458 0.125167
0.795743 0.454609 0.108739
0.866081 0.425366 0.109744
0.587003 0.3968 0.0440268
0.248468 0.442561 0.127071
0.462325 0.45357 0.0692053
0.895166 0.430928 0.108352
0.312899 0.389578 0.0871999
0.328417 0.408096 0.0884638
0.195605 0.457645 0.0833417
0.529304 0.592148 0.0939594
0.934184 0.287588 0.125332
0.396036 0.412993 0.13947
0.783468 0.362935 0.103224
0.197737 0.440733 0.128292
0.724929 0.456235 0.105296
0.580573 0.758969 0.110524
0.878433 0.424551 0.080701
0.463522 0.617239 0.0909649
0.357698 0.204617 0.0454221
0.738101 0.403698 0.12654
0.0896533 0.389974 0.111796
0.835944 0.444446 0.0841587
0.429527 0.353888 0.0916597
0.389873 0.496224 0.0732182
0.84077 0.438451 0.121818
0.925232 0.429141 0.113484
0.506702 0.154584 0.0959873
0.378047 0.410094 0.0881285
0.930403 0.387464 0.117754
0.574615 0.458103 0.0959094
0.501765 0.437976 0.051416
0.547007 0.132922 0.105711
0.469403 0.579202 0.0476055
0.10619 0.416167 0.127337
0.91817 0.411639 0.227565
0.846464 0.416855 0.157507
0.394444 0.56427 0.0710584
0.396918 0.20815 0.0347015
0.891776 0.405593 0.218077
0.685648 0.434671 0.0492075
0.541244 0.651973 0.0972129
0.52363 0.190637 0.100729
0.96548 0.572716 0.132207
0.441714 0.571834 0.0856683
0.051858 0.390452 0.0718716
0.363453 0.202199 0.0476788
0.455111 0.241411 0.0864801
0.810117 0.44637 0.0693825
0.935375 0.408767 0.265458
0.72035 0.456008 0.0751114
0.807064 0.428616 0.134832
0.407333 0.197852 0.0800671
0.69153 0.429977 0.0460713
0.370899 0.452395 0.114104
0.443105 0.206152 0.0958508
0.363079 0.478918 0.0929215
0.955195 0.288947 0.12925
0.773807 0.449849 0.117914
0.53522 0.720598 0.103871
0.381215 0.458589 0.0880874
0.721674 0.44078 0.0532896
0.451522 0.609314 0.0737255
0.663101 0.456342 0.0767934
0.711871 0.361207 0.0945354
0.341651 0.45847 0.0940639
0.474479 0.287879 0.0837943
0.499612 0.217267 0.0901203
0.940299 0.363789 0.118011
0.78403 0.449884 0.0636878
0.604904 0.426154 0.136852
0.384004 0.532048 0.0945486
0.548152 0.435277 0.0496121
0.0676751 0.434388 0.0634532
0.920665 0.309001 0.122144
0.94056 0.5142 0.128786
0.414391 0.400546 0.0432818
0.436246 0.322354 0.0940659
0.0812956 0.422216 0.047544
0.174678 0.413651 0.139339
0.482328 0.614699 0.0905243
0.969537 0.251365 0.132959
0.970676 0.571213 0.132789
0.770619 0.374148 0.12452
0.624676 0.457983 0.0850417
0.0929898 0.410618 0.120444
0.507245 0.257551 0.0900996
0.630742 0.437679 0.130333
0.463403 0.361472 0.0717159
0.538597 0.3696 0.0638358
0.4141 0.572383 0.0969943
0.430537 0.31471 0.075443
0.447593 0.309266 0.0767619
0.454695 0.281626 0.0969939
0.436032 0.350216 0.09161
0.489776 0.373333 0.1233
0.42893 0.372866 0.0589478
0.434784 0.496987 0.0940727
0.529752 0.63659 0.10097
0.650234 0.42013 0.0434993
0.673722 0.454498 0.110955
0.385131 0.458475 0.0940372
0.431907 0.423782 0.137324
0.1526 0.445893 0.0588285
0.436574 0.56666 0.0992214
0.47626 0.337982 0.0771684
0.914712 0.510643 0.122181
0.580341 0.442255 0.0542751
0.491121 0.362334 0.0813504
0.508783  0.466 0.0796814
0.446626 0.528476 0.0802717
0.395845 0.479561 0.0933533
0.451522 0.205279 0.0598566
0.360129 0.580413 0.0342698
0.421822 0.559787 0.0439594
0.461083 0.576705 0.0864265
0.450938 0.441973 0.0859036
0.605939 0.424171 0.044303
0.638402 0.397584 0.0438709
0.405201 0.255031 0.0585896
0.741033 0.455949 0.106734
0.371474 0.524441 0.0907221
0.502158 0.323631 0.0828042
0.376155 0.233116 0.0957712
0.477497 0.458397 0.0944269
0.191142 0.4012 0.138398
0.546855 0.153842 0.102753
0.864743 0.38019 0.121407
0.949111 0.292511 0.12576
0.89334 0.412583 0.164826
0.359082 0.574693 0.0887429
0.606949 0.362903 0.10306
0.253104 0.37177 0.120962
0.492078 0.378813 0.128267
0.39185 0.425841 0.0891425
0.771323 0.410259 0.0415357
0.482477 0.600226 0.0688609
0.480001 0.596587 0.0733131
0.349113 0.409587 0.0886072
0.611448 0.439648 0.129017
0.445967 0.541921 0.0974259
0.434572 0.603241 0.0949228
0.350072 0.394098 0.0586933
0.524878 0.635501 0.10149
0.0434451 0.401587 0.0869556
0.24307 0.406213 0.0421544
0.567634 0.0833756 0.103896
0.894967 0.450094 0.123269
0.155282 0.456661 0.0959485
0.489927 0.463516 0.0767356
0.876511 0.405194 0.160362
0.340379 0.414159 0.0564598
0.131314 0.419345 0.131376
0.765167 0.361629 0.0848942
0.364968 0.394849 0.044415
0.504765 0.485707 0.0817834
0.437094 0.296332 0.0791107
0.474611 0.57736 0.050589
0.780524 0.369604 0.11772
0.549709 0.732662 0.108638
0.265747 0.371072 0.061632
0.460841 0.256464 0.0986785
0.368521 0.594673 0.0895265
0.414734 0.609082 0.0315606
0.486374 0.426036 0.0708172
0.256398 0.42542 0.136998
0.353169 0.372532 0.122103
0.433017 0.221595 0.0684834
0.566941 0.0603142 0.109045
0.503753 0.232306 0.0609272
0.581393 0.449192 0.118897
0.263617 0.405232 0.1392
0.44483 0.209918 0.0862511
0.900204 0.413208 0.235951
0.371825 0.52545 0.0904913
0.180829 0.382528 0.0508006
0.737134 0.363738 0.107262
0.419025 0.254521 0.0360837
0.267998 0.371723 0.120892
0.893528 0.413944 0.218691
0.254022 0.369346 0.0642164
0.493331 0.440592 0.0740329
0.331786 0.396734 0.0586048
0.43386 0.217679 0.0682273
0.519244 0.422971 0.0440642
0.522155 0.419113 0.138253
0.411895 0.553258 0.0612522
0.892631 0.413157 0.23986
0.366532 0.224714 0.0897951
0.388427 0.197351 0.0493635
0.330177 0.448465 0.0894312
0.941408 0.490177 0.121314
0.491687 0.211797 0.101326
0.402964 0.400759 0.0883808
0.418354 0.575254 0.0292798
0.460607 0.634283 0.0977233
0.397521 0.263567 0.0887731
0.379228 0.501148 0.0745904
0.424639 0.368143 0.0906052
0.434108 0.611439 0.0353797
0.564033 0.36409 0.109033
0.758081 0.438891 0.129523
0.352082 0.458687 0.0929737
0.403804 0.496935 0.0734554
0.539735 0.612843 0.0962062
0.857985 0.41899 0.0692773
0.466291 0.288237 0.0826123
0.3205 0.371734 0.120908
0.48099 0.36801 0.115334
0.366365 0.370102 0.0914652
0.602483 0.768733 0.109716
0.728455 0.412303 0.139607
0.900505 0.314097 0.122641
0.394787 0.465473 0.0671911
0.876793 0.455074 0.114316
0.787859 0.360967 0.0933286
0.452919 0.232454 0.0302589
0.385438 0.59999 0.095319
0.43849 0.365284 0.111256
0.0606097 0.392516 0.0922252
0.541193 0.369296 0.0642902
0.937917 0.410679 0.270578
0.38455 0.472724 0.0684137
0.691234 0.456492 0.0775443
0.414885 0.51064 0.0954799
0.354856 0.382865 0.0505752
0.267384 0.368881 0.0649125
0.471025 0.329202 0.0775844
0.233196 0.449627 0.0633036
0.695625 0.376888 0.0545691
0.181064 0.455559 0.108696
0.449236 0.244816 0.0716827
0.325867 0.421178 0.137842
0.927669 0.418024 0.127368
0.553075 0.702718 0.100349
0.452408 0.565984 0.0509558
0.924647 0.410729 0.0943231
0.509544 0.234109 0.0964891
0.947069 0.510391 0.127307
0.459013 0.587005 0.0427675
0.509351 0.691553 0.102364
0.815055 0.417031 0.136851
0.440344 0.593445 0.0888028
0.749507 0.3976 0.137682
0.839354 0.403795 0.187983
0.43996 0.265237 0.0838823
0.480744 0.477647 0.0773245
0.393613 0.545145 0.0954879
0.416906 0.24143 0.028113
0.865553 0.415189 0.195204
0.50629 0.367036 0.113877
0.751925 0.391878 0.136544
0.948313 0.273418 0.127522
0.408536 0.311499 0.0953785
0.877538 0.442272 0.112167
0.39285 0.456711 0.102902
0.33532 0.392291 0.0894831
0.550359 0.374642 0.125261
0.669872 0.425977 0.0446622
0.844993 0.375982 0.0950109
0.215156 0.387488 0.0474861
0.21517 0.447402 0.121577
0.90788 0.512966 0.128718
0.560841 0.36058 0.0901657
0.663901 0.361346 0.0952333
0.39648 0.258918 0.0435661
0.627419 0.367157 0.067492
0.510646 0.649657 0.10396
0.180236 0.439338 0.0523259
0.583752 0.0395879 0.110178
0.88956 0.406817 0.156542
0.222923 0.419134 0.0433011
0.477728 0.418315 0.068311
0.427535 0.196569 0.0495461
0.395332 0.367023 0.0912209
0.454904 0.561762 0.0719212
0.447037 0.558633 0.051969
0.425666 0.393095 0.136786
0.915445 0.506904 0.12884
0.461816 0.42849 0.0451621
0.351094 0.417283 0.042933
0.448277 0.36072 0.0693805
0.22392 0.427628 0.136559
0.876328 0.419266 0.132333
0.893115 0.467224 0.115775
0.417488 0.221662 0.0732022
0.400998 0.626068 0.0639318
0.432672 0.571533 0.089302
0.544165 0.145329 0.104337
0.829075 0.415432 0.190057
0.480401 0.22617 0.100495
0.520168 0.45881 0.0891967
0.41328 0.423818 0.137317
0.532707 0.455439 0.0722529
0.0349939 0.420968 0.0734137
0.598933 0.459094 0.0906223
0.48207 0.246911 0.0868985
0.442148 0.416081 0.138856
0.149357 0.385257 0.0492974
0.842423 0.402615 0.155912
0.508071 0.486372 0.0823308
0.414455 0.444113 0.0634011
0.470104 0.543444 0.0959653
0.954917 0.247038 0.135071
0.327707 0.36067 0.0918346
0.538164 0.360599 0.0914778
0.451358 0.39803 0.0645167
0.881539 0.35602 0.124293
0.501201 0.185934 0.0926954
0.117825 0.367861 0.0996287
0.876312 0.404544 0.195528
0.901906 0.409483 0.108511
0.114587 0.431337 0.047887
0.800095 0.443749 0.0593231
0.453687 0.593514 0.0774694
0.515255 0.668526 0.105208
0.633585 0.36237 0.100384
0.91785 0.407211 0.250238
0.277057 0.412025 0.139663
0.939722 0.303688 0.129158
0.533227 0.19133 0.0954683
0.556998 0.138894 0.100162
0.459454 0.536969 0.0824103
0.89596 0.413636 0.226032
0.392435 0.407824 0.0567304
0.471879 0.38471 0.0493424
0.870082 0.404992 0.14276
0.365795 0.260195 0.054316
0.902542 0.325307 0.127474
0.0866318 0.443185 0.0914486
0.409651 0.553052 0.0614478
0.86204 0.414615 0.211394
0.343228 0.409565 0.088711
0.47912 0.458888 0.0895902
0.802677 0.41707 0.159057
0.495858 0.59782 0.0894803
0.561146 0.455829 0.0742116
0.241526 0.362449 0.0807709
0.736295 0.452637 0.0678092
0.913134 0.513491 0.129332
0.469282 0.348377 0.0745473
0.207383 0.391224 0.045136
0.571314 0.756347 0.110352
0.508878 0.622679 0.101879
0.373348 0.500397 0.0942452
0.659249 0.401896 0.138537
0.935574 0.540301 0.132018
0.36903 0.198593 0.0534591
0.408929 0.56767 0.0959039
0.906275 0.300746 0.127346
0.542385 0.410013 0.140063
0.291581 0.437957 0.130147
0.448683 0.254521 0.08508
0.385263 0.623093 0.0549389
0.259537 0.440676 0.0532198
0.364436 0.243167 0.0350137
0.323533 0.429708 0.0890748
0.503127 0.395405 0.0732565
0.879784 0.414994 0.192459
0.491062 0.477635 0.0843698
0.855397 0.403772 0.182165
0.920941 0.409731 0.179631
0.738739 0.371375 0.0611798
0.273704 0.447212 0.0596884
0.445804 0.456019 0.0751666
0.516246 0.136797 0.0980235
0.293048 0.437638 0.13036
0.899556 0.390342 0.111545
0.110344 0.373175 0.108165
0.393229 0.251951 0.0516458
0.407376 0.256145 0.0369666
0.755323 0.445222 0.12484
0.50267 0.43798 0.0514185
0.409055 0.447048 0.0638734
0.611102 0.422286 0.137622
0.522076 0.456532 0.0777463
0.0527807 0.407639 0.0536459
 0.444 0.206505 0.06447
0.523533 0.404943 0.042407
0.409065 0.199425 0.0639659
0.365886 0.364428 0.0917753
0.918942 0.289117 0.125532
0.465783 0.289076 0.0949295
0.574628 0.445513 0.124403
0.333862 0.373292 0.0583105
0.755703 0.402447 0.133217
0.522355 0.216839 0.0932807
0.780799 0.363952 0.0732139
0.547885 0.429008 0.136126
0.754264 0.40755 0.139661
0.246568 0.377034 0.0544715
0.465016 0.365744 0.111944
0.207654 0.455489 0.109046
0.13318 0.367233 0.105148
0.482279 0.286174 0.0929986
0.433974 0.608141 0.0681926
0.504155 0.453436 0.0788975
0.189258 0.423664 0.121333
0.248455 0.366605 0.113232
0.219616 0.428683 0.136343
0.27117 0.456297 0.0765675
0.319297 0.373176 0.0584833
0.49985 0.474879 0.0796422
0.415486 0.353118 0.0919734
0.406115 0.264477 0.0714779
0.773554 0.377304 0.127259
0.472764 0.418782 0.0675763
0.37001 0.620268 0.0763741
0.487798 0.48266 0.0855943
0.459051 0.364148 0.0722293
0.571916 0.715217 0.106328
0.368676 0.516655 0.092535
0.405989 0.260398 0.0661319
0.599529 0.447909 0.120818
0.695171 0.393034 0.136774
0.944233 0.40297 0.106365
0.0940491 0.376596 0.101156
0.444767 0.349486 0.0904894
0.258112 0.390406 0.0455368
0.463488 0.622886 0.0919696
0.604856 0.380946 0.129693
0.711439 0.449223 0.062699
0.539116 0.37199 0.0602584
0.398082 0.252855 0.0541105
0.415246 0.276335 0.0977392
0.230455 0.425816 0.13692
0.370281 0.199601 0.0565808
0.697387 0.401663 0.0430594
0.466208 0.194935 0.102247
0.694848 0.445165 0.124924
0.423982 0.309016 0.0953342
0.943131 0.300978 0.129097
0.125219 0.43058 0.126386
0.479806 0.260562 0.08622
0.302717 0.382756 0.130902
0.532283 0.185777 0.0954862
0.854469 0.413142 0.119474
0.389673 0.569358 0.035477
0.546503 0.457417 0.099353
0.505229 0.42945 0.135831
0.603091 0.362969 0.103393
0.429876 0.274481 0.0978958
0.407027 0.577687 0.0966345
0.270171 0.361198 0.0870591
0.674158 0.36973 0.117909
0.389087 0.403548 0.138865
0.449877 0.223734 0.0794192
0.82986 0.401771 0.13781
0.390405 0.518441 0.0957721
0.729164 0.454972 0.110247
0.277973 0.402772 0.138711
0.411904 0.299252 0.0781385
0.509839 0.369086 0.0646044
0.8398 0.41649 0.169464
0.146633 0.387781 0.0476567
0.349155 0.500389 0.085918
0.586731 0.738684 0.10583
0.638342 0.39525 0.0443351
0.793346 0.386023 0.0491271
0.84167 0.405669 0.208594
0.378105 0.612901 0.087601
0.379073 0.256567 0.0754209
0.39211 0.309085 0.0954169
0.369718 0.45894 0.0917014
0.792678 0.362361 0.08259
0.348432 0.435486 0.0497521
0.857552 0.415484 0.0684952
0.555479 0.168435 0.0991618
0.364201 0.5874 0.0909691
0.359429 0.423781 0.0442253
0.888485 0.414391 0.205562
0.847634 0.41017 0.222191
0.874905 0.368709 0.123106
0.449505 0.23706 0.042808
0.486699 0.445472 0.124465
0.871478 0.397278 0.13127
0.504697 0.213752 0.0909185
0.217359 0.425799 0.136923
0.483666 0.200823 0.0909478
0.559054 0.360579 0.0913761
0.881389 0.433726 0.112035
0.155678 0.407504 0.0418983
0.568433 0.756442 0.106344
0.483062 0.367466 0.06703
0.456713 0.498696 0.0764675
0.537715 0.197382 0.0959279
0.946578 0.544964 0.132334
0.413099 0.505215 0.0752283
0.689152 0.392527 0.136673
0.554224 0.172125 0.0991291
0.429935 0.603059 0.0694199
0.492501 0.309827 0.0833292
0.550909 0.456745 0.0788164
0.353096 0.315971 0.0821837
0.93995 0.445776 0.118501
0.443474 0.396203 0.0635054
0.265559 0.390097 0.135807
0.405458 0.338368 0.0933342
0.950165 0.255349 0.130066
0.47988 0.479668 0.0864582
0.901187 0.409426 0.118471
0.871069 0.412463 0.107722
0.503717 0.214617 0.100072
0.210539 0.435805 0.131585
0.285498 0.370849 0.119583
0.585212 0.449129 0.118992
0.487441 0.369968 0.063285
0.80514 0.429729 0.134285
0.903402 0.361412 0.123979
0.699981 0.385223 0.13255
0.474109 0.227521 0.100497
0.919063 0.397193 0.112012
0.362108 0.485833 0.0931322
0.52105 0.13189 0.106289
0.346966 0.367738 0.0666227
0.289446 0.404447 0.139044
0.301049 0.418889 0.0855591
0.473443 0.431571 0.0695238
0.482504 0.596627 0.0717432
0.949922 0.474397 0.121457
0.685856 0.364651 0.071242
0.863531 0.407353 0.107714
0.321423 0.407473 0.056519
0.866867 0.415613 0.183507
0.396565 0.428639 0.0600786
0.919746 0.40779 0.266818
0.527501 0.589796 0.0936469
0.502972 0.300928 0.0881368
0.535866 0.703331 0.100177
0.504565 0.463434 0.0787512
0.41403 0.263028 0.047355
0.966074 0.576733 0.134729
0.650354 0.410491 0.139968
0.172753 0.385023 0.132417
0.649194 0.415562 0.0425907
0.967804 0.554177 0.130831
0.492266 0.520527 0.0847496
0.923746 0.505604 0.128595
0.331747 0.417887 0.138497
0.170071 0.45668 0.0784932
0.189175 0.389013 0.0464674
0.227116 0.404379 0.13903
0.449195 0.606205 0.0686698
0.378735 0.492578 0.0726966
0.963597 0.548786 0.129755
0.920567 0.408082 0.232042
0.556567 0.448712 0.0619343
0.449735 0.456563 0.0779016
0.942817 0.463586 0.120803
0.732745 0.360968 0.0933352
0.881329 0.405661 0.163278
0.402586 0.19536 0.0508264
0.0468719 0.401047 0.0590081
0.624719 0.456983 0.0800139
0.484304 0.382433 0.130686
0.442469 0.605829 0.0890163
0.531188 0.152339 0.0964911
0.363079 0.255501 0.0459134
0.950986 0.403445 0.116722
0.485107 0.376565 0.126765
0.336271 0.355532 0.0694569
0.381967 0.492231 0.0941651
0.922945 0.408036 0.242504
0.400817 0.230481 0.0265474
0.288268 0.4486 0.0617663
0.420215 0.234647 0.0949079
0.486101 0.222483 0.0888355
0.498123 0.441796 0.127582
0.502715 0.356294 0.080497
0.492446 0.239161 0.0885425
0.119675 0.428245 0.045733
0.9344 0.279592 0.132004
0.12981 0.445182 0.0594098
0.426124 0.457431 0.0992847
0.438407 0.195757 0.0588065
0.362897 0.307968 0.0907627
0.925046 0.408216 0.244541
0.870212 0.414906 0.153551
0.476573 0.652132 0.0985978
0.330732 0.39126 0.0598436
0.454694 0.259965 0.070182
0.878319 0.413648 0.143034
0.393463 0.49321 0.0725474
0.48926 0.275861 0.0871197
0.383102 0.203327 0.0843356
0.479913 0.168899 0.0959616
0.217243 0.374651 0.0562757
0.367295 0.574216 0.03596
0.890798 0.407524 0.138109
0.494025 0.62037 0.0912671
0.633293 0.40738 0.139627
0.434618 0.249322 0.0856324
0.448693 0.219502 0.0903421
0.762459 0.459029 0.0912522
0.451194 0.407798 0.139711
0.598678 0.378343 0.127953
0.32381 0.463433 0.0728497
0.182515 0.360527 0.0904345
0.892473 0.405956 0.195623
0.505741 0.503458 0.0855812
0.395203 0.44895 0.090934
0.434019 0.365825 0.112064
0.875034 0.396972 0.130596
0.434516 0.407502 0.0844094
0.767783 0.458402 0.0944017
0.809317 0.389458 0.133578
0.366279 0.616862 0.0808251
0.740779 0.452601 0.067755
0.50666 0.449864 0.0636585
0.919412 0.3628 0.123013
0.433935 0.367993 0.0662408
0.20211 0.363548 0.106308
0.497625 0.473654 0.0827574
0.920433 0.334225 0.126542
0.454958 0.258045 0.0490093
0.373111 0.435472 0.0497428
0.837127 0.404208 0.193366
0.831203 0.373638 0.109159
0.415449 0.492654 0.072834
0.870171 0.404305 0.165526
0.751719 0.409271 0.0415462
0.683126 0.399713 0.138102
0.330452 0.409149 0.0884631
0.464283 0.602647 0.0717264
0.948222 0.288273 0.130317
0.188109 0.450671 0.0648661
0.751748 0.448776 0.11952
0.155975 0.361604 0.0895938
0.474129 0.549849 0.09632
0.46824 0.242749 0.0995232
0.60428 0.454644 0.110737
0.590625 0.0832673 0.106742
0.236166 0.444737 0.0559849
0.407513 0.394117 0.136989
0.592728 0.419863 0.138104
0.0551899 0.396853 0.0569595
0.430293 0.559536 0.0457227
0.396901 0.572381 0.0758209
0.360632 0.621969 0.0645333
0.252935 0.435753 0.131619
0.419891 0.264019 0.0698912
0.444386 0.359852 0.0892807
0.428132 0.25081 0.0593973
0.93445 0.466873 0.118216
0.702251 0.399401 0.0435095
0.915653 0.396427 0.0986428
0.577796 0.0509412 0.110817
0.470447 0.238142 0.0870405
0.318527 0.413909 0.0882539
0.493029 0.396586 0.0714555
0.497224 0.539904 0.0880498
0.394807 0.349644 0.0680576
0.489722 0.618446 0.0910099
0.417657 0.616778 0.0709971
0.316696 0.363837 0.0722576
0.674262 0.454822 0.110471
0.420689 0.252457 0.0857806
0.36273 0.603094 0.038669
0.34058 0.373684 0.123827
0.451211 0.370038 0.11837
0.449804 0.452974 0.0876132
0.487302 0.403803 0.138916
0.367615 0.559097 0.0619591
0.375706 0.33294 0.0937092
0.852335 0.432922 0.0743752
0.836186 0.43961 0.0744104
0.190619 0.445282 0.124749
0.398304 0.607506 0.0786004
0.435732 0.343115 0.07001
0.552475 0.730131 0.103194
0.583278 0.723149 0.104937
0.117523 0.366183 0.0910134
0.787453 0.458401 0.087139
0.53843 0.391848 0.136538
0.415354 0.322713 0.0944006
0.83592 0.407781 0.136365
0.441511 0.431285 0.0643244
0.419517 0.454677 0.110688
0.394353 0.252085 0.052106
0.218589 0.362672 0.0796498
0.432713 0.518635 0.0781475
0.444703 0.510118 0.0949469
0.43316 0.373372 0.0581901
0.325721 0.472244 0.0787132
0.447251 0.440936 0.0863554
0.93152 0.296931 0.123991
0.401365 0.212587 0.0498191
0.363516 0.366526 0.0916009
0.557255 0.738384 0.109265
0.581309 0.405019 0.139158
0.420262 0.560705 0.0423098
0.421975 0.619249 0.0672325
0.0565713 0.408096 0.0516308
0.539585 0.452932 0.113301
0.805284 0.401354 0.135116
0.543126 0.363967 0.0731401
0.217515 0.440037 0.0527929
0.161684 0.451598 0.113656
0.376791 0.407288 0.0419406
0.505339 0.611352 0.091155
0.466089 0.434543 0.068763
0.451018 0.45422 0.111372
