0.871803 0.277051 0.265681
0.309888 0.369535 0.203074
0.752269 0.446385 0.228416
0.612231 0.190791 0.299243
0.945808 0.172819 0.239869
0.543145 0.369313 0.289698
0.5166 0.428641 0.239655
0.177762 0.21362 0.282917
0.425159 0.133697 0.169644
0.555079 0.161593 0.256992
0.219469 0.0985147 0.24522
0.465051 0.304551 0.266937
0.509295 0.274803 0.286091
0.911539 0.251245 0.237616
0.681444 0.543663 0.256001
0.264764 0.198431 0.253074
0.834303 0.144527 0.232381
0.383032 0.129464 0.27956
0.528751 0.361379 0.280524
0.637473 0.311429 0.2348
0.113432 0.348575 0.258805
0.72591 0.48395 0.219989
0.4877 0.315406 0.28258
0.356153 0.186786 0.295455
0.311774 0.195091 0.271894
0.613177 0.570931 0.0802516
0.186152 0.175736 0.197204
0.281238 0.390054 0.305858
0.933495 0.157484 0.255124
0.591745 0.34679 0.282729
0.522809 0.291082 0.246601
0.969939 0.184208 0.236289
0.401211 0.154721 0.31745
0.479648 0.261868 0.191785
0.683276 0.421917 0.219083
0.437379 0.159468 0.256992
0.701337 0.177002 0.27104
0.135281 0.257846 0.255124
0.594261 0.258086 0.270771
0.227231 0.322219 0.249792
0.929627 0.265147 0.235595
0.674827 0.424125 0.219178
0.566469 0.324788 0.276487
0.104436 0.316175 0.285378
0.373658 0.118436 0.266741
0.594228 0.355198 0.279533
0.310066 0.242398 0.229354
0.660922 0.515442 0.185786
0.703298 0.371274 0.277699
0.169164 0.323741 0.206245
0.394205 0.194315 0.322119
0.402711 0.187194 0.284602
0.802831 0.247331 0.286209
0.829677 0.156964 0.246509
0.521721 0.236554 0.287536
0.114344 0.25051 0.244179
0.681589 0.407746 0.286604
0.443861 0.219453 0.24294
0.522139 0.348859 0.281514
0.530851 0.272285 0.226317
0.785415 0.217036 0.24522
0.155206 0.173141 0.295972
0.18707 0.0382617 0.23152
0.522672 0.228527 0.254824
0.631603 0.254757 0.266449
0.557064 0.435579 0.30565
0.337925 0.121237 0.19257
0.785014 0.212251 0.246223
0.162612 0.185981 0.296713
0.731884 0.370661 0.209406
0.729534 0.145491 0.258586
0.524315 0.430194 0.284301
0.272565 0.0619211 0.236819
0.181961 0.34126 0.293381
0.547716 0.325235 0.296183
0.97363 0.147126 0.250324
0.413417 0.213779 0.322498
0.311293 0.347679 0.301834
0.483009 0.253332 0.318599
0.200438 0.189825 0.290109
0.305118 0.240393 0.285262
0.453871 0.132819 0.244217
0.444316 0.272483 0.290027
0.574148 0.272019 0.247137
0.176108 0.344764 0.208555
0.142689 0.0833623 0.255124
0.704099 0.214691 0.237308
0.520627 0.383911 0.312476
0.57743 0.376445 0.301164
0.445784 0.192294 0.320372
0.786446 0.130996 0.247219
0.288729 0.288422 0.250423
0.531308 0.318464 0.223787
0.14759 0.312587 0.230734
0.937584 0.161638 0.247482
0.807532 0.223349 0.289371
0.274322  0.118 0.205194
0.366724 0.190507 0.271221
0.520482 0.290661 0.222776
0.71939 0.393009 0.207323
0.817699 0.150424 0.223893
0.564022 0.385999 0.221818
0.273965 0.277319 0.272871
0.930531 0.263209 0.233115
0.45969 0.278914 0.203254
0.711738 0.376151 0.201959
0.130764 0.143994 0.25404
0.438489 0.139483 0.255446
0.0970718 0.183044 0.255124
0.352791 0.18722 0.265285
0.703401 0.473512 0.372123
0.26914 0.110126 0.312629
0.607424 0.255002 0.182611
0.196982 0.149922 0.318051
0.295066 0.296929 0.217446
0.48458 0.262159 0.193687
0.590881 0.459443 0.225338
0.678658 0.488123 0.148911
0.508229 0.315458 0.270157
0.181591 0.344374 0.311149
0.574553 0.212187 0.286418
0.353696 0.132549 0.326476
0.44405 0.356775 0.294603
0.523177 0.269037 0.235889
0.426183 0.302578 0.311004
0.605809 0.141681 0.185768
0.29383 0.339147 0.208704
0.808773 0.202027 0.201243
0.59038 0.137594 0.174891
0.688692 0.429597 0.228683
0.867937 0.256041 0.255124
0.351449 0.149833 0.183442
0.821765 0.158765 0.255124
0.418815 0.142762 0.266471
0.488247 0.367776 0.23063
0.780533 0.27472 0.270062
0.554262 0.443172 0.289146
0.810192 0.219953 0.213286
0.178873 0.182237 0.248143
0.252481 0.263166 0.248143
0.867322 0.173007 0.255724
0.787075 0.276706 0.212029
0.62146 0.226702 0.310873
0.769341 0.328208 0.20087
0.304046 0.108101 0.271457
0.473008 0.190975 0.302059
0.642765 0.356459 0.281381
0.135322 0.326427 0.286776
0.602715 0.206752 0.265362
0.713225 0.474519 0.242493
0.252259 0.257721 0.257021
0.160027 0.184493 0.241723
0.661336 0.514469 0.359479
0.945996 0.162901 0.260674
0.486996 0.358961 0.24124
0.193772 0.135312 0.184903
0.882263 0.141907 0.24887
0.104702 0.0880312 0.273788
0.309359 0.256875 0.23291
0.545987 0.224205 0.229796
0.591085 0.31228 0.214509
0.959483 0.218508 0.267796
0.427342 0.217466 0.263188
0.587262 0.276036 0.221142
0.731194 0.369135 0.283675
0.546084 0.137272 0.212534
0.819478 0.213417 0.276076
0.230128 0.224983 0.24522
0.614269 0.288873 0.216429
0.881893 0.0847863 0.24522
0.745623 0.476196 0.267147
0.500567 0.395962 0.198825
0.495577 0.304547 0.289041
0.425834 0.350923 0.300207
0.452472 0.323426 0.216979
0.170587 0.126637 0.288461
0.30124 0.324717 0.205019
0.446246 0.198236 0.357648
0.188969 0.140372 0.185229
0.893348 0.0949173 0.24522
0.589275 0.249286 0.244855
0.235586 0.285471 0.300801
0.363613 0.220811 0.262295
0.526025 0.372452 0.227699
0.490634 0.18181 0.256992
0.282566 0.110946 0.238325
0.518858 0.303097 0.245474
0.497527 0.285934 0.274492
0.696556 0.433659 0.28065
0.405675 0.205898 0.3224
0.569153 0.249677 0.24761
0.269735 0.13566 0.255124
0.584252 0.204048 0.28138
0.489411 0.27702 0.218859
0.20039 0.0412919 0.270282
0.455943 0.294057 0.278747
0.596186 0.284909 0.25096
0.658752 0.383474 0.283948
0.53967 0.274346 0.254718
0.286337 0.22802 0.262124
0.559757 0.323752 0.234582
0.546493 0.374744 0.284378
0.852717 0.156157 0.272757
0.677188 0.470979 0.203999
0.428155 0.353169 0.211975
0.676271 0.47727 0.363765
0.45036 0.201386 0.358386
0.555411 0.280538 0.250001
0.320705 0.17805 0.221562
0.238306 0.149465 0.263596
0.336996 0.167585 0.248335
0.314368 0.172205 0.295319
0.212079 0.0720919 0.259685
0.451196 0.164773 0.256992
0.751447 0.116979 0.24522
0.671848 0.543938 0.266428
0.407944 0.150453 0.302575
0.590118 0.254606 0.323012
0.430747 0.232494 0.185282
0.564107 0.219351 0.268654
0.795273 0.267208 0.25915
0.0662274 0.317151 0.241705
0.735564 0.102736 0.235319
0.513433 0.264924 0.222728
0.391648 0.30705 0.200398
0.639303 0.398945 0.221498
0.359507 0.268036 0.284429
0.74615 0.446324 0.218274
0.431943 0.116835 0.338519
0.524223 0.282331 0.270391
0.830992 0.197452 0.255124
0.496578 0.181909 0.30345
0.65198 0.474556 0.254047
0.445587 0.144921 0.255446
0.282934 0.292412 0.247555
0.228669 0.248627 0.291475
0.186189 0.115872 0.262124
0.329068 0.273015 0.296775
0.0924611 0.120599 0.252565
0.816955 0.171015 0.255138
0.869953 0.199408 0.247219
0.653354 0.396155 0.258712
0.697027 0.48071 0.128816
0.541644 0.235444 0.2673
0.346102 0.376895 0.209463
0.92564 0.168791 0.248785
0.823845 0.223512 0.247219
0.439297 0.282834 0.286554
0.48846 0.134375 0.167451
0.583217 0.549578 0.477192
0.535742 0.125745 0.207845
0.734716 0.464918 0.226453
0.702002 0.491483 0.143464
0.623415 0.313439 0.213466
0.306367 0.225079 0.262124
0.560723 0.332825 0.25514
0.793536 0.272152 0.203429
0.685469 0.40561 0.275878
0.920307 0.217688 0.24522
0.153851 0.291319 0.233818
0.251626 0.119587 0.206327
0.523587 0.388041 0.312938
0.531576 0.326237 0.267207
0.205405 0.19612 0.263596
0.458956 0.304537 0.260353
0.454146 0.272075 0.321512
0.840447 0.261126 0.255124
0.555362 0.360692 0.279215
0.739298 0.442297 0.209835
0.68803 0.434355 0.214224
0.62474 0.453706 0.284752
0.551789 0.234454 0.267915
0.644752 0.423294 0.257562
0.346696 0.404751 0.237622
0.143442 0.283283 0.262118
0.354043 0.18894 0.201543
0.197524 0.329328 0.204093
 0.636 0.450461 0.270813
0.520914 0.320837 0.245127
0.55043 0.226504 0.305123
0.231445 0.298288 0.226796
0.195259 0.125481 0.304329
0.407316 0.11943 0.296107
0.468054 0.298517 0.216919
0.566044 0.133828 0.297806
0.419482 0.20626 0.338394
0.400245 0.155789 0.306071
0.382702 0.131921 0.280222
0.866294 0.167721 0.247767
0.335794 0.188049 0.29592
0.927764 0.217428 0.24522
0.666116 0.38217 0.279977
0.850403 0.0719746 0.24522
0.613762 0.566692 0.438173
0.495664 0.362173 0.264142
0.34357 0.276885 0.216308
0.396966 0.118721 0.244217
0.817893 0.186202 0.275781
0.536935 0.394211 0.314794
0.356067 0.214174 0.244217
0.796713 0.188644 0.247219
0.823821 0.187735 0.27281
0.773888 0.277484 0.276769
0.167055 0.11325 0.255124
0.551631 0.289877 0.232253
0.437806 0.236438 0.180449
0.187027 0.314883 0.270938
0.855959 0.165853 0.255386
0.397234 0.27526 0.204108
0.713292 0.49323 0.240766
0.497202 0.355749 0.230607
0.0320522 0.254393 0.229883
0.771736 0.23405 0.25435
0.572671 0.232753 0.250282
0.574155 0.327264 0.225262
0.321174 0.189939 0.201875
0.21639 0.21119 0.258791
0.322256 0.121537 0.299633
0.542485 0.226072 0.303245
0.0809515 0.0861546 0.241975
0.590415 0.377544 0.295988
0.531115 0.337657 0.263341
0.593302 0.378241 0.192213
0.822695 0.148999 0.255124
0.544126 0.131727 0.213508
0.213552 0.215077 0.248276
0.579342 0.250546 0.229342
0.874809 0.276978 0.266956
0.493129 0.111981 0.322062
0.423445 0.231524 0.234173
0.197692 0.189542 0.20656
0.399644 0.1707 0.294075
0.194808 0.191435 0.250817
0.140258 0.15448 0.302543
0.501064 0.297116 0.222276
0.455759 0.198106 0.194418
0.710496 0.47025 0.238811
0.218411 0.122019 0.301013
0.527973 0.374424 0.230718
0.0801512 0.144813 0.264131
0.701048 0.452421 0.287978
0.760065 0.0921671 0.248402
0.317371 0.348317 0.301151
0.598459 0.464211 0.260182
0.191436 0.292717 0.23918
0.621365 0.309065 0.276596
0.852008 0.0611989 0.241636
0.524221 0.224759 0.239715
0.38117 0.227282 0.255446
0.571303 0.249323 0.281797
0.758214 0.344386 0.204271
0.293363 0.136066 0.260187
0.204156 0.131751 0.29927
0.495736 0.149051 0.285355
0.577791 0.308882 0.230121
0.717149 0.37527 0.297596
0.102375 0.273865 0.227835
0.593387 0.408455 0.1848
0.116034 0.190516 0.240753
0.333279 0.155489 0.257693
0.590335 0.129598 0.187328
0.436676 0.199382 0.356744
0.522372 0.314639 0.245213
0.246649 0.148066 0.310939
0.464991 0.306922 0.282775
0.826684 0.272622 0.249115
0.498352 0.371251 0.239439
0.939633 0.183468 0.241389
0.571418 0.205745 0.287408
0.638939 0.222319 0.320904
0.528637 0.176929 0.256992
0.625292 0.445979 0.29777
0.35859 0.267032 0.221026
0.522938 0.324007 0.259498
0.660103 0.540252 0.317335
0.466061 0.342246 0.279204
0.82802 0.210181 0.249088
0.665845 0.454837 0.205005
0.871251 0.214976 0.244085
0.706559 0.446019 0.198446
0.408808 0.153846 0.244217
0.746408 0.476135 0.239622
0.6223 0.136767 0.188034
0.185794 0.152398 0.190975
0.752961 0.0518919 0.243098
0.668283 0.475853 0.146274
0.577235 0.376809 0.194787
0.111029 0.343263 0.232894
0.681494 0.466831 0.227989
0.94554 0.201721 0.266356
0.829059 0.270457 0.254653
0.74372 0.439732 0.217255
0.656944 0.511333 0.351517
0.402687 0.170813 0.255446
0.492407 0.30187 0.275139
0.531989 0.236617 0.28819
0.535674 0.419772 0.309683
0.775962 0.298454 0.27365
0.454423 0.242736 0.31434
0.784984 0.290534 0.283122
0.369763 0.169472 0.244217
0.208402 0.327609 0.297198
0.732286 0.494882 0.260664
0.612894 0.559192 0.437319
0.249399 0.194447 0.243231
0.754572 0.307685 0.252842
0.243278 0.19586 0.246117
0.230042 0.236193 0.26968
0.828335 0.289014 0.227193
0.252145 0.188625 0.21477
0.559449 0.150839 0.286418
0.303893 0.268873 0.258284
0.160597 0.234769 0.267021
0.304192 0.224164 0.262124
0.286614 0.287095 0.213184
0.584441 0.289871 0.221483
0.515069 0.303826 0.2244
0.502978 0.364475 0.252821
0.187379 0.246781 0.25245
0.756536 0.255976 0.267193
0.538106 0.256249 0.24763
0.541493 0.234671 0.280793
0.62308 0.147422 0.17314
0.514597 0.126058 0.195138
0.240444 0.171694 0.294962
0.0481142 0.161046 0.259669
0.76365 0.27637 0.228795
0.303882 0.337926 0.308767
0.631119 0.302894 0.230795
0.698858 0.486658 0.246158
0.855939 0.165195 0.265472
0.581601 0.142775 0.291128
0.696273 0.41021 0.27332
0.45287 0.121017 0.210116
0.424107 0.265524 0.211192
0.445971 0.263866 0.312844
0.179472 0.179202 0.22459
0.383932 0.288055 0.202177
0.473285 0.300688 0.259983
0.644487 0.430242 0.249819
0.538314 0.204067 0.286418
0.105244 0.338285 0.270833
0.948382 0.0846951 0.247468
0.580717 0.32619 0.234824
0.635189 0.419627 0.282467
0.881545 0.240554 0.255124
0.545708 0.184304 0.256992
0.32359 0.112665 0.315135
0.510171 0.147152 0.256992
0.323281 0.118004 0.210883
0.685765 0.454385 0.281819
0.187485 0.233466 0.255124
0.478063 0.295794 0.216747
0.360408 0.174848 0.29592
0.641779 0.354944 0.236962
0.710681 0.143235 0.226785
0.637828 0.388057 0.24734
0.375148 0.396977 0.264468
0.699197 0.196835 0.265224
0.394146 0.120202 0.19498
0.626859 0.421208 0.30776
0.263847 0.118672 0.269006
0.266061 0.325786 0.283086
0.862684 0.304034 0.252437
0.376778 0.111493 0.332508
0.446639 0.230493 0.273873
0.372272 0.181401 0.200073
0.401343 0.271047 0.245139
0.780212 0.262045 0.205477
0.523846 0.372577 0.199734
0.740457 0.266644 0.233008
0.240932 0.376175 0.224599
0.644131 0.253976 0.259435
0.352998 0.184671 0.301952
0.3301 0.140634 0.25856
0.610311 0.145079 0.180212
0.459256 0.361049 0.288268
0.776373 0.307041 0.209262
0.182624 0.346423 0.190199
0.902261 0.251026 0.240925
0.603311 0.395674 0.184587
0.459981 0.349991 0.293533
0.471918 0.299597 0.277959
0.457111 0.328058 0.283048
0.385386 0.135269 0.182206
0.478097 0.310373 0.24746
0.0989979 0.232608 0.258679
0.849722 0.275784 0.240484
0.0970129 0.340555 0.257558
0.314007 0.2933 0.27819
0.238213 0.128536 0.297085
0.283062 0.290286 0.257549
0.634558 0.231464 0.287119
0.712125 0.219571 0.271042
0.63905 0.43522 0.28707
0.770337 0.126744 0.252261
0.669629 0.490484 0.320321
0.583817 0.324693 0.224387
0.368976 0.126771 0.255446
0.183544 0.21513 0.281627
0.829005 0.325402 0.255006
0.805019 0.2001 0.250474
0.235303 0.307967 0.287269
0.705154 0.216954 0.264093
0.468566 0.36082 0.218706
0.629618 0.568781 0.387398
0.326654 0.119731 0.181689
0.100991 0.254563 0.26557
0.519199 0.236975 0.26305
0.606443 0.345619 0.282857
0.0381768 0.253448 0.279358
0.425532 0.218264 0.24294
0.654346 0.373444 0.28039
0.379883 0.396977 0.26483
0.762297 0.313439 0.270936
0.936737 0.0715701 0.255449
0.437916 0.262481 0.24294
0.784495 0.12337 0.247219
0.220167 0.150846 0.315986
0.693293 0.497943 0.204019
0.799683 0.172338 0.24522
0.778266 0.13185 0.244535
0.903106 0.130021 0.239447
0.800876 0.147786 0.248348
0.608676 0.574503 0.099126
0.661672 0.543003 0.318079
0.663263 0.465098 0.289373
0.403252 0.335118 0.308052
0.562333 0.308291 0.218513
0.767904 0.0530243 0.229094
0.563085 0.256004 0.265592
0.221129 0.332346 0.214569
0.556098 0.274668 0.26191
0.230893 0.0434832 0.231192
0.605527 0.462076 0.277063
0.512382 0.128749 0.310605
0.0528855 0.269463 0.283864
0.59042 0.256061 0.310584
0.237088 0.379516 0.265823
0.532854 0.253708 0.243691
0.695484 0.499092 0.275476
0.872059 0.0679065 0.258895
0.272392 0.244433 0.245068
0.591809 0.296218 0.273308
0.114897 0.260277 0.240395
0.108964 0.102738 0.260477
0.749607 0.351445 0.19839
0.796427 0.1433 0.250804
0.192473 0.0628066 0.26508
0.804069 0.165125 0.25452
0.334209 0.1195 0.26698
0.557699 0.20973 0.295446
0.565416 0.290372 0.237162
0.262228 0.189587 0.211219
0.603869 0.562067 0.433251
0.712437 0.396193 0.216101
0.510196 0.284202 0.237826
0.726699 0.393479 0.215069
0.228586 0.160092 0.250948
0.834782 0.183073 0.278863
0.182082 0.32876 0.197762
0.549392 0.201288 0.321034
0.492087 0.299964 0.24183
0.382081 0.140915 0.278112
0.113477 0.298526 0.266015
0.850161 0.126631 0.24522
0.203951 0.162628 0.255124
0.705951 0.481845 0.281337
0.901757 0.289055 0.254384
0.61971 0.300001 0.264999
0.369146 0.12486 0.201663
0.234338 0.133096 0.326894
0.160569 0.31136 0.229459
0.187902 0.240419 0.256953
0.833124 0.213688 0.252733
0.526065 0.244028 0.267302
0.353756 0.117236 0.244217
0.494872 0.272136 0.250712
0.955458 0.232745 0.241165
0.617121 0.205202 0.219751
0.959977 0.150882 0.272739
0.389645 0.171044 0.28426
0.825425 0.0520789 0.261847
0.534581 0.373531 0.269921
0.823032 0.205249 0.285833
0.952121 0.15175 0.231498
0.693555 0.475252 0.306206
0.384297 0.212174 0.268234
0.412606 0.156856 0.318308
0.31262 0.253231 0.236197
0.474039 0.301016 0.243863
0.493178 0.299416 0.28974
0.196694 0.202121 0.263596
0.525575 0.275278 0.247822
0.755012 0.321816 0.290067
0.642956 0.424416 0.219088
0.604034 0.268794 0.272131
0.788563 0.126982 0.250804
0.711671 0.209571 0.228364
0.276308 0.37123 0.304496
0.676949 0.465399  0.242
0.178542 0.189497 0.263596
0.41137 0.352154 0.304478
0.822273 0.147318 0.277119
0.0906506 0.211599 0.258384
0.653394 0.522488 0.318482
0.629053 0.226267 0.273789
0.721994 0.470541 0.269843
0.449816 0.169185 0.256992
0.437658 0.277236 0.233332
0.643677 0.276436 0.224192
0.816897 0.189261 0.287122
0.931609 0.0851884 0.272641
0.302979 0.130302 0.228125
0.540324 0.441261 0.255376
0.718901 0.2074 0.271564
0.478957 0.11216 0.185628
0.277047 0.133533 0.254798
0.321964 0.295928 0.209597
0.194555 0.133162 0.185774
0.506631 0.137837 0.170352
0.438024 0.317854 0.21143
0.941252 0.156787 0.259264
0.640741 0.365805 0.278361
0.265701 0.127616 0.298516
0.81479 0.153451 0.246535
0.159447 0.0694878 0.250474
0.396945 0.107719 0.179119
0.70928 0.402512 0.284873
0.618158 0.308483 0.237541
0.383225 0.347424 0.302675
0.435421 0.236157 0.317665
0.780429 0.279911 0.289446
0.643131 0.29528 0.206002
0.305678 0.137659 0.22804
0.286372 0.181578 0.222137
0.664721 0.481783 0.23186
0.674923 0.544143 0.248572
0.560066 0.308323 0.245119
0.0498954 0.205073 0.239433
0.638375 0.367258 0.262975
0.363291 0.199125 0.244217
0.138969 0.182701 0.251274
0.725111 0.159754 0.255124
0.592788 0.203755 0.283687
0.596022 0.269746 0.262195
0.356626 0.319862 0.201045
0.654601 0.295427 0.212764
0.485566 0.275105 0.218998
0.805493 0.295078 0.271136
0.69092 0.480733 0.354465
0.607288 0.141474 0.176036
0.695419 0.224889 0.226456
0.25006 0.171679 0.205501
0.805465 0.231772 0.197143
0.452786 0.141096 0.273829
0.378499 0.127482 0.337175
0.533237 0.411039 0.31386
0.307368 0.250257 0.229803
0.38697 0.13057 0.168196
0.474108 0.371385 0.272366
0.304877 0.309076 0.20708
0.0925233 0.286449 0.25444
0.514747 0.315397 0.274227
0.70408 0.251808 0.228524
0.310921 0.308778 0.243723
0.159428 0.137297 0.191729
0.968349 0.174208 0.269828
0.72455 0.451054 0.283674
0.598138 0.310567 0.283631
0.640152 0.336028 0.262908
0.180013 0.216821 0.266346
0.33638 0.172159 0.254141
0.743733 0.478135 0.272953
0.214763 0.174279 0.279679
0.663956 0.393575 0.279493
0.711388 0.44026 0.270098
0.486944 0.275935 0.221749
0.701161 0.481381 0.355718
0.614932 0.272196 0.293688
0.637012 0.168334 0.17765
0.568984 0.188378 0.289518
0.747106 0.107741 0.255455
0.589918 0.16365 0.207395
0.635666 0.240485 0.274941
0.558813 0.293033 0.256856
0.193191 0.345029 0.194626
0.522227 0.229609 0.268512
 0.664 0.532912 0.325865
0.565191 0.298143 0.264134
0.19973 0.235925 0.28398
0.565671 0.133122 0.297434
0.778683 0.277106 0.212929
0.500038 0.364178 0.255966
0.178356 0.32146 0.264868
0.591605 0.551002 0.48027
0.149902 0.124021 0.262124
0.682333 0.445848 0.229562
0.46911 0.308631 0.263993
0.516863 0.319162 0.234837
0.869924 0.214182 0.24522
0.436617 0.217318 0.317465
0.948178 0.20533 0.271394
0.198525 0.169807 0.197522
0.529183 0.326729 0.217733
0.5878 0.54424 0.473296
0.289929 0.187987 0.217125
0.729856 0.117571 0.238663
0.601494 0.198798 0.260707
0.147297 0.34142 0.217166
0.588377 0.256904 0.229405
0.768158 0.0717122 0.237728
0.0583999 0.300156 0.270687
0.556979 0.373778 0.218197
0.708193 0.112588 0.268962
0.185882 0.2382 0.287396
0.481129 0.273826 0.244236
0.188782 0.164195 0.24522
0.217537 0.181291 0.202457
0.222954 0.199986 0.263596
0.669042 0.532148 0.186992
0.684252 0.483155 0.355329
0.720353 0.151354 0.239182
0.325049 0.29065 0.254625
0.193733 0.206397 0.24522
0.720472 0.494337 0.260041
0.919073 0.183978 0.24522
0.477287 0.29546 0.224098
0.177225 0.244417 0.269785
0.804908 0.135172 0.250804
0.813824 0.0307724 0.265547
0.645106 0.528755 0.144589
0.497017 0.318445 0.242469
0.581265 0.276068 0.226377
0.739041 0.153384 0.255124
0.576414 0.272536 0.272872
0.843235 0.176084 0.255124
0.156287 0.0709165 0.2615
0.344728 0.24789 0.244217
0.784678 0.217536 0.258835
0.442379 0.214578 0.244217
0.230794 0.121374 0.2073
0.402938 0.253771 0.263188
0.830845 0.221476 0.242186
0.49207 0.318212 0.247677
0.793825 0.267031 0.275895
0.0581268 0.309513 0.252089
0.589324 0.364918 0.23446
0.863618 0.0494836 0.270788
0.812064 0.284631 0.270117
0.423838 0.347768 0.302458
0.379882 0.110523 0.172539
0.492461 0.31838 0.236942
0.393942 0.185805 0.219189
0.553912 0.297291 0.245035
0.743756 0.367865 0.198939
0.597198 0.566767 0.0838689
0.701196 0.195517 0.230671
0.351908 0.189676 0.21089
0.830583 0.257616 0.239739
0.301902 0.1246 0.299645
0.406944 0.160057 0.306079
0.503613 0.31056 0.27221
0.582732 0.275573 0.267778
0.260198 0.281123 0.272923
 0.337 0.317159 0.201367
0.628955 0.152768 0.190876
0.594405 0.318194 0.280901
0.590881 0.271955 0.235311
0.148912 0.196406 0.263596
0.358415 0.275066 0.211332
0.805096 0.224116 0.273004
0.840509 0.148527 0.244447
0.74153 0.440159 0.209658
0.618323 0.291936 0.269901
0.559365 0.273244 0.255501
0.661617 0.466222 0.209184
0.284732 0.335146 0.211164
0.332679 0.165153 0.235703
0.56634 0.324955 0.225266
0.36499 0.120867 0.212628
0.833463 0.315325 0.274603
0.620429 0.20557 0.217126
0.601838 0.331672 0.282553
0.145813 0.135637 0.265293
0.617893 0.215918 0.291964
0.324967 0.187445 0.304255
0.216638 0.14972 0.306641
0.764276 0.309517 0.272246
0.77652 0.307664 0.202052
0.77224 0.120377 0.245375
0.861419 0.0640779 0.255124
0.854231 0.277194 0.260658
0.523378 0.371997 0.227081
0.0462419 0.182194 0.256795
0.529765 0.360692 0.227494
0.122729 0.0508116 0.252849
0.235093 0.239598 0.24547
0.836873 0.324923 0.24662
0.850114 0.189234 0.241387
0.151374 0.0970121 0.24522
0.103129 0.0626402 0.249045
0.377554 0.299717 0.314918
0.25494 0.113707 0.202094
0.713108 0.408131 0.201089
0.583306 0.357796 0.291076
0.546203 0.199906 0.321036
0.909777 0.191113 0.251942
0.808288 0.106506 0.250804
0.805776 0.107731 0.247885
0.310675 0.174812 0.196196
0.701628 0.47046 0.22536
0.294565 0.340064 0.306659
0.476743 0.286298 0.27899
0.896525 0.090954 0.24522
0.276114 0.329896 0.272071
0.605578 0.308572 0.222692
0.461471 0.140671 0.283428
0.57149 0.353857 0.281719
0.563638 0.348019 0.240283
0.270721 0.23982 0.255124
0.287823 0.317473 0.275652
0.207974 0.355436 0.228329
0.234349 0.123945 0.181012
0.63696 0.185811 0.178959
0.811271 0.043089 0.273488
0.531165 0.302391 0.220551
0.705027 0.48131 0.213534
0.729476 0.380387 0.276584
0.544585 0.245348 0.263988
0.4901 0.30779 0.266275
0.418802 0.361915 0.221865
0.427429 0.256637 0.238941
0.90702 0.112405 0.254852
0.546608 0.297727 0.283753
0.0798039 0.263678 0.269858
0.593727 0.294409 0.278112
0.778209 0.304421 0.228012
0.385954 0.296633 0.200452
0.141556 0.0648988 0.226435
0.381979 0.143395 0.255446
0.741839 0.430546 0.212417
0.199805 0.0566033 0.272813
0.207801 0.139226 0.298654
0.860602 0.172951 0.247197
0.953019 0.100389 0.26752
0.715894 0.382702 0.299321
0.716465 0.494152 0.229908
0.327188 0.263692 0.250665
0.5232 0.26905 0.228546
0.546758 0.229815 0.264543
0.774036 0.278006 0.209196
0.666897 0.433613 0.280345
0.180341 0.174802 0.207191
0.456689 0.215892 0.263188
0.199034 0.188661 0.267659
0.362595 0.112729 0.262614
0.091613 0.314431 0.283813
0.692728 0.483436 0.194731
0.594769 0.280179 0.233908
0.451048 0.269274 0.24294
0.541741 0.253952 0.320982
0.749493 0.322819 0.286527
0.638433 0.557342 0.127459
0.150297 0.175613 0.2794
0.749863 0.361321 0.278922
0.651499 0.317611 0.211958
0.0737799 0.166026 0.266416
0.27758 0.333452 0.223174
0.203064 0.296986 0.233299
0.381725 0.303825 0.200553
0.655661 0.356357 0.216196
0.536333 0.232439 0.229796
0.579907 0.394662 0.185209
0.368064 0.189628 0.272181
0.231497 0.187618 0.255124
0.857842 0.152135 0.246223
0.754534 0.315268 0.230805
0.515368 0.320749 0.28089
0.203849 0.17195 0.245005
0.50257 0.177433 0.302385
0.408736 0.164326 0.320286
0.869745 0.277152 0.235822
0.150734 0.217586 0.25257
0.294007 0.163028 0.242385
0.416939 0.23776 0.263188
0.145003 0.315799 0.240353
0.827609 0.181109 0.255124
0.609591 0.178472 0.297278
0.60299 0.558016 0.0556628
0.1834 0.244307 0.246166
0.129112 0.344903 0.27579
0.471964 0.367268 0.287693
0.478466 0.284196 0.230591
0.358385 0.190746 0.201577
0.530266 0.169925 0.286418
0.0521802 0.294491 0.268888
0.526835 0.148414 0.286418
0.512915 0.408654 0.19958
0.521465 0.273886 0.222147
0.491179 0.353103 0.25196
0.0589767 0.266083 0.214574
0.716835 0.375129 0.210279
0.298112 0.410087 0.216341
0.278904  0.228 0.255124
0.137597 0.17809 0.265083
0.600438 0.174833 0.213778
0.830218 0.166689 0.257094
0.207357 0.242076 0.269785
0.403212 0.212054 0.299336
0.189267 0.223784 0.250765
0.474931 0.186824 0.286418
0.740243 0.0644359 0.237128
0.445814 0.278556 0.314584
0.763117 0.289009 0.251882
0.238138 0.390978 0.244596
0.853679 0.168895 0.222026
0.490994 0.342288 0.278347
0.600326 0.262841 0.232321
0.602654 0.273202 0.242254
0.706785 0.476103 0.219989
0.349723 0.115073 0.245173
0.234489 0.299792 0.300791
0.629724 0.340416 0.265253
0.834128 0.179821 0.280372
0.572319 0.330137 0.282168
0.638575 0.365125 0.259376
0.594775 0.279043 0.226974
0.200945 0.336567 0.301672
0.559434 0.373015 0.284634
0.536628 0.360692 0.241788
0.597835 0.469547 0.254952
0.559701 0.323002 0.256354
0.685481 0.484819 0.131835
0.266407 0.248213 0.255124
0.300079 0.103402 0.228758
0.857665 0.197356 0.244709
0.568492 0.164479 0.269111
0.348202 0.178756 0.29846
0.575544 0.455316 0.279717
0.814817 0.202664 0.273223
0.745077 0.26654 0.230097
0.49377 0.318936 0.216857
0.556755 0.286901 0.255832
0.487071 0.275933 0.275683
0.642487 0.363984 0.282333
0.566953 0.258092 0.229357
0.594811 0.460968 0.253104
0.814348 0.133956 0.250804
0.304382 0.140812 0.231053
0.668674 0.368517 0.213116
0.221027 0.0361842 0.248864
0.622057 0.357398 0.273462
0.352597 0.130665 0.324018
0.44198 0.336522 0.242655
0.626872 0.219814 0.217822
0.331306 0.155321 0.263968
0.487174 0.316437 0.280217
0.88137 0.131844 0.247219
0.640103 0.264172 0.252145
0.490661 0.308087 0.253361
0.441098 0.144735 0.256992
0.644543 0.385688 0.217424
0.102172 0.119317 0.241631
0.227547 0.0867721 0.251565
0.613589 0.175553 0.210315
0.589926 0.315027 0.277687
0.784881 0.217337 0.253824
0.612219 0.573345 0.109151
0.666511 0.554918 0.259362
0.857248 0.113779 0.250804
0.620257 0.208081 0.284233
0.49112 0.315668 0.282897
0.552997 0.221872 0.24115
0.391226 0.225606 0.243703
0.390967 0.1782 0.301961
0.181595 0.340975 0.215754
0.621321 0.290149 0.269705
0.296379 0.117895 0.30751
0.517642 0.294498 0.268466
0.523333 0.331585 0.296166
0.353862 0.220178 0.255446
0.7527 0.430068 0.267951
0.325856 0.114219 0.192897
0.570485 0.179336 0.286418
0.230183 0.118869 0.184471
0.630414 0.454367 0.267203
0.146557 0.35208 0.27309
0.671159 0.429486 0.277924
0.4154 0.155789 0.306383
0.725855 0.393502 0.275791
0.712542 0.43805 0.201186
0.344018 0.354721 0.309884
0.662239 0.462092 0.245599
0.603973 0.209993 0.284204
0.867792 0.21765 0.24522
0.573924 0.376822 0.223901
0.291312 0.368461 0.203127
0.431421 0.228713 0.244217
0.824518 0.0536551 0.260653
0.697508 0.23665 0.276865
0.408487 0.150453 0.309448
0.350723 0.181543 0.278292
0.607087 0.312963 0.249843
0.629632 0.370259 0.275409
0.583535 0.252604 0.321797
0.312702 0.165678 0.22773
0.507516 0.128349 0.340718
0.72129 0.389257 0.280545
0.373099 0.375607 0.290723
0.672151 0.546022 0.312946
0.413611 0.271047 0.251182
0.454537 0.14101 0.267084
0.240143 0.200413 0.266727
0.371277 0.316905 0.314741
0.805573 0.14041 0.250804
0.448928 0.169199 0.303565
0.501479 0.280505 0.238447
0.0594149 0.230518 0.26857
0.8695 0.157785 0.247219
0.60575 0.306734 0.281407
0.691219 0.438106 0.21649
0.165557 0.171637 0.255124
0.841616 0.185479 0.27832
0.869256 0.308191 0.227916
0.649424 0.272245 0.250822
0.486546 0.274157 0.24769
0.635983 0.160906 0.176545
0.851437 0.261127 0.24522
0.446534 0.328856 0.24578
0.961287 0.224758 0.254857
0.499931 0.311953 0.258199
0.172292 0.120232 0.255124
0.534675 0.438066 0.277722
0.460371 0.185228 0.244217
0.32631 0.183814 0.297537
0.398208 0.215414 0.255446
0.673485 0.438817 0.223811
0.283255 0.185493 0.219407
0.220245 0.129126 0.290175
0.13842 0.139899 0.253974
0.568515 0.299092 0.257462
0.102034 0.179651 0.248552
0.746743 0.368138 0.281051
0.233842 0.143321 0.324672
0.921009 0.260904 0.228281
0.233196 0.241977 0.288096
0.139119 0.270078 0.253129
0.396867 0.108508 0.174852
0.801245 0.228221 0.212713
0.832354 0.227011 0.240102
0.187252 0.154347 0.24522
0.66409 0.440964 0.215544
0.227653 0.345751 0.29627
0.616609 0.453118 0.211065
0.417115 0.145484 0.293533
0.794458 0.262932 0.211133
0.614936 0.351868 0.233891
0.752014 0.101548 0.25675
0.868501 0.067481 0.24522
0.710188 0.152621 0.274214
0.421306 0.135852 0.316733
0.23151 0.299107 0.2977
0.521781 0.331289 0.237419
0.564743 0.135743 0.330385
0.485877 0.142225 0.286418
0.218702 0.103128 0.23975
0.394624 0.244106 0.227134
0.553418 0.136163 0.324339
0.858937 0.0307429 0.237543
0.524682 0.330215 0.269204
0.201039 0.173271 0.202298
0.805089 0.0688055 0.255729
0.119855 0.336858 0.281649
0.831834 0.209312 0.242787
0.613768 0.438819 0.195219
0.476869 0.28752 0.240942
0.46182 0.196463 0.255446
0.315238 0.176685 0.196196
0.79235 0.177333 0.250804
0.746154 0.447575 0.285495
0.484853 0.296971 0.234982
0.425485 0.230357 0.285832
0.432464 0.358909 0.295941
0.455434 0.191013 0.347927
0.793234 0.147049 0.24522
0.503385 0.388862 0.309402
0.281291 0.311908 0.217262
0.815235 0.135244 0.250804
0.345731 0.304499 0.202377
0.529938 0.140801 0.286418
0.476118 0.214758 0.292226
0.781397 0.281524 0.213475
0.0479642 0.173543 0.26229
0.569111 0.188801 0.295443
0.827679 0.302815 0.232267
0.91455 0.0721132 0.226669
0.372601 0.170537 0.318424
0.95974 0.107006 0.258727
0.742449 0.263863 0.229998
0.406297 0.3793 0.218477
0.266005 0.106383 0.244478
0.568718 0.289508 0.21978
0.523612 0.414912 0.306975
0.61071 0.183264 0.254065
0.285673 0.117426 0.320859
0.782553 0.304819 0.276028
0.593261 0.280186 0.226828
0.686037 0.474895 0.373069
0.487342 0.316251 0.227206
0.50483 0.11207 0.325805
0.244235 0.0430137 0.250142
0.654679 0.526361 0.150827
0.178845 0.233809 0.263596
0.448291 0.332696 0.288924
0.769101 0.180994 0.254268
0.166115 0.142365 0.263596
0.299943 0.319916 0.243523
0.521338 0.182455 0.286418
0.163375 0.178668 0.263596
0.632895 0.369139 0.248462
0.69926 0.262694 0.25928
0.184666 0.172318 0.202272
0.518045 0.342574 0.28255
0.393317 0.202746 0.253405
0.245499 0.191293 0.250898
0.182532 0.0663455 0.260854
0.623529 0.442999 0.201848
0.691255 0.388772 0.309536
0.85148 0.0258417 0.250358
0.576289 0.320742 0.250489
0.228425 0.115589 0.200303
0.513118 0.277336 0.244928
0.0380495 0.261699 0.274544
0.805774 0.0712613 0.245165
0.759722 0.249105 0.260163
0.590977 0.377758 0.290889
0.501929 0.287748 0.23643
0.600874 0.275859 0.235848
0.587862 0.452978 0.20989
0.631984 0.236323 0.243859
0.622389 0.572265 0.115623
0.186549 0.0562783 0.227295
0.509241 0.360895 0.228005
0.403365 0.174136 0.309774
0.494626 0.312142 0.280259
0.436364 0.167063 0.244217
0.678285 0.404851 0.218534
0.275533 0.335938 0.214814
0.798679 0.203787 0.245668
0.190765 0.205531 0.255026
0.429825 0.28783 0.207696
0.799669 0.202815 0.258794
0.447264 0.201816 0.244217
0.422048 0.251837 0.263188
0.644397 0.281033 0.208199
0.747097 0.284131 0.226491
0.76548 0.292793 0.204587
0.568215 0.291849 0.22326
0.756127 0.0930457 0.241702
0.265571 0.413794 0.266204
0.566161 0.150122 0.261334
0.113709 0.129661 0.24522
0.420079 0.114293 0.337367
0.597473 0.299305 0.290883
0.315414 0.226532 0.262735
0.590306 0.305606 0.237379
0.26155 0.195101 0.249545
0.502444 0.260278 0.22326
0.590861 0.259601 0.230286
0.312136 0.350372 0.277122
0.811296 0.193697 0.256047
0.462441 0.182976 0.315616
0.150397 0.0450439 0.230891
0.515774 0.286142 0.261883
0.731556 0.210884 0.240412
0.153333 0.228253 0.291475
0.17915 0.355168 0.226391
0.536273 0.384859 0.289224
0.246864 0.402545 0.289661
0.364828 0.202613 0.287864
0.533342 0.254784 0.262436
0.176224 0.169143 0.255124
0.696182 0.42754 0.277464
0.801327 0.250666 0.210329
0.564822 0.231134 0.229796
0.705007 0.489506 0.291981
0.281802 0.171897 0.282929
0.532966 0.327597 0.296168
0.626468 0.355889 0.264146
0.634343 0.193081 0.195465
0.537637 0.295107 0.260095
0.198829 0.187952 0.2832
0.45664 0.342686 0.254256
0.479976 0.124716 0.341221
0.684867 0.389668 0.283359
0.243308 0.288474 0.270448
0.511023 0.302208 0.244972
0.390235 0.187926 0.204531
0.614228 0.467923 0.253003
0.438905 0.319707 0.212486
0.201047 0.323111 0.240118
0.736056 0.411769 0.229777
0.321735 0.289009 0.216666
0.847396 0.133109 0.24339
0.560824 0.318124 0.245114
0.454384 0.110237 0.32789
0.213141 0.18749 0.294355
0.293625 0.200573 0.255124
0.333121 0.165153 0.23713
0.610744 0.444608 0.306321
0.431071 0.211423 0.244217
0.552087 0.281027 0.239026
0.573651 0.390074 0.284893
0.0943856 0.237992 0.260723
0.187033 0.289741 0.250551
0.696118 0.450285 0.286982
0.435419 0.20086 0.3036
0.694341 0.452047 0.245756
0.455851 0.21977 0.292612
0.406764 0.114433 0.168628
0.640183 0.409697 0.219377
0.359309 0.167545 0.285464
0.546156 0.360692 0.237172
0.50363 0.371454 0.223123
0.749792 0.472439 0.255746
0.736065 0.391424 0.203222
0.687363 0.452503 0.281022
0.524199 0.433153 0.23551
0.0782414 0.248735 0.228686
0.891664 0.230646 0.24522
0.605853 0.131059 0.187828
0.520675 0.273225 0.259462
0.353741 0.127795 0.211897
0.932027 0.113632 0.260537
0.707514 0.444227 0.210614
0.899646 0.289637 0.256305
0.695161 0.471711 0.210161
0.37058 0.171938 0.27272
0.159456 0.189155 0.212813
0.205563 0.144864 0.250045
0.155513 0.0583872 0.273483
0.773095 0.290717 0.273101
0.33281 0.17156 0.283454
0.570521 0.237088 0.284871
0.701009 0.479354 0.283265
0.52212 0.193206 0.298077
0.750079 0.0839045 0.235168
0.202407 0.123337 0.317089
0.632463 0.214552 0.27259
0.407151 0.380285 0.218436
0.280016 0.305216 0.216478
0.612158 0.563993 0.43108
0.601482 0.352604 0.23342
0.884774 0.131216 0.247219
0.830377 0.261183 0.259722
0.219666 0.279077 0.291467
0.559386 0.314973 0.253042
0.718609 0.399105 0.285732
0.394959 0.257891 0.263188
0.611308 0.186672 0.203157
0.102721 0.0776767 0.271184
0.639048 0.275475 0.282695
0.448248 0.289792 0.210559
0.848993 0.183877 0.248752
0.655488 0.493987 0.362007
0.345024 0.352399 0.300468
0.885942 0.186882 0.250804
0.284702 0.38036 0.305784
0.366997 0.298892 0.201473
0.906673 0.263204 0.271648
0.690178 0.49616 0.198355
0.258936 0.0749954 0.274065
0.0458134 0.162397 0.247442
0.657528 0.417784 0.222854
0.44198 0.336491 0.299023
0.558626 0.391404 0.317064
0.559717 0.323673 0.265164
0.48848 0.371364 0.296742
0.83526 0.144539 0.25272
0.585961 0.261622 0.271754
0.788712 0.273597 0.274447
0.224637 0.278037 0.286365
0.848212 0.130953 0.255972
0.621844 0.299104 0.237799
0.220808 0.336253 0.20244
0.682348 0.505213 0.199087
0.480439 0.281304 0.237495
0.932567 0.161688 0.255124
0.564817 0.267056 0.283684
0.0547738 0.151923 0.270004
0.581466 0.278456 0.249253
0.569879 0.361059 0.276596
0.792828 0.236733 0.287287
0.575585 0.20583 0.294512
0.923385 0.2224 0.25866
0.567785 0.296889 0.2235
0.0706873 0.201793 0.272638
0.705854 0.17011 0.227781
0.871602 0.300599 0.257288
0.584072 0.550105 0.0388292
0.254703 0.132188 0.299647
0.140066 0.0723007 0.26696
0.463447 0.296782 0.245901
0.300347 0.311196 0.230156
0.967696 0.200816 0.239007
0.223841 0.146014 0.184645
 0.732 0.44503 0.248602
0.262196 0.413543 0.240459
0.966268 0.126658 0.239606
0.192361 0.198515 0.241259
0.415631 0.118145 0.246236
0.0927315 0.119992 0.240378
0.0928715 0.0761269 0.264807
0.760362 0.328309 0.214434
0.542123 0.225995 0.241651
0.652223 0.311998 0.293325
0.520799 0.140691 0.182954
0.470815 0.344364 0.248852
0.897515 0.273029 0.273824
0.241425 0.237705 0.269785
0.401328 0.332822 0.313508
0.630903 0.424045 0.214559
0.743799 0.280159 0.226051
0.571851 0.200242 0.310197
0.329578 0.284604 0.246153
0.80734 0.321247 0.265593
0.54636 0.360692 0.279609
0.615563 0.25399 0.182819
0.809385 0.213605 0.196439
0.852597 0.179565 0.25752
0.056106 0.175379 0.271121
0.553658 0.290462 0.225246
0.317613 0.125428 0.288451
0.748173 0.247915 0.266513
0.706815 0.447066 0.199378
0.81991 0.0632669 0.247918
0.197985 0.332045 0.299491
0.700983 0.479347 0.276063
0.211233 0.339489 0.284982
0.231406 0.340551 0.217462
0.595922 0.263248 0.244385
0.35088 0.32444 0.201161
0.101226 0.0900027 0.273529
0.619193 0.19244 0.271798
0.439998 0.344233 0.296055
0.389143 0.187239 0.324877
0.52118 0.320866 0.278538
0.493819 0.196002 0.256992
0.600292 0.570124 0.440603
0.177598 0.116009 0.251506
0.739354 0.271184 0.246918
0.393265 0.39625 0.234521
0.566055 0.134137 0.320016
0.694017 0.427606 0.225946
0.43553 0.108833 0.181837
0.269484 0.310859 0.209599
0.678664 0.450236 0.219159
0.765396 0.10952 0.248937
0.213086 0.270691 0.300552
0.625267 0.231521 0.294328
0.197524 0.342037 0.29545
0.692194 0.39749 0.287861
0.210924 0.184469 0.24789
0.251149 0.383991 0.294824
0.931993 0.174002 0.255124
0.570329 0.422929 0.318399
0.194198 0.245336 0.285347
0.718496 0.407631 0.211848
0.210228 0.168891 0.245592
0.292068 0.181757 0.24522
0.581544 0.185287 0.288598
0.701545 0.450077 0.288049
0.203759 0.171561 0.254167
0.181324 0.292646 0.23927
0.851258 0.218333 0.250804
0.581144 0.301906 0.270306
0.449579 0.323298 0.297701
0.597953 0.561539 0.0702864
0.511281 0.264179 0.266189
0.332516 0.283023 0.241481
0.668746 0.199994 0.250819
0.319927 0.111837 0.316218
0.687525 0.464581 0.273397
0.572813 0.322188 0.265395
0.368643 0.180781 0.255446
0.499016 0.311562 0.26549
0.339894 0.189346 0.208995
0.611759 0.174326 0.275283
0.713804 0.437721 0.205038
0.455834 0.340409 0.2589
 0.279 0.294644 0.287677
0.193011 0.250568 0.255124
0.159166 0.155049 0.193264
0.701576 0.454569 0.274789
0.606378 0.420441 0.317783
0.703828 0.48892 0.262929
0.513252 0.271851 0.272525
0.459289 0.164718 0.30186
0.520666 0.295785 0.268111
0.456884 0.123571 0.298923
0.288773 0.214854 0.246549
0.793674 0.239346 0.211533
0.67364 0.485474 0.359701
0.219326 0.126497 0.202172
0.45537 0.116804 0.337883
0.171302 0.33911 0.21222
0.843542 0.075118 0.253596
0.372502 0.382375 0.217202
0.343532 0.119637 0.266045
0.635929 0.269562 0.267159
0.433039 0.158625 0.308254
0.318101 0.283937 0.224585
0.66484 0.443558 0.277267
0.58535 0.239434 0.304353
0.174688 0.363804 0.249166
0.749708 0.349584 0.287812
0.388986 0.191252 0.310903
0.193281 0.169981 0.294938
0.552487 0.415034 0.187306
0.0553867 0.297567 0.231217
0.430989 0.229592 0.180671
0.573876 0.279454 0.290857
0.970907 0.153619 0.263468
0.613755 0.42894 0.189772
0.180348 0.321173 0.234764
0.570717 0.313905 0.261458
0.298314 0.189939 0.202463
0.831026 0.165628 0.296144
 0.587 0.259588 0.235485
0.600641 0.30806 0.277065
0.16642 0.32997 0.187391
0.163972 0.0960068 0.256691
0.273351 0.364926 0.206948
0.404442 0.133919 0.171795
0.762081 0.299303 0.207552
0.629807 0.184166 0.177542
0.0873579 0.200406 0.24522
0.675334 0.21898 0.261472
0.705906 0.502688 0.259058
0.284344 0.230558 0.24522
0.237807 0.296809 0.282928
0.176436 0.222763 0.288519
0.391226 0.268227 0.258242
0.612372 0.305718 0.227461
0.505389 0.289506 0.291469
0.634223 0.227346 0.183466
0.747398 0.257093 0.226778
0.185583 0.15006 0.255124
0.72753 0.427178 0.227035
0.736805 0.466433 0.22685
0.391226 0.224499 0.247171
0.413719 0.171797 0.317525
0.301017 0.128647 0.210353
0.346921 0.275024 0.22639
0.656248 0.421049 0.243216
0.594678 0.456919 0.28872
0.528059 0.301253 0.269042
0.624317 0.273778 0.210828
0.0866254 0.187338 0.255121
0.482499 0.13964 0.271378
0.281568 0.0908989 0.273416
0.574949 0.240166 0.273464
0.371029 0.260105 0.287829
0.87975 0.207473 0.250804
0.414032 0.129748 0.244217
0.4556 0.19064 0.160327
0.456683 0.262504 0.193887
0.3281 0.136511 0.240176
0.511956 0.168299 0.256992
0.581267 0.300019 0.232394
0.544151 0.374283 0.274443
0.749884 0.276219 0.236248
0.791919 0.237291 0.204442
0.784477 0.298501 0.278039
0.505152 0.352553 0.297094
0.283126 0.319996 0.303633
0.620294 0.148112 0.189356
0.506885 0.142011 0.326022
0.092028 0.21258 0.253306
0.830132 0.111972 0.250804
0.468087 0.294985 0.226817
0.240302 0.28697 0.287219
0.415737 0.150453 0.315985
0.568268 0.250496 0.319166
0.386435 0.118817 0.312208
0.710411 0.203527 0.272466
0.37411 0.214382 0.244217
0.848159 0.263094 0.255124
0.590607 0.266496 0.239058
0.277939 0.251471 0.239708
0.734507 0.373982 0.274417
0.394102 0.169154 0.306069
0.491331 0.370804 0.259826
0.257088 0.348361 0.243264
0.426795 0.129757 0.339266
0.153895 0.277228 0.251251
0.340431 0.181687 0.204531
0.695108 0.421514 0.221783
0.0991377 0.335141 0.270573
0.673378 0.354679 0.215246
0.380183 0.274896 0.206038
0.684085 0.423146 0.282011
0.863278 0.14522 0.250804
0.0899933 0.165016 0.24522
0.160199 0.174105 0.279715
0.525347 0.42786 0.214104
0.444867 0.11091 0.173924
0.509051 0.325828 0.243259
0.260158 0.201134 0.245876
0.426681 0.129289 0.244217
0.564839 0.375538 0.301752
0.345671 0.131124 0.312782
0.506263 0.165253 0.298401
0.633375 0.179117 0.193983
0.437582 0.145833 0.256992
0.451288 0.362321 0.291611
0.36675 0.179333 0.298355
0.690831 0.52946 0.291607
0.478039 0.125023 0.165309
0.206406 0.200717 0.24804
0.753578 0.250069 0.26107
0.561242 0.310124 0.250137
0.468481 0.289808 0.244489
0.44408 0.141523 0.286341
0.725246 0.460556 0.226281
0.35948 0.214329 0.255446
0.492136 0.4082 0.285232
0.855922 0.197205 0.254616
0.400394 0.229157 0.244217
0.296253 0.230831 0.26549
0.795621 0.0311197 0.246332
0.797877 0.236729 0.289162
0.185954 0.336871 0.313916
0.54277 0.250414 0.230408
0.548222 0.245062 0.245474
0.548627 0.120813 0.178476
0.651394 0.517989 0.189314
0.413949 0.359727 0.286535
0.272735 0.234762 0.263363
0.383896 0.129408 0.272935
0.459586 0.303874 0.256503
0.415157 0.271511 0.309213
0.239483 0.355015 0.248601
0.164261 0.151575 0.316908
0.259416 0.414217 0.249393
0.645604 0.367093 0.220632
0.494836 0.41451 0.237255
0.048904 0.151603 0.256686
0.534484 0.178446 0.301603
0.766706 0.293849 0.276239
0.373621 0.391745 0.219081
0.216043 0.0715104 0.260048
0.359745 0.197865 0.287864
0.0786395 0.194833 0.238681
0.289112 0.412556 0.247928
0.268364 0.117035 0.200505
0.554834 0.297727 0.287064
0.509187 0.36955 0.287405
0.248237 0.342264 0.274441
0.676416 0.4707 0.216317
0.188599 0.262925 0.24238
0.807863 0.0550533 0.261427
0.533079 0.24741 0.269069
0.271028 0.179252 0.298369
0.722232 0.386789 0.280022
0.556313 0.269535 0.265578
0.624902 0.231828 0.275375
0.307489 0.121181 0.272393
0.667529 0.537812 0.183173
0.33527 0.20074 0.247839
0.615661 0.180597 0.212296
0.483879 0.291008 0.268316
0.881176 0.220181 0.247372
0.130458 0.140731 0.248129
0.55288 0.27273 0.238354
0.559265 0.325598 0.224556
0.438974 0.281202 0.230702
0.532803 0.250005 0.190637
0.123029 0.253675 0.243096
0.646354 0.412308 0.218577
0.22427 0.337962 0.200383
0.53988 0.274439 0.248137
0.230787 0.296766 0.298679
0.156191 0.184075 0.220396
0.559269 0.311212 0.228535
0.266927 0.300241 0.288583
0.685873 0.47592 0.247989
0.623719 0.300934 0.268406
0.559406 0.191055 0.286418
0.0642527 0.301082 0.275881
0.233391 0.299821 0.284045
0.69484 0.476299 0.357165
0.541117 0.360692 0.252839
0.482289 0.297594 0.224073
0.507094 0.127085 0.310955
0.239556 0.0466427 0.231363
0.532979 0.292987 0.246441
0.599975 0.299682 0.272253
0.638014 0.363948 0.246944
0.523621 0.235335 0.289619
0.154313 0.18817 0.293294
0.619159 0.286231 0.234429
0.0939999 0.21443 0.24522
0.201338 0.186989 0.205315
0.533849 0.224377 0.256698
0.219445 0.327609 0.291061
0.283476 0.273535 0.228538
0.299505 0.223707 0.267458
0.78538 0.273969 0.233974
0.897914 0.0848707 0.2535
0.604215 0.297935 0.237987
0.467017 0.3573 0.290755
0.832191 0.207219 0.255124
0.598115 0.278568 0.271031
0.499899 0.25887 0.221831
0.717782 0.41489 0.244807
0.868208 0.14087 0.250804
0.0926453 0.164835 0.24522
0.454611 0.12902 0.288493
0.208367 0.132613 0.242498
0.243327 0.250433 0.239248
0.462831 0.300461 0.23258
0.108412 0.244921 0.24522
0.50349 0.323441 0.280107
0.424281 0.137646 0.32154
0.2395 0.0625961 0.227021
0.204841 0.278969 0.24522
0.333767 0.134322 0.185425
0.128709 0.178277 0.263596
0.173263 0.326743 0.208088
0.531684 0.322612 0.226397
0.571792 0.229892 0.232426
0.219158 0.21478 0.254619
0.611409 0.289416 0.257202
0.586461 0.2834 0.287884
0.498946 0.311622 0.231681
0.339027 0.217158 0.269383
0.702809 0.497668 0.283639
0.259932 0.127113 0.301831
0.386163 0.194489 0.244217
0.39687 0.22111 0.291475
0.827868 0.274202 0.259191
0.321481 0.289151 0.288231
0.257902 0.115737 0.248203
0.825738 0.171255 0.24522
0.5771 0.260452 0.283726
0.121936 0.138602 0.248788
0.135644 0.192611 0.245952
0.531138 0.256707 0.288931
0.684817 0.531765 0.269157
0.171821 0.203208 0.244165
0.51692 0.302683 0.237431
0.901809 0.129316 0.255316
0.529126 0.309697 0.246444
0.480891 0.139719 0.274015
0.352599 0.246387 0.244217
0.819807 0.11465 0.247219
0.502485 0.317101 0.300358
0.619213 0.308169 0.229282
0.0597334 0.185716 0.272139
0.284682 0.213294 0.24522
0.500996 0.25197 0.253171
0.43055 0.200268 0.338472
0.930104 0.190977 0.245654
0.207946 0.202805 0.249621
0.676673 0.477609 0.278216
0.386266 0.232738 0.277637
0.692154 0.414115 0.273439
0.541669 0.275184 0.257951
0.297446 0.350126 0.242371
0.712991 0.373406 0.290749
0.377365 0.187761 0.304255
0.566673 0.125214 0.331771
0.534151 0.373322 0.195486
0.614918 0.55761 0.44319
0.470731 0.142982 0.313714
0.541791 0.129144 0.170461
0.283583 0.293811 0.286967
0.53601 0.280467 0.260346
0.430997 0.260986 0.232926
0.398474 0.244396 0.286551
0.614689 0.281899 0.1992
0.3677 0.150222 0.255446
0.39796 0.172074 0.205226
0.505329 0.31687 0.30106
0.530326 0.375715 0.284337
0.398887 0.171797 0.313234
0.512611 0.31732 0.25411
0.717213 0.423446 0.275407
0.32609 0.266501 0.280546
0.818307 0.212324 0.198779
0.763541 0.11298 0.255124
0.177868 0.090539 0.247818
0.475536 0.392863 0.222754
0.94893 0.0898865 0.261568
0.581004 0.361367 0.249432
0.254985 0.330719 0.295004
0.528971 0.301638 0.26228
0.448802 0.358352 0.213326
0.272991 0.0793653 0.227823
0.289432 0.230834 0.240336
0.0930594 0.143545 0.243322
0.660647 0.335672 0.21532
0.580389 0.286495 0.236667
0.586404 0.553981 0.457521
0.508352 0.423287 0.238887
0.162309 0.339827 0.211017
0.516876 0.151342 0.286418
0.501424 0.30534 0.280934
0.27218 0.186733 0.204916
0.537401 0.249494 0.250877
0.254904 0.406576 0.21576
0.454624 0.147989 0.244217
0.28458 0.412239 0.293488
0.457594 0.215989 0.295173
0.679317 0.375028 0.222118
0.642398 0.323016 0.233129
0.484613 0.36704 0.230555
0.785827 0.211091 0.247219
0.319322 0.350493 0.295788
0.147216 0.359799 0.256309
0.130418 0.188772 0.249373
0.0978887 0.119765 0.246548
0.512236 0.276971 0.227154
0.645055 0.281162 0.274533
0.371684 0.178093 0.196196
0.138581 0.357509 0.262062
0.658201 0.438953 0.215698
0.626149 0.305461 0.215352
0.330914 0.350688 0.23581
0.524224 0.224752 0.231266
0.627992 0.380316 0.219359
0.502189 0.296546 0.248844
0.766522 0.329326 0.198157
0.399108 0.15899 0.31573
0.848091 0.131272 0.25906
0.832916 0.172815 0.244565
0.694384 0.188483 0.247031
0.47405 0.26013 0.308432
0.370104 0.297213 0.201585
0.74321 0.224356 0.24522
0.634885 0.166794 0.330515
0.457088 0.338457 0.232288
0.171817 0.312636 0.229257
0.69392 0.427797 0.275324
0.539851 0.373938 0.22169
0.31974 0.290117 0.226577
0.779798 0.0627178 0.235426
0.92308 0.274865 0.252303
0.190162 0.176065 0.305848
0.200991 0.169984 0.288792
0.218771 0.180426 0.222058
0.73324 0.245394 0.227822
0.587047 0.337383 0.282653
0.875095 0.306959 0.228225
0.189627 0.18317 0.305682
0.684743 0.474742 0.267909
0.290127 0.114482 0.267433
0.934081 0.15281 0.255124
0.347374 0.148091 0.255446
0.559572 0.310822 0.227699
0.406657 0.137031 0.180774
0.426527 0.161125 0.302441
0.090702 0.149573 0.258116
0.388522 0.327526 0.315888
0.790513 0.313112 0.271028
0.827137 0.304044 0.236693
0.692529 0.530287 0.202877
0.701171 0.432982 0.202605
0.0735577 0.258139 0.231705
0.48591 0.142743 0.264432
0.357517 0.267605 0.291226
0.621831 0.286356 0.301811
0.621392 0.180709 0.225525
0.415239 0.151881 0.244217
0.561688 0.375451 0.307713
0.367451 0.256415 0.231912
0.688101 0.404468 0.28599
0.900568 0.121412 0.251737
0.284319 0.310146 0.208424
0.450905 0.10955 0.181452
0.217961 0.105242 0.247516
0.671599 0.485649 0.256267
0.663716 0.464884 0.227086
0.58711 0.544519 0.034597
0.192336 0.207202 0.263596
0.398605 0.161657 0.307382
0.756084 0.298104 0.2727
0.509583 0.391537 0.311027
0.13472 0.22539 0.291066
0.808917 0.152603 0.256776
0.324285 0.374552 0.203646
0.503248 0.267081 0.274386
0.458613 0.249485 0.189503
0.616531 0.379755 0.253365
0.669816 0.340921 0.216952
0.643147 0.279222 0.271742
0.750308 0.427522 0.271405
0.571574 0.235438 0.28768
0.533793 0.31162 0.253598
0.325133 0.169662 0.296624
0.582664 0.163311 0.286418
0.42997 0.164326 0.319895
0.687429 0.452055 0.22282
0.213709 0.125406 0.288268
0.238174 0.293348 0.296398
0.166585 0.0810012 0.24522
0.667535 0.515829 0.258203
0.663968 0.516924 0.15126
0.522483 0.332733 0.214473
0.512077 0.262894 0.246663
0.523882 0.26924 0.272921
0.335576 0.350766 0.28696
0.747214 0.367559 0.203329
0.0559892 0.1343 0.235668
0.227597 0.214456 0.265941
0.505138 0.261624 0.190398
0.237357 0.354746 0.264244
0.11042 0.125972 0.255124
0.262795 0.383482 0.20799
0.851856 0.217163 0.247219
0.110893 0.0620431 0.233528
0.541258 0.142065 0.271694
0.724817 0.28361 0.236174
0.349344 0.279177 0.303946
0.265861 0.118849 0.269785
0.616829 0.310918 0.241022
0.508321 0.299227 0.235992
0.781658 0.316988 0.244415
0.846987 0.31195 0.228037
0.44395 0.386311 0.251582
0.206345 0.225509 0.263596
0.767891 0.0856232 0.254087
0.343185 0.273201 0.301717
0.676335 0.460308 0.286134
0.697942 0.422867 0.215912
0.572682 0.287343 0.271378
0.679989 0.490444 0.213996
0.677726 0.477163 0.203347
0.672627 0.445415 0.226218
0.73409 0.13391 0.247474
0.306257 0.350144 0.209614
0.632705 0.214699 0.231666
0.470462 0.255608 0.30651
0.765987 0.324485 0.226136
0.919828 0.107799 0.246707
0.54438 0.239056 0.229796
0.949672 0.180667 0.234957
0.121701 0.0783719 0.271759
0.586212 0.393825 0.28593
0.844406 0.167572 0.24976
0.0401345 0.284836 0.246811
0.191378 0.0865844 0.247195
0.405074 0.191423 0.244217
0.603257 0.31143 0.216514
0.486136 0.297504 0.230456
0.926557 0.116471 0.254982
0.738373 0.426219 0.224757
0.616777 0.559474 0.446409
0.343001 0.350891 0.287203
0.589409 0.32044 0.246229
0.786224 0.13255 0.24522
0.385126 0.330676 0.314499
0.432644 0.202746 0.245425
0.0912041 0.327797 0.272581
0.559677 0.322051 0.245222
0.494496 0.111691 0.183801
0.735615 0.481524 0.242385
0.0853144 0.332554 0.239258
0.969505 0.186609 0.236311
0.701805 0.460812 0.264776
0.61881 0.310099 0.220718
0.697225 0.500186 0.237874
0.569577 0.321263 0.230368
0.218966 0.34374 0.283316
0.632664 0.359304 0.226685
0.820089 0.301592 0.26978
0.512477 0.292194 0.23593
0.205981 0.275965 0.255124
0.438617 0.120412 0.211297
0.563882 0.290963 0.237857
0.756624 0.326579 0.259062
0.432091 0.171797 0.318579
0.644108 0.417393 0.260693
0.755339 0.280847 0.224324
0.850349 0.107423 0.247219
0.485147 0.202982 0.256992
0.77024 0.231715 0.246423
0.304659 0.342456 0.208633
0.581705 0.302806 0.293011
0.56067 0.272677 0.250206
0.409438 0.12364 0.195649
0.392297 0.204571 0.244217
0.657264 0.501858 0.150646
0.257367 0.116051 0.203776
0.499939 0.319473 0.258259
0.916972 0.228528 0.248283
0.603336 0.338758 0.21328
0.593095 0.313806 0.230948
0.358708 0.115491 0.253642
0.544434 0.374339 0.238237
0.180427 0.153471 0.306635
0.612986 0.277739 0.234728
0.490302 0.225809 0.275596
0.208396 0.311997 0.22906
0.406095 0.351949 0.295152
0.661149 0.348666 0.219889
0.541816 0.123678 0.171837
0.388835 0.119553 0.165249
0.315284 0.359856 0.301929
0.102184 0.291077 0.26332
0.191093 0.310424 0.272178
0.585141 0.389071 0.294038
0.143432 0.224617 0.245267
0.0281505 0.260227 0.250953
0.389412 0.180838 0.27831
0.0555045 0.158601 0.22998
0.851339 0.169216 0.249043
0.832326 0.227491 0.252659
0.756274 0.248513 0.260713
0.562432 0.15959 0.256992
0.377779 0.214498 0.273138
0.659062 0.397354 0.259198
0.743541 0.0620776 0.264094
0.552338 0.297727 0.29078
0.656427 0.539627 0.299986
0.740281 0.271068 0.224379
0.264688 0.326137 0.301048
0.208818 0.137108 0.24522
0.180166 0.346116 0.195281
0.621981 0.202005 0.280441
0.572329 0.359837 0.289617
0.176879 0.218865 0.299571
0.691823 0.533549 0.261979
0.889313 0.26033 0.259661
0.289121 0.109603 0.230762
0.827346 0.276745 0.240568
0.834988 0.181475 0.250614
0.45014 0.290169 0.208712
0.914937 0.0529336 0.258512
0.689119 0.51453 0.203455
0.563965 0.360692 0.221168
0.303737 0.299003 0.294516
0.440266 0.289967 0.229668
0.755097 0.310626 0.208979
0.197934 0.280488 0.24522
0.63029 0.193816 0.178609
0.430726 0.149921 0.317584
0.706134 0.137867 0.27166
0.556928 0.281172 0.246172
0.558786 0.286816 0.229922
0.639474 0.281692 0.222584
0.591228 0.351674 0.288132
0.217288 0.186069 0.240637
0.869773 0.0739494 0.239522
0.320472 0.113997 0.245094
0.795081 0.139678 0.255124
0.507553 0.307723 0.292803
0.519001 0.267272 0.233523
0.43115 0.261172 0.229188
0.11609 0.302155 0.241101
0.609362 0.379105 0.220666
0.328409 0.350646 0.274068
0.645183 0.2816 0.228941
0.267943 0.0626415 0.230664
0.836616 0.190417 0.275077
0.579592 0.238157 0.295903
0.799747 0.227754 0.287514
0.526782 0.372932 0.306347
0.22169 0.115884 0.270691
0.769679 0.30185 0.289502
0.53827 0.119066 0.330467
0.528655 0.137126 0.172551
0.774161 0.187762 0.250804
0.59056 0.282526 0.291819
0.533683 0.273287 0.229429
0.286376 0.330614 0.252567
0.53168 0.13467 0.288645
0.476701 0.363128 0.229051
0.181926 0.182441 0.303089
0.36372 0.396977 0.270694
0.674239 0.4559 0.286072
0.765218 0.243299 0.255124
0.291667 0.381033 0.202035
0.639766 0.439294 0.283497
0.521563 0.381913 0.223616
0.542704 0.180788 0.256992
0.293221 0.278442 0.236352
0.731692 0.427788 0.225671
0.418628 0.258787 0.211888
0.0506726 0.276478 0.220348
0.807706 0.131605 0.250804
0.82275 0.149157 0.24522
0.527908 0.222568 0.229796
0.438876 0.226069 0.283404
0.195823 0.0602743 0.232274
0.277175 0.182638 0.297751
0.549584 0.262226 0.190103
0.51603 0.286249 0.256158
