0.207034 0.297817 0.855927
0.161395 0.224531 0.83518
0.227752 0.178456 0.15079
0.249019 0.222832 0.817589
0.27394 0.337407 0.201055
0.16835 0.112081 0.906556
0.176775 0.191004 0.769909
0.241153 0.119879 0.0505724
0.151955 0.327715 0.738672
0.193822 0.24567 0.371423
0.186699 0.245732 0.752146
0.206848 0.0686047 0.263276
0.187376 0.454596 0.435153
0.131529 0.306788 0.567859
0.150263 0.170994 0.819845
0.262123 0.420271 0.92073
0.110119 0.165777 0.576455
0.146828 0.247061 0.384901
0.255507 0.125697 0.800379
0.274224 0.400142 0.366258
0.220221 0.156996 0.16458
0.264069 0.424807 0.897138
0.241362 0.424928 0.814003
0.21039 0.265776 0.10853
0.201899 0.133369 0.159002
0.181728 0.377491 0.818679
0.198401 0.211472 0.215576
0.128042 0.275699 0.577396
0.211773 0.133305 0.614733
0.217117 0.201816 0.376973
0.270422 0.403734 0.907813
0.262597 0.165478 0.909272
0.173406 0.184427 0.180533
0.111509 0.197031 0.512885
0.318208 0.139995 0.668383
0.219311 0.0401721 0.831996
0.269259 0.0937368 0.804007
0.158332 0.395691 0.54564
0.165389 0.346642 0.358636
0.203864 0.271089 0.176049
0.240109 0.269234 0.368425
0.18664 0.0668552 0.82881
0.176566 0.386022 0.845794
0.29379 0.240015 0.729199
0.245281 0.372599 0.582188
0.154271 0.345837 0.716437
0.187476 0.255589 0.916435
0.184023 0.326993 0.361121
0.215333 0.123078 0.532976
0.104357 0.124033 0.540436
0.132008 0.288722 0.588915
0.253325 0.132794 0.0853
0.155191 0.216754 0.804548
0.242033 0.282203 0.804524
0.14202 0.182623 0.757155
0.26133 0.168028 0.0706422
0.274961 0.367077 0.634751
0.239089 0.234333 0.229574
0.211289 0.38513 0.768471
0.299342 0.334793 0.594101
0.156545 0.295621 0.365103
0.269849 0.109766 0.768199
0.311584 0.193484 0.667259
0.250565 0.121464 0.520135
0.17475 0.214688 0.776158
0.286054 0.372796 0.381673
0.239234 0.207198 0.376286
0.25674 0.410994 0.876788
0.141094 0.230515 0.449686
0.270506 0.297687 0.958485
0.17389 0.0896716 0.199479
0.169707 0.218025 0.281043
0.302156 0.183684 0.404916
0.316526 0.219396 0.495504
0.296228 0.246689 0.706887
0.183779 0.257199 0.765214
0.256083 0.239919 0.236018
0.213588 0.237816 0.106323
0.256076 0.128583 0.880921
0.167679 0.139674 0.665582
0.205871 0.178859 0.196212
0.164464 0.254773 0.798561
0.241607 0.163077 0.722365
0.108257 0.121257 0.493299
0.236157 0.213221 0.274428
0.209031 0.287079 0.786109
0.268489 0.262881 0.81161
0.107013 0.193569 0.529391
0.241905 0.239305 0.928927
0.219177 0.100611 0.281143
0.11528 0.12551 0.552256
0.186427 0.410835 0.876801
0.231149 0.367967 0.728416
0.233647 0.425944 0.366063
0.237727 0.409284 0.37668
0.189193 0.134137 0.621344
0.228812 0.106273 0.936931
0.268436 0.417651 0.37101
0.104116 0.546018 0.430938
0.304835 0.275895 0.622153
0.10537 0.144641 0.475188
0.268928 0.3942 0.364345
0.317422 0.262837 0.557306
0.268092 0.348379 0.322019
0.185683 0.278248 0.239244
0.227446 0.170975 0.147133
0.198242 0.266194 0.328161
0.174962 0.40726 0.803037
0.310612 0.123014 0.489275
0.229894 0.303798 0.143689
0.133772 0.170522 0.718191
0.219186 0.158024 0.205365
0.25259 0.270721 0.302822
0.186494 0.149704 0.225204
0.262606 0.0790353 0.826019
0.219845 0.108805 0.232357
0.146987 0.289597 0.774964
0.232762 0.0385982 0.161183
0.300306 0.330629 0.592487
0.175447 0.122647 0.786014
 0.184 0.265315 0.250826
0.172163 0.463053 0.384586
0.293623 0.300721 0.740254
0.294767 0.265385 0.427475
0.221703 0.367826 0.599896
0.209507 0.243626 0.161533
0.243249 0.300524 0.364459
0.24692 0.254024 0.233808
0.1605 0.356597 0.357376
0.220851 0.0597649 0.787809
0.177343 0.172127 0.766635
0.1433 0.280136 0.761885
0.135791 0.30562 0.595429
0.266369 0.407458 0.367631
0.167972 0.49346 0.402475
0.19612 0.312756 0.877104
0.182588 0.220482 0.745143
0.299613 0.118861 0.499404
0.194949 0.187947 0.800392
0.186025 0.256481 0.221017
0.298872 0.245976 0.465502
0.330829 0.2058 0.533918
0.274579 0.343489 0.874866
0.189286 0.300157 0.932486
0.199319 0.296726 0.829108
0.287635 0.291202 0.71345
0.144083 0.18162 0.770933
0.261888 0.367235 0.614742
0.203866 0.417469 0.861037
0.297717 0.434165 0.411551
0.211085 0.335645 0.360018
0.294144 0.341588 0.537237
0.285623 0.272247 0.746106
0.147407 0.267945 0.705084
0.218506 0.265033 0.324887
0.237392 0.206549 0.827333
0.251406 0.223665 0.862468
0.230562 0.232114 0.347854
0.129155 0.154717 0.705422
0.128147 0.185381 0.668475
0.176015 0.40387 0.802046
0.192364 0.249407 0.277488
0.232959 0.196479 0.28498
0.257882 0.264177 0.793208
0.205862 0.162496 0.0706519
0.20983 0.196681 0.185693
0.15163 0.441657 0.369166
0.167122 0.466859 0.374395
0.243551 0.396913 0.544618
0.189059 0.138283 0.866431
0.205385 0.22745 0.362377
0.30219 0.482289 0.44263
0.263794 0.26579 0.146669
0.253806 0.265012 0.19476
0.272388 0.167151 0.0457273
0.1766 0.431191 0.904541
0.152801 0.549946 0.445917
0.232332 0.173265 0.859624
0.148884 0.234644 0.747578
0.279701 0.319752 0.286013
0.217785 0.294607 0.960249
0.201898 0.311765 0.95053
0.249234 0.143288 0.694598
0.233892 0.367872 0.704495
0.247002 0.131061 0.596846
0.265047 0.260799 0.369487
0.205022 0.196589 0.716379
0.177636 0.234173 0.264303
0.23507 0.190901 0.954736
0.189699 0.217583 0.204142
0.237067 0.13388 0.041195
0.140409 0.288277 0.516607
0.181735 0.311596 0.264106
0.246144 0.252313 0.23502
0.311841 0.245895 0.509976
0.165675 0.463945 0.367391
0.167883 0.173242 0.279908
0.285252 0.321296 0.903285
0.227474 0.0723833 0.173964
0.279591 0.325008 0.861299
0.184106 0.431192 0.401064
0.243845 0.407552 0.374754
0.317157 0.183989 0.642479
0.330954 0.18653 0.55355
0.266943 0.149479 0.0557175
0.23637 0.183217 0.806868
0.101801 0.15274 0.537993
0.197118 0.260582 0.333453
0.245076 0.182646 0.880598
0.211001 0.182437 0.0954496
0.21624 0.292865 0.227944
0.301974 0.174268 0.747683
0.123525 0.224447 0.600734
0.249407 0.197255 0.882107
0.322249 0.209119 0.503315
0.171659 0.30494 0.269029
0.29856 0.124323 0.543068
0.219199 0.162522 0.203539
0.279345 0.168447 0.895296
0.165609 0.241351 0.771401
0.232533 0.081424 0.151604
0.229106 0.322906 0.832455
0.117813 0.226674 0.563134
0.129215 0.174846 0.685639
0.234076 0.0634603 0.153557
0.229232 0.302293 0.845002
0.235845 0.420339 0.782669
0.215564 0.409509 0.37693
0.189675 0.0479016 0.221703
0.198291 0.138781 0.942764
0.225518 0.367861 0.64192
0.139772 0.273108 0.501812
0.182005 0.232341 0.8533
0.219966 0.310176 0.827213
0.230696 0.178511 0.379923
0.210322 0.0875289 0.276837
0.287312 0.374891 0.417316
0.234727 0.159119 0.0304171
0.246142 0.128286 0.0488986
0.141416 0.213491 0.722508
0.229048  0.197 0.238773
0.313633 0.164572 0.422308
0.294629 0.299177 0.734422
0.200199 0.125472 0.110095
0.243206 0.309307 0.183833
0.246573 0.438123 0.480779
0.293753 0.336854 0.519418
0.216506 0.309596 0.890969
0.254279 0.204035 0.784181
0.212881 0.283039 0.903476
0.291594 0.323396 0.441968
0.292818 0.298583 0.432365
0.218673 0.107793 0.94609
0.257619 0.302083 0.923937
0.188174 0.384045 0.56601
0.2051 0.332212 0.23216
0.146269 0.245675 0.395165
0.168156 0.144847 0.441245
0.214075 0.150448 0.711137
0.140797 0.124783 0.546484
0.20295 0.145102 0.722716
0.164597 0.155784 0.291789
0.221262 0.29934 0.213233
0.285985 0.365975 0.329927
0.171989 0.102263 0.820665
0.237225 0.16361 0.0282035
0.254221 0.300358 0.931523
0.23142 0.0610537 0.806147
0.340062 0.163386 0.511767
0.26149 0.292574 0.144469
0.109977 0.208867 0.532431
0.200166 0.48027 0.908469
0.237767 0.102379 0.123706
0.216001 0.171564 0.0309969
0.1505 0.377702 0.497664
0.168584 0.0635484 0.179551
0.230537 0.186066 0.818246
0.143978 0.208882 0.39372
0.243964 0.367791 0.739865
0.233667 0.442475 0.370839
0.277754 0.33262 0.876261
0.119868 0.234444 0.56808
0.175356 0.395801 0.548166
0.280242 0.281936 0.366805
0.181095 0.367514 0.732625
0.265198 0.106098 0.7659
0.226395 0.464919 0.438734
0.140342 0.319165 0.61005
0.219134 0.13859 0.455003
0.219861 0.337058 0.359836
0.162155 0.404407 0.328709
0.231241 0.417638 0.859929
0.173734 0.200902 0.270637
0.2534 0.365052 0.781275
0.282682 0.220998 0.818773
0.295819 0.274656 0.469688
0.181669 0.236472 0.919478
0.152418 0.382867 0.53742
0.219095 0.475065 0.900546
0.240987 0.119274 0.932075
0.214484 0.169077 0.15076
0.18417 0.0382277 0.154794
0.205073 0.319256 0.268699
0.256063 0.123993 0.921353
0.15091 0.124218 0.54199
0.184383 0.426766 0.802516
0.301796 0.120267 0.510644
0.289976 0.345079 0.436322
0.179059 0.150708 0.428315
0.198362 0.168183 0.954985
0.225227 0.158872 0.278207
0.248862 0.198646 0.88058
0.142479 0.257878 0.475571
0.149519 0.216628 0.769545
0.225319 0.0793487 0.196297
0.262147 0.400847 0.77691
0.273619 0.260538 0.240773
0.253033 0.424284 0.818036
0.180312 0.18804 0.733626
0.189834 0.0701526 0.814339
0.229461 0.0563448 0.10578
0.223397 0.293802 0.794696
0.2805 0.39642 0.439128
0.261987 0.417887 0.511674
0.259672 0.367333 0.64274
0.167255 0.237938 0.906759
0.294213 0.239444 0.727156
0.253159 0.198821 0.783979
0.22494 0.231049 0.351119
0.276097 0.367079 0.643833
0.147715 0.31547 0.461296
0.165789 0.453072 0.378256
0.184604 0.170974 0.241691
0.224399 0.302292 0.207275
0.257121 0.17335 0.0830129
0.14499 0.328273 0.629712
0.175172 0.252566 0.771494
0.314168 0.160368 0.419296
0.264005 0.302381 0.176505
0.266015 0.324781 0.36138
0.178924 0.096835 0.19257
0.193915 0.149458 0.431061
0.184073 0.2042 0.883991
0.283366 0.390857 0.540971
0.234191 0.354202 0.216145
0.260906 0.109273 0.854736
0.192078 0.444898 0.470695
0.171774 0.145177 0.92312
0.195095 0.115342 0.291229
0.216457 0.378668 0.573572
0.281426 0.332571 0.898593
0.187651 0.233301 0.925818
0.177339 0.328011 0.94133
0.186942 0.415419 0.863695
0.338782 0.168084 0.524155
0.214977 0.301395 0.300501
0.260651 0.294596 0.148647
0.25666 0.107436 0.913995
0.149754 0.170124 0.817561
0.28666 0.35127 0.684369
0.288978 0.311444 0.759454
0.28932 0.125905 0.482917
0.18043 0.408031 0.349665
0.258114 0.309191 0.261528
0.163089 0.329487 0.839248
0.346606 0.124589 0.489497
0.24486 0.414279 0.365062
0.225729 0.274775 0.267104
0.192989 0.24015 0.228698
0.238957 0.309886 0.153937
0.159557 0.396737 0.487882
0.214051 0.0462408 0.82289
0.212701 0.13579 0.634598
0.188461 0.0964064 0.130271
0.123019 0.221504 0.501096
0.146976 0.314844 0.936968
0.255003 0.122088 0.860745
0.263405 0.367237 0.625648
0.227875 0.161034 0.84027
0.202858 0.16527 0.858025
0.216884 0.450722 0.930578
0.233308 0.279674 0.891365
0.277867 0.342356 0.755387
0.244517 0.144712 0.705974
0.259879 0.159829 0.769783
0.286619 0.164795 0.8537
0.289362 0.321569 0.73426
0.235178 0.368267 0.355878
0.267421 0.333086 0.215411
0.296669 0.295823 0.72308
0.295573 0.362175 0.588227
0.227185 0.259999 0.0662754
0.241581 0.337327 0.24659
0.216754 0.156896 0.414645
0.150076 0.288022 0.371273
0.240533 0.0816405 0.774928
0.226533 0.393407 0.35901
0.267992 0.125346 0.551191
0.181183 0.271566 0.805185
0.341232 0.156892 0.520699
0.141316 0.17015 0.765279
0.285963 0.211553 0.808273
0.225971 0.143078 0.0382792
0.271122 0.11091 0.770375
0.303485 0.266943 0.505544
0.286782 0.188162 0.82793
0.264035 0.243015 0.869005
0.149479 0.315379 0.742599
0.237782 0.436942 0.482842
0.169499 0.238198 0.220543
0.244186 0.24592 0.747793
0.29203 0.411613 0.372393
0.218869 0.0520773 0.86975
0.24847 0.0765183 0.803409
0.18943 0.157408 0.413537
0.215604 0.124607 0.292087
0.111857 0.188321 0.564648
0.1494 0.32547 0.438467
0.280394 0.194103 0.861564
0.275449 0.366362 0.918015
0.256307 0.413745 0.381656
0.32034 0.136497 0.640427
0.200559 0.202476 0.722571
0.334591 0.189457 0.527712
0.254094 0.137118 0.64528
0.217907 0.122777 0.0474395
0.241438 0.230187 0.171804
0.262318 0.127766 0.917655
0.189878 0.406803 0.373919
0.254912 0.300898 0.189146
0.201409 0.10729 0.739682
0.268073 0.423522 0.432035
0.158133 0.343641 0.739805
0.196436 0.405714 0.372707
0.249842 0.137309 0.646797
0.27367 0.175448 0.923358
0.17563 0.336001 0.267347
0.244228 0.289012 0.846604
0.232745 0.372252 0.58306
0.280037 0.312516 0.286528
0.217291 0.182583 0.37941
0.147858 0.241109 0.372012
0.111938 0.167047 0.58645
0.295426 0.13185 0.603229
0.295871 0.254049 0.701322
0.174237 0.0623058 0.133815
0.17009 0.479435 0.394731
0.143465 0.229749 0.434147
0.162155 0.130473 0.267787
0.228504 0.14091 0.449881
0.148728 0.211678 0.769603
0.207228 0.120792 0.514692
0.146755 0.365952 0.552942
0.265241 0.108614 0.80053
0.176029 0.128304 0.782507
0.279235 0.31197 0.281931
0.151858 0.323831 0.921942
0.246708 0.117557 0.0547205
0.270163 0.190793 0.0520294
0.292054 0.228178 0.752587
0.309323 0.27659 0.593362
0.267762 0.16259 0.917102
0.146253 0.280686 0.444538
0.149951 0.503419 0.420005
0.156679 0.207644 0.822882
0.235177 0.205463 0.837968
0.317579 0.248403 0.53259
0.305617 0.236959 0.658508
0.142987 0.296702 0.517258
0.267898 0.158604 0.925732
0.16827 0.109792 0.885354
0.295215 0.184673 0.778911
0.149267 0.373812 0.509059
0.139312 0.327476 0.56417
0.24421 0.27983 0.803215
0.154381 0.331049 0.753415
0.126878 0.209181 0.474192
0.199597 0.106486 0.2867
0.187438 0.119023 0.498165
0.204305 0.37692 0.576602
0.277557 0.302041 0.270665
0.253406 0.455566 0.432073
0.206167 0.391655 0.553755
0.295988 0.256479 0.444041
0.214647 0.197691 0.132949
0.212487 0.238438 0.0888993
0.254235 0.326059 0.361221
0.25942 0.184214 0.905006
0.133516 0.248493 0.638532
0.159665 0.219666 0.829339
0.174237 0.426385 0.427465
0.281678 0.325489 0.298164
0.192052 0.22642 0.289151
0.262825 0.133558 0.616834
0.161328 0.376383 0.323821
0.160832 0.397356 0.410435
0.191472 0.15248 0.4244
0.219274 0.141361 0.213729
0.165217 0.22046 0.910237
0.274375 0.119465 0.504192
0.120289 0.139445 0.665803
0.295403 0.22605 0.378858
0.219723 0.129151 0.224533
0.254837 0.346139 0.358677
0.252518 0.156477 0.784043
0.206011 0.205594 0.195844
0.194917 0.183662 0.179025
0.245712 0.419014 0.870632
0.121318 0.153433 0.658173
0.174854 0.363123 0.921429
0.253779 0.166293 0.393902
0.164179 0.34342 0.298896
0.187734 0.318564 0.946681
0.228911 0.0503573 0.18957
0.221261 0.0455326 0.205792
0.218929 0.311256 0.292332
0.263077 0.315976 0.297848
0.180675 0.162735 0.89576
0.27019 0.372404 0.895914
0.261232 0.241484 0.860877
0.128831 0.264182 0.52905
0.2724 0.168261 0.0463424
0.180929 0.100233 0.912193
0.127449 0.192994 0.454147
0.262571 0.146084 0.925027
0.171139 0.388389 0.892491
0.19718 0.119448 0.503926
0.296561 0.20734 0.377652
0.27181 0.409832 0.832552
0.294241 0.195398 0.77364
0.164813 0.233036 0.344128
0.179351 0.425983 0.89688
0.183876 0.40443 0.371276
0.27133 0.264955 0.846787
0.308855 0.229829 0.645819
0.232132 0.263858 0.3175
0.191243 0.107603 0.160191
0.170028 0.139289 0.662505
0.313298 0.245671 0.601265
0.288392 0.391978 0.372554
0.213677 0.412923 0.520648
0.207146 0.268891 0.155062
0.288676 0.314636 0.755358
0.125622 0.545109 0.447049
0.247813 0.37749 0.765327
0.219534 0.141368 0.216882
0.175425 0.112714 0.227932
0.226259 0.155302 0.292287
0.150785 0.339262 0.427503
0.178939 0.136759 0.925663
0.220162 0.169681 0.701601
0.260947 0.146974 0.0691069
0.202575 0.45319 0.888874
0.277117 0.403665 0.417956
0.329645 0.139077 0.611996
0.31221 0.2869 0.564397
0.212539 0.2138 0.10034
0.300566 0.457866 0.431056
0.251452 0.264494 0.230005
0.206922 0.21574 0.722715
0.236488 0.228616 0.734167
0.238324 0.445884 0.417506
0.159114 0.0995108 0.256572
0.151133 0.327416 0.403319
0.273762 0.333753 0.853766
0.192414 0.231937 0.286504
0.300086 0.296975 0.629511
0.185515 0.195897 0.188415
0.179857 0.430939 0.896727
0.297413 0.237232 0.709497
0.285426 0.206238 0.817258
0.162263 0.143846 0.698923
0.30138 0.168603 0.388775
0.190441 0.0963131 0.0805528
0.286079 0.366866 0.617849
0.193605 0.0738397 0.874254
0.234014 0.199826 0.846678
0.192589 0.059749 0.838223
0.226794 0.138246 0.65426
0.178484 0.252598 0.268465
0.164308 0.131749 0.60222
0.163432 0.0821494 0.22462
0.211345 0.100488 0.282294
0.255929 0.0960991 0.771244
0.167196 0.242554 0.89122
0.156531 0.313314 0.810461
0.172369 0.256206 0.785977
0.18682 0.15468 0.939699
0.212114 0.341223 0.217988
0.168659 0.121369 0.519241
0.169316 0.424649 0.920511
0.107924 0.196283 0.532316
0.293097 0.3178 0.945385
0.200342 0.374273 0.344122
0.18932 0.272552 0.228398
0.176451 0.0791659 0.819773
0.18255 0.308418 0.363475
0.25003 0.0775894 0.0894987
0.164478 0.192824 0.29099
0.21952 0.163355 0.703684
0.151829 0.429034 0.365217
0.283063 0.213375 0.824467
0.307512 0.52433 0.46042
0.173487 0.253295 0.218434
0.158651 0.312424 0.950172
0.253349 0.0981388 0.910979
0.149604 0.487203 0.400059
0.233502 0.0545294 0.826127
0.265144 0.435515 0.925657
0.196861 0.244749 0.282276
0.287766 0.328676 0.930844
0.232969 0.091412 0.744818
0.288909 0.337667 0.703847
0.240479 0.0858611 0.76462
0.298119 0.205526 0.738668
0.152394 0.37105 0.587074
0.115579 0.139988 0.636089
0.211043 0.165919 0.120289
0.289623 0.410972 0.387127
0.310621 0.265808 0.596671
0.220792 0.136064 0.95602
0.161901 0.131965 0.469652
0.306804 0.282355 0.534733
0.201499 0.443599 0.414872
0.205534 0.32308 0.262063
0.194266 0.217098 0.833737
0.148395 0.269018 0.381402
0.183092 0.146314 0.23075
0.256983 0.272099 0.861536
0.329107 0.184901 0.566817
0.263674 0.260396 0.369539
0.258617 0.220979 0.21491
0.258181 0.0999177 0.905469
0.23886 0.151209 0.724973
0.147058 0.477479 0.398553
0.2927 0.302469 0.922195
0.164149 0.282026 0.251865
0.23899 0.452501 0.888503
0.238128 0.12259 0.529112
0.141322 0.301557 0.949537
0.118493 0.176205 0.617874
0.171693 0.23528 0.889797
0.297957 0.209946 0.417674
0.277587 0.40247 0.393324
0.249749 0.370024 0.7623
0.178688 0.160448 0.773826
0.136618 0.170105 0.736234
0.257298 0.41261 0.77954
0.245676 0.221927 0.842488
0.406978 0.479229 0.490818
0.284893 0.386959 0.459158
0.27105 0.296891 0.958935
0.18943 0.130077 0.845032
0.179329 0.329877 0.274697
0.14468 0.341559 0.643767
0.288734 0.165105 0.840151
0.259561 0.10788 0.0693073
0.267758 0.403487 0.915305
0.264405 0.217798 0.918907
0.253029 0.281613 0.0985676
0.164347 0.406986 0.48938
0.170602 0.0932943 0.797516
0.222034 0.121353 0.5192
0.332282 0.191715 0.539753
0.21759 0.130808 0.472161
0.191033 0.191671 0.170208
0.115693 0.125793 0.483291
0.291478 0.282651 0.37179
0.326154 0.217918 0.526888
0.168199 0.201693 0.922574
0.304815 0.268702 0.629897
0.330207 0.159442 0.586913
0.311023 0.250693 0.610167
0.243474 0.232748 0.930325
0.222972 0.417796 0.869985
0.246903 0.215375 0.808501
0.22492 0.14079 0.282421
0.284399 0.301748 0.364294
0.164225 0.201224 0.876048
0.0404261 0.532358 0.442462
0.241163 0.0711252 0.870497
0.127045 0.281873 0.554906
0.114274 0.539081 0.450901
0.144186 0.27127 0.476523
0.204929 0.151744 0.183108
0.124938 0.192771 0.641203
0.267593 0.295867 0.27423
0.222745 0.102428 0.0532395
0.327982 0.207323 0.520946
0.137899 0.218859 0.69535
0.254102 0.307267 0.177569
0.166589 0.196117 0.917917
0.289477 0.198859 0.799752
0.127942 0.205463 0.647099
0.286573 0.298198 0.958189
0.147927 0.357411 0.639308
0.183098 0.190152 0.248627
0.228296 0.367877 0.667775
0.312862 0.267263 0.58112
0.166665 0.189507 0.902889
0.1926 0.18899 0.308705
0.152668 0.34032 0.718297
0.28225 0.231444 0.810412
0.239808 0.129713 0.586058
0.289426 0.120453 0.512112
0.111993 0.168389 0.585443
0.219377 0.173329 0.194765
0.242497 0.215311 0.146348
0.184665 0.460154 0.365602
0.167482 0.111377 0.905536
0.180287 0.205301 0.25613
0.138318  0.154 0.762886
0.207517 0.152885 0.423495
0.220934 0.317583 0.855862
0.178094 0.241983 0.263851
0.194548 0.133123 0.613252
0.169038 0.432342 0.362618
0.195841 0.211993 0.941536
0.293755 0.401657 0.384745
0.239014 0.303837 0.198358
0.174484 0.177442 0.267176
0.192656 0.0679054 0.814033
0.263899 0.27768 0.106947
0.315063 0.209444 0.478996
0.248594 0.147381 0.4356
0.111523 0.170712 0.483408
0.309839 0.129328 0.583091
0.218947 0.176033 0.83466
0.15991 0.191198 0.859363
0.155814 0.390252 0.542911
0.331926 0.180681 0.50376
0.291732 0.332051 0.644572
0.143464 0.251747 0.464974
0.10985 0.125889 0.555282
0.145466 0.235454 0.725595
0.293088 0.324472 0.481991
0.155135  0.346 0.719075
0.155949 0.361892 0.659281
0.194063 0.310975 0.950981
0.221647 0.0432619 0.842834
0.176534 0.237034 0.267013
0.157305 0.3936 0.549165
0.203155 0.294003 0.168969
0.167375 0.0906448 0.810486
0.155852 0.390226 0.538942
0.221822 0.184336 0.17571
0.0984317 0.533993 0.450479
0.243604 0.131573 0.0458576
0.257228 0.0742829 0.826581
0.226092 0.305158 0.148206
0.277853 0.300139 0.932454
0.261091 0.181556 0.200293
0.298724 0.191303 0.749955
0.171794 0.342433 0.821604
0.263361 0.0982345 0.781168
0.132903 0.531681 0.443983
0.23437 0.237205 0.936137
0.191914 0.217792 0.736186
0.285179 0.245456 0.777259
0.275122 0.18637 0.902708
0.166868 0.339098 0.294887
0.160291 0.102447 0.268923
0.277808 0.133436 0.615886
0.285193 0.220749 0.374557
0.143609 0.551927 0.430964
0.290746 0.313178 0.739677
0.308057 0.180507 0.70305
0.176592 0.177229 0.908243
0.236788 0.204991 0.150967
0.100149 0.154513 0.503986
0.227153 0.150973 0.715234
0.207672 0.246206 0.734705
0.242034 0.140863 0.851331
0.166684 0.136336 0.638889
0.263745 0.400854 0.790172
0.188199 0.327959 0.360998
0.169429 0.128001 0.284571
0.285848 0.499037 0.440335
0.278729 0.270127 0.277292
0.280265 0.397475 0.51802
0.2571 0.34478 0.931797
0.221441 0.301986 0.205567
0.257087 0.124838 0.0564941
0.267204 0.126965 0.564136
0.332507 0.175112 0.499333
0.30005 0.482074 0.447531
0.252519 0.193777 0.203727
0.191979 0.0580008 0.245071
0.254397 0.316538 0.947805
0.207035 0.427505 0.39696
0.157953 0.393242 0.485031
0.111677 0.173703 0.578169
0.188363 0.334135 0.360215
0.174424 0.178989 0.911307
0.199996 0.368495 0.746951
0.206736 0.0784836 0.273471
0.240665 0.244837 0.371516
0.315621 0.18743 0.648438
0.218515 0.131752 0.0441637
0.270673 0.240667 0.220524
0.175937 0.0784483 0.822554
0.185306 0.225704 0.816709
0.262807 0.279288 0.264712
0.287768 0.30275 0.920967
0.198267 0.070827 0.876448
0.25192 0.149742 0.9355
0.386776 0.463266 0.497931
0.301735 0.119156 0.50176
0.294217 0.253805 0.394292
0.236045 0.203456 0.825546
0.248838 0.179978 0.188882
0.143166 0.171492 0.38252
0.147666 0.272151 0.401718
0.194145 0.247175 0.925526
0.14302 0.202984 0.742959
0.151159 0.17961 0.816766
0.280494 0.396145 0.397225
0.282895 0.336836 0.307123
0.143788 0.220012 0.413459
0.28967 0.298467 0.364708
0.170228 0.259759 0.836796
0.213564 0.15426 0.420459
0.236314 0.214715 0.166852
0.204341 0.0568695 0.816943
0.320129 0.150947 0.428914
0.216001 0.404484 0.533643
0.257996 0.27435 0.854037
0.148969 0.141824 0.682741
0.30387 0.521747 0.459491
0.306865 0.20846 0.680891
0.200036 0.0755962 0.891534
0.234357 0.0819818 0.910511
0.248118 0.300574 0.196143
0.250108 0.261945 0.234906
0.229993 0.191764 0.15508
0.192261 0.188142 0.87632
0.264261 0.124909 0.485133
0.174384 0.353286 0.763415
0.148564 0.187453 0.792841
0.208043 0.0929844 0.060366
0.198959 0.122678 0.135111
0.212006 0.221248 0.0906094
0.176084 0.15161 0.772941
0.240338 0.297772 0.364809
0.229323 0.195998 0.244732
0.28231 0.422838 0.375434
0.17878 0.115342 0.220183
0.333396 0.129128 0.581537
0.220521 0.309312 0.951914
0.191755 0.245065 0.279398
0.264652 0.242008 0.371868
0.30277 0.275626 0.513103
0.290294 0.338801 0.43411
0.192255 0.100892 0.922016
0.183531 0.132296 0.875302
0.311466 0.218914 0.641058
0.227635 0.144657 0.70551
0.193844 0.387974 0.76962
0.228621 0.147753 0.0359622
0.328797 0.169598 0.584969
0.271878 0.335385 0.807455
0.235721 0.223718 0.2399
0.232157 0.3677 0.616169
0.140437 0.302144 0.532017
0.180979 0.139975 0.668006
0.100731 0.150444 0.533666
0.134208 0.181419 0.709978
0.269346 0.259022 0.868013
0.322565 0.216746 0.573979
0.2577 0.264013 0.165136
0.208364 0.189769 0.0602727
0.176509 0.121754 0.792653
0.245956 0.309266 0.163583
0.190509 0.13422 0.300114
0.223234 0.275762 0.921297
0.167263 0.0531824 0.168929
0.287945 0.197901 0.81034
0.146388 0.337869 0.521639
0.111915 0.202314 0.517415
0.329393 0.127413 0.567815
0.245723 0.137357 0.0440079
0.249962 0.291863 0.121872
0.266517 0.261284 0.369425
0.301019 0.162534 0.766083
0.0424636 0.520127 0.4533
0.307096 0.276913 0.60694
0.255393 0.114086 0.0611257
0.163278 0.336336 0.788271
0.149308 0.167029 0.392355
0.304875 0.239819 0.479026
0.251786 0.204347 0.935098
0.223229 0.120648 0.168951
0.181436 0.0879185 0.170819
0.120764 0.253816 0.55423
0.235366 0.216641 0.290344
0.198806 0.368196 0.606644
0.168213 0.118219 0.773033
0.269259 0.345828 0.846267
0.2527 0.100113 0.0668838
0.22418 0.115331 0.284607
0.238537 0.221675 0.277862
0.170946 0.0466564 0.184735
0.141959 0.315033 0.541253
0.259563 0.121528 0.0703301
0.163551 0.155994 0.279483
0.263082 0.129639 0.754275
0.1816 0.20577 0.887667
0.176529 0.420169 0.920711
0.195799 0.140234 0.6701
0.190083 0.0978141 0.113082
0.167621 0.413869 0.485909
0.231226 0.1551 0.831952
0.147257 0.247484 0.376111
0.229993 0.125231 0.55021
0.176399 0.138033 0.652474
0.101714 0.139193 0.481531
0.146275 0.295034 0.757002
0.218656 0.114976 0.287445
0.235116 0.421746 0.834053
0.181371 0.422054 0.832197
0.256985 0.0892483 0.789939
0.158061 0.447905 0.36192
0.248783 0.30387 0.916096
0.195685 0.402119 0.537846
0.217839 0.147774 0.301779
0.250133 0.278226 0.860657
0.30823 0.236846 0.487126
0.265369 0.329957 0.222485
0.136865 0.312448 0.595238
0.207218 0.45559 0.428229
0.337436 0.167561 0.507561
0.151222 0.486484 0.396861
0.203279 0.156234 0.058737
0.247651 0.121313 0.493072
0.238497 0.12432 0.542947
0.237665 0.0765679 0.781359
0.156259 0.547795 0.425196
0.202265 0.298778 0.843926
0.185124 0.276104 0.242182
0.193266 0.28559 0.857513
0.205498 0.321146 0.361856
0.288904 0.32054 0.368401
0.173552 0.257255 0.36996
0.255657 0.450717 0.442148
0.148179 0.276432 0.396503
0.217075 0.314486 0.835939
0.155042 0.363172 0.367963
0.227385 0.0729383 0.174427
0.24691 0.21109 0.936409
0.314195 0.271055 0.56877
0.165802 0.0922577 0.853395
0.222107 0.362622 0.165361
0.196615 0.286947 0.304854
0.205304 0.302906 0.920386
0.317665 0.137536 0.648727
0.210853 0.134787 0.463392
0.298058 0.32562 0.554591
0.2893 0.520427 0.463641
0.103672 0.179562 0.520013
0.187612 0.183701 0.179375
0.122036 0.173078 0.450291
0.207737 0.0571251 0.862625
0.265685 0.460005 0.933571
0.265163 0.222709 0.916235
0.29641 0.219788 0.394319
0.197285 0.422157 0.872315
0.2038 0.276014 0.266785
0.260967 0.266246 0.157112
0.18461 0.455314 0.890009
0.192486 0.368398 0.652545
0.229989 0.40441 0.915609
0.25131 0.257837 0.18733
0.262456 0.250581 0.84407
0.283782 0.402073 0.353772
0.235221 0.145481 0.72429
0.201958 0.301029 0.837863
0.267183 0.419896 0.388575
0.270923 0.425518 0.800934
0.316375 0.222111 0.498118
0.15248 0.36446 0.63593
0.289969 0.33128 0.413384
0.247113 0.273532 0.79392
0.289151 0.315684 0.917804
0.215332 0.368177 0.711699
0.321237 0.145769 0.65746
0.238148 0.293879 0.291585
0.282879 0.137269 0.646533
0.216728 0.42014 0.5094
0.256971 0.379972 0.791223
0.117615 0.124258 0.542252
0.242452 0.219548 0.15271
0.169087 0.382161 0.325798
0.31347 0.24789 0.517876
0.259164 0.163869 0.76936
0.256973 0.252159 0.762391
0.180404 0.159018 0.894694
0.236105 0.148277 0.948197
0.148269 0.217978 0.760453
0.28428 0.316806 0.790638
0.132279 0.306096 0.573201
0.15063 0.322058 0.406812
0.138589 0.236452 0.682006
0.201172 0.104325 0.0582256
0.209185 0.251059 0.285243
0.178472 0.142407 0.891189
0.186097 0.375217 0.782098
0.153657 0.505926 0.420644
0.322691 0.504551 0.480769
0.171759 0.343077 0.831406
0.145415 0.365871 0.582111
0.220098 0.152107 0.219012
0.162731 0.226413 0.84157
0.23566 0.231111 0.0524558
0.103398 0.163017 0.537595
0.175757 0.239308 0.862872
0.268181 0.390863 0.854489
0.138427 0.192734 0.724774
0.179139 0.371121 0.314837
0.271764 0.198805 0.219983
0.295293 0.278726 0.462941
0.217495 0.181192 0.30733
0.255182 0.359589 0.778178
0.14683 0.326105 0.49552
0.188124 0.150491 0.877662
0.192883 0.116359 0.172911
0.269623 0.441311 0.913831
0.185175 0.174498 0.242472
0.298105 0.300678 0.947622
0.274719 0.351531 0.331494
0.17324 0.236143 0.218483
0.204636 0.306057 0.158436
0.260566 0.361197 0.745484
0.271949 0.393555 0.886422
0.17966 0.34801 0.300276
0.186548 0.0642092 0.835393
0.294946 0.280527 0.457044
0.146429 0.365898 0.559976
0.14926 0.277034 0.373713
0.310397 0.136042 0.636769
0.336181 0.133865 0.576659
0.227057 0.199435 0.191633
0.272454 0.135207 0.462422
0.295053 0.278749 0.456847
0.244298 0.222837 0.151147
0.103685 0.138634 0.563786
0.249743 0.273911 0.80017
0.246033  0.195 0.728283
0.169247 0.247463 0.900855
0.311994 0.199646 0.65817
0.301559 0.257726 0.661875
0.206415 0.275813 0.15463
0.218964 0.307921 0.898326
0.219541 0.0387172 0.191096
0.268357 0.349357 0.763744
0.131253 0.289924 0.58304
0.164811 0.13748 0.285064
0.189875 0.173132 0.788112
0.295886 0.182086 0.777457
0.154105 0.14346 0.444314
0.282433 0.30974 0.299811
0.271107 0.354076 0.87119
0.169042 0.184639 0.298415
0.221422 0.121778 0.18432
0.224352 0.0675522 0.23248
0.154181 0.223344 0.791692
0.205062 0.267171 0.368695
0.189762 0.295322 0.953737
0.318322 0.163594 0.437296
0.251347 0.133657 0.0898434
0.1815 0.417944 0.890052
0.173833 0.141944 0.683739
0.243347 0.262937 0.369222
0.191935 0.166273 0.39399
0.276584 0.386341 0.353577
0.140997 0.247902 0.685454
0.228795 0.155705 0.714651
0.233772 0.318919 0.849973
0.258674 0.277485 0.198964
0.282207 0.482993 0.431052
0.152527 0.342067 0.393371
0.237354 0.175161 0.0279566
0.270598 0.125244 0.906624
0.222552 0.122143 0.525513
0.207422 0.337192 0.221126
0.171849 0.408681 0.331116
0.250625 0.143244 0.694254
0.146151 0.368513 0.569713
0.232516 0.159952 0.817587
0.206622 0.0638284 0.876523
0.205201 0.148541 0.177472
0.219839 0.470349 0.922638
0.272895 0.134117 0.621324
0.178447 0.199736 0.776437
0.158091 0.208841 0.83043
0.270378 0.213024 0.912205
0.169037 0.415653 0.440322
0.156053 0.549751 0.448229
0.171303 0.125905 0.914755
0.0975728 0.521468 0.445242
0.160334 0.144537 0.441935
0.171117 0.083137 0.851052
0.292786 0.318279 0.710201
0.277761 0.366856 0.655032
0.232176 0.207785 0.171006
0.246762 0.062068 0.837254
0.118074 0.120935  0.494
0.330933 0.149417 0.464277
0.259704 0.154202 0.930799
0.219145 0.168856 0.310711
0.223615 0.13154 0.60064
0.226199 0.0815494 0.178317
0.223675 0.148863 0.263785
0.186522 0.0601787 0.250545
0.293701 0.440033 0.387118
0.308614 0.188621 0.690976
0.156704 0.246942 0.78369
0.219502 0.141673 0.216357
0.348387 0.490215 0.491515
0.144405 0.20869 0.745823
0.111642 0.214035 0.537568
0.187036 0.148896 0.304091
0.239672 0.130856 0.116071
0.215649 0.134524 0.624486
0.206891 0.218844 0.947984
0.226123 0.0795788 0.183004
0.17053 0.133937 0.619714
0.17282 0.170301 0.267308
0.185288 0.080324 0.277202
0.165406 0.159181 0.277233
0.143496 0.265981 0.481174
0.288511 0.349636 0.681798
0.139254 0.204968 0.717649
0.148149 0.264553 0.380523
0.2287 0.296325 0.949281
0.188653 0.238459 0.372338
0.233419 0.480912 0.907532
0.236616 0.140038 0.668597
0.271564 0.263723 0.821223
0.182947 0.0660475 0.260636
0.292755 0.283545 0.405944
0.297411 0.335596 0.605322
0.177469 0.373871 0.582037
0.214729 0.303852 0.815032
0.127325 0.229251 0.49511
0.271413 0.146026 0.754487
0.22719 0.12067 0.513744
0.235455 0.439854 0.370459
0.202599 0.0808453 0.909389
0.145329 0.357643 0.615434
0.184952 0.191294 0.244514
0.204844 0.380661 0.354315
0.182298 0.261075 0.255767
0.276629 0.405304 0.501321
0.201903 0.225507 0.202407
0.146653 0.33157 0.507023
0.268273 0.0917402 0.828515
0.160081 0.398347 0.506075
0.257338 0.359908 0.796798
0.289362 0.30803 0.68483
0.202112 0.273876 0.181253
0.244896 0.117922 0.928229
0.217862 0.248342 0.337783
0.266032 0.198408 0.761299
0.267172 0.179821 0.932308
0.150476 0.365365 0.470803
0.256324 0.142894 0.691459
0.212188 0.189371 0.0379871
0.225277 0.291498 0.879125
0.16369 0.12801 0.478368
0.163845 0.330337 0.830053
0.129404 0.296078 0.562766
0.103219 0.135234 0.564305
0.206474 0.356764 0.357343
0.239457 0.133351 0.615143
0.280654 0.402979 0.372493
0.286125 0.349544 0.358237
0.292132 0.278546 0.38174
0.202086 0.228761 0.732176
0.263998 0.235643 0.1039
0.266127 0.27387 0.255255
0.148013 0.338077 0.486418
0.203004 0.226023 0.29518
0.312957 0.189943 0.449259
0.174486 0.196146 0.768034
0.245574 0.18194 0.379484
0.204354 0.195617 0.200907
0.208341 0.340813 0.211516
0.211583 0.261828 0.0963233
0.232677 0.299523 0.82731
0.1715 0.394086 0.912283
0.210016 0.177353 0.0857313
0.142743 0.18152 0.762735
0.172819 0.135827 0.63483
0.227939 0.250328 0.936109
0.302986 0.165465 0.750683
0.216712 0.0629121 0.246683
0.168385 0.286212 0.247004
0.235504 0.279007 0.0856985
0.198043 0.174925 0.213643
0.191322 0.0463197 0.21901
0.264176 0.310833 0.251613
0.337649 0.161568 0.53814
0.126555 0.239105 0.508749
0.212973 0.471667 0.920758
0.180871 0.36289 0.808462
0.303729 0.276295 0.628642
0.26601 0.268717 0.368484
0.147689 0.194152 0.780716
0.185886 0.217003 0.178052
0.257625 0.135816 0.888332
0.235793 0.22086 0.192709
0.177998 0.133969 0.619985
0.123059 0.177308 0.451542
0.31547 0.226556 0.60794
0.228761 0.398308 0.773784
0.229263 0.0535841 0.178269
0.179302 0.354198 0.80353
0.255413 0.322952 0.83222
0.232361 0.422183 0.831307
0.220452 0.148282 0.224971
0.207157 0.169116 0.819966
0.19799 0.32007 0.844957
0.17528 0.357813 0.748908
0.260856 0.150217 0.772053
0.201451 0.276525 0.182543
0.248956 0.073718 0.811157
0.223328 0.0462338 0.130263
0.182616 0.209455 0.884363
0.1186 0.124879 0.485305
0.24447 0.101981 0.103036
0.257152 0.125164 0.877217
0.28095 0.312256 0.291592
0.259811 0.339085 0.359569
0.211965 0.0541573 0.0978824
0.235299 0.204688 0.288636
0.181326 0.269596 0.871913
0.209778 0.36825 0.705661
0.277421 0.364129 0.326119
0.244606 0.141197 0.67788
0.268022 0.147197 0.751151
0.18706 0.31388 0.872177
0.205577 0.13846 0.299631
0.268043 0.414096 0.789523
0.139566 0.236864 0.687645
0.220819 0.149027 0.961367
0.240702 0.21238 0.148259
0.30068 0.256133 0.669057
0.225285 0.136685 0.288639
0.202629 0.198801 0.952712
0.267092 0.206642 0.19406
0.236882 0.412862 0.91834
0.231617 0.367907 0.70413
0.237888 0.068391 0.137595
0.229345 0.130526 0.142513
0.267895 0.247287 0.251994
0.306936 0.165204 0.400022
0.165335 0.163361 0.40043
0.26252 0.402361 0.888722
0.171436 0.421066 0.451475
0.211183 0.357996 0.924323
0.25764 0.426804 0.497995
0.214724 0.333507 0.247873
0.324879 0.147434 0.632934
0.194609 0.0924343 0.920496
0.164134 0.3516 0.731122
0.265726 0.45078 0.890822
0.291136 0.310747 0.409379
0.252993 0.373115 0.175503
0.299934 0.225548 0.706117
0.141188 0.20816 0.424371
0.230607 0.419756 0.920569
0.160062 0.405374 0.345345
0.189603 0.0693576 0.855331
0.286475 0.337024 0.727347
0.179917 0.370688 0.827477
0.224312 0.186381 0.83382
0.245063 0.296193 0.207494
0.195033 0.449099 0.930057
0.274844 0.245997 0.0758446
0.180115 0.299325 0.957588
0.109615 0.168176 0.487065
0.202815 0.0298859 0.177597
0.209185 0.0834289 0.928981
0.208008 0.341297 0.209291
0.171392 0.134907 0.753494
0.218386 0.161152 0.16951
0.1519 0.515246 0.427996
0.231014 0.131026 0.471671
0.208632 0.330194 0.245848
0.128986 0.220654 0.479849
0.134142 0.301006 0.552159
0.263237 0.371639 0.852212
0.208575 0.295109 0.865593
0.252738 0.107361 0.917262
0.253667 0.217519 0.88115
0.193971 0.257723 0.921007
0.171459 0.446485 0.920042
0.234671 0.395739 0.772737
0.197737 0.238713 0.212013
0.278858 0.349957 0.72025
 0.145 0.274955 0.683163
0.118061 0.22616 0.52317
0.158098 0.171079 0.38342
0.239654 0.450896 0.461204
0.151423 0.347085 0.424529
0.29972 0.241721 0.463506
0.156996 0.105729 0.264848
0.21876 0.180828 0.379632
0.165092 0.249261 0.370975
0.278359 0.199256 0.377282
0.146571 0.534947 0.443724
0.300852 0.218447 0.707899
0.22406 0.295828 0.127967
0.231939 0.428886 0.786117
0.272254 0.335559 0.841854
0.271799 0.415751 0.485975
0.263995 0.416293 0.842782
0.242265 0.260785 0.91881
0.186893 0.23241 0.198409
0.123739 0.196017 0.630527
0.295038 0.254569 0.416563
0.271042 0.416728 0.387395
0.173391 0.390402 0.903525
0.17959 0.357101 0.30695
0.150612 0.349586 0.445744
0.0987682 0.124853 0.547133
0.14824 0.198345 0.779931
0.3113 0.251916 0.60714
0.171556 0.350256 0.302282
0.303675 0.265971 0.639919
0.205694 0.307676 0.174819
0.183825 0.0431425 0.197884
0.203128 0.206838 0.204525
0.246528 0.367437 0.598674
0.167657 0.167943 0.390325
0.177331 0.40539 0.784957
0.145422 0.230175 0.39197
0.147869 0.335554 0.486034
0.203988 0.267156 0.923788
0.256003 0.235223 0.818048
0.270024 0.129663 0.585711
0.215771 0.269805 0.934318
0.159699 0.335988 0.776043
0.208105 0.415448 0.38354
0.323056 0.124013 0.540625
0.177268 0.420255 0.509575
0.213413 0.297391 0.802108
0.182498 0.376939 0.812649
0.215508 0.412381 0.779462
0.210158 0.144295 0.702592
0.227874 0.253806 0.328629
0.232707 0.163338 0.400431
0.26117 0.131859 0.751747
0.144823 0.311611 0.519072
0.142992 0.287176 0.744147
0.162202 0.237779 0.826918
0.148872 0.322208 0.722622
0.13626 0.279477 0.624505
0.253296 0.300376 0.191673
0.143628 0.318026 0.68431
0.311675 0.224061 0.634305
0.206614 0.272413 0.157403
0.123797 0.169884 0.440728
0.173071 0.364211 0.288031
0.245841 0.33887 0.935151
0.267421 0.345291 0.834156
0.159328 0.356469 0.357393
0.327188 0.179478 0.58456
0.211032 0.36821 0.696469
0.177406 0.0456137 0.193352
0.143934 0.265961 0.474603
0.220138 0.376035 0.914095
0.300109 0.195149 0.411111
0.20512 0.250249 0.738526
0.302216 0.252875 0.66291
0.124544 0.244086 0.587382
0.168015 0.473947 0.911112
0.21246 0.118968 0.500118
0.298138 0.258049 0.682915
0.222612 0.478719 0.902495
0.19402 0.448655 0.464766
0.167841 0.270138 0.843217
0.176933 0.168821 0.257374
0.138832 0.265447 0.496441
0.243887 0.0916114 0.757644
0.165813 0.123543 0.536614
0.28483 0.360181 0.654866
0.26459 0.0805299 0.845638
0.274444 0.409591 0.430341
0.213477 0.409111 0.526551
0.171148 0.357142 0.858843
0.180008 0.161909 0.896584
0.179761 0.0350666 0.167942
0.263813 0.394815 0.807327
0.188839 0.141179 0.677642
0.189031 0.0933214 0.911958
0.304471 0.312925 0.561984
0.320744 0.14748 0.43533
0.194694 0.46135 0.444712
0.30366 0.134664 0.463597
0.168193 0.250502 0.225966
0.171287 0.245388 0.371464
0.182807 0.127634 0.569346
0.171804 0.0421892 0.173723
0.26393 0.424034 0.896644
0.204511 0.160379 0.0611582
0.193638 0.235353 0.742012
0.207739 0.158835 0.102434
0.235958 0.367608 0.601402
0.175251 0.43007 0.483723
0.137997 0.306263 0.608444
0.227096 0.329868 0.94026
0.151405 0.123816 0.538771
0.138301 0.260472 0.656173
0.294205 0.217051 0.750927
0.148793 0.140285 0.670435
0.165288 0.388914 0.314018
0.251147 0.131267 0.866616
0.267112 0.146618 0.909366
0.283545 0.339035 0.922216
0.252248 0.245575 0.156971
0.168714 0.47024 0.912476
0.145138 0.230268 0.398312
0.251908 0.423289 0.824305
0.13913 0.12398 0.540067
0.205657 0.0497901 0.840722
0.120533 0.176902 0.459679
0.175736 0.149751 0.899016
0.252744 0.0968803 0.0839177
0.210963 0.216283 0.173303
0.233777 0.134476 0.624128
0.11883 0.149833 0.646366
0.311005 0.122422 0.52789
0.206247 0.0683158 0.886581
0.132907 0.255997 0.627249
0.287405 0.301857 0.794309
0.242807 0.131102 0.471495
0.193618 0.135582 0.632903
0.146459 0.134021 0.620353
0.250535 0.296019 0.134564
0.23677 0.223757 0.732394
0.292553 0.325232 0.697407
0.165578 0.100399 0.24282
0.261779 0.349699 0.198418
0.22559 0.0554775 0.104925
0.203264 0.154102 0.064565
0.263869 0.423247 0.371661
0.125638 0.194327 0.643983
0.265854 0.398675 0.91375
0.226321 0.472142 0.898985
0.235191 0.221075 0.204074
0.19952 0.287279 0.185043
0.243614 0.43823 0.408972
0.272367 0.297344 0.269309
0.177387 0.24032 0.221366
0.284187 0.345507 0.315994
0.181911 0.287438 0.287728
0.302284 0.220062 0.697239
0.223856 0.324054 0.827414
0.142757 0.287093 0.657118
0.110385 0.147269 0.461066
0.195752 0.402561 0.351319
0.165389 0.154007 0.91887
0.186522 0.228935 0.21261
0.269919 0.367221 0.66473
0.141084 0.233905 0.700008
0.31766 0.17851 0.45223
0.076674 0.524407 0.449225
0.0661435 0.518601 0.438974
0.148198 0.302578 0.432677
0.161059 0.393695 0.359328
0.148406 0.524692 0.424699
0.206798 0.203577 0.376753
0.170809 0.0922328 0.799661
0.159903 0.351352 0.716021
0.268991 0.298809 0.938311
0.203935 0.139715 0.168411
0.28588 0.299138 0.936846
0.143332 0.248159 0.699658
0.26861 0.140408 0.671606
0.240243 0.160029 0.407721
0.2098 0.15392 0.167922
0.252945 0.151947 0.087599
0.277559 0.297157 0.958782
0.270447 0.102385 0.785522
0.213654 0.168781 0.968087
0.2777 0.308069 0.363495
0.244228 0.362778 0.20472
0.175629 0.418501 0.828372
0.273653 0.379695 0.344618
0.263273 0.222877 0.754303
0.210913 0.255308 0.118498
0.232772 0.174617 0.811067
0.202512 0.19963 0.845687
0.204504 0.145457 0.103085
0.208118 0.241319 0.173105
0.249844 0.136957 0.643984
0.188451 0.0900079 0.0755409
0.232415 0.214671 0.206476
0.16108 0.310118 0.27563
0.259787 0.353039 0.792947
0.274885 0.365741 0.670852
0.27268 0.262842 0.0809704
0.12524 0.548709 0.434613
0.301338 0.312877 0.551161
0.117542 0.526625 0.439411
0.156914 0.341996 0.359227
0.210447 0.241079 0.288379
0.173827 0.345538 0.81974
0.244783 0.397834 0.773572
0.194517 0.319298 0.362093
0.136678 0.307508 0.550804
0.170102 0.467452 0.926806
0.190259 0.142303 0.686632
0.117131 0.22235 0.522073
0.271725 0.381051 0.354249
0.129144 0.223513 0.482507
0.229604 0.0740558 0.165379
0.196747 0.368345 0.658087
0.330567 0.206294 0.535035
0.178167 0.33479 0.275602
0.225611 0.0782008 0.193622
0.208281 0.291868 0.872824
0.166374 0.30936 0.951906
0.171324 0.0842042 0.854047
0.127486 0.24687 0.602816
0.168063 0.293858 0.960195
0.292738 0.363269 0.537027
0.158678 0.428092 0.348926
0.201999 0.270321 0.271849
0.216812 0.25118 0.335549
0.350159 0.120775 0.503155
0.248766 0.440831 0.476531
0.215528 0.39893 0.542248
0.287669 0.333291 0.7245
0.262895 0.174303 0.0708193
0.239996 0.308532 0.363446
0.170879 0.296135 0.950188
0.283835 0.307428 0.900415
0.27862 0.392672 0.363629
0.112861 0.134257 0.622187
0.221248 0.102549 0.220846
0.324932 0.188747 0.588841
0.274865 0.406649 0.3738
0.287337 0.12681 0.562926
0.17188 0.184517 0.932786
0.229442 0.421999 0.832465
0.1775 0.124796 0.230633
0.226967 0.191664 0.165396
0.277272 0.146229 0.438119
0.126321 0.157367 0.685217
0.175677 0.0671979 0.143184
0.170732 0.430416 0.34907
0.126869 0.182227 0.663719
0.276071 0.134136 0.621478
0.146099 0.28403 0.452581
0.269104 0.400291 0.538707
0.286663 0.351016 0.361324
0.186015 0.399992 0.541396
0.15885 0.341123 0.752495
0.288568 0.379162 0.492855
0.295555 0.511034 0.44091
0.189245 0.213644 0.236473
0.215365 0.221348 0.293944
0.178781 0.436982 0.461105
0.191772 0.25322 0.370467
0.196195 0.0559528 0.83573
0.227984 0.370458 0.585965
0.24335 0.0577653 0.122185
0.1931 0.237325 0.229487
0.257718 0.135234 0.747447
0.169699 0.0760617 0.19403
0.233254 0.0862086 0.749117
0.166723 0.0982222 0.863923
0.319076 0.189542 0.624608
0.322877 0.193026 0.486905
0.207348 0.165402 0.0794723
0.213893 0.294943 0.12986
0.206806 0.22237 0.725559
0.208692 0.0876453 0.0620504
0.2222 0.367804 0.593656
0.170731 0.425389 0.794588
0.167033 0.238847 0.765833
0.203141 0.298042 0.847483
0.297729 0.259175 0.684283
0.184443 0.387196 0.344498
0.199464 0.244298 0.283892
0.291015 0.25011 0.735848
0.296047 0.266284 0.46171
0.141492 0.281136 0.655247
0.262432 0.248174 0.822202
0.191134 0.138635 0.30193
0.145762 0.190136 0.772806
0.222685 0.238007 0.945635
0.141818 0.305712 0.632658
0.346431 0.13783 0.508389
0.310197 0.268734 0.596222
0.171019 0.168824 0.388381
0.218279 0.342485 0.22668
0.195645 0.139588 0.664939
0.290237 0.308823 0.383195
0.182487 0.454705 0.889685
0.271398 0.41669 0.495112
0.252064 0.17997 0.778083
0.293655 0.467971 0.403353
0.106242 0.171178 0.501896
0.223613 0.181068 0.968451
0.258485 0.370078 0.17306
0.15201 0.316954 0.762027
0.193518 0.256757 0.750979
0.293524 0.360386 0.613202
0.288151 0.347681 0.393914
0.281668 0.394504 0.531644
0.203051 0.306283 0.284752
0.260158 0.140916 0.777125
0.172437 0.23711 0.882225
0.320056 0.25015 0.54312
0.209755 0.0956694 0.934563
0.170847 0.165442 0.268849
0.248093 0.147098 0.937624
0.31165 0.22787 0.630423
0.252518 0.264122 0.209946
0.194355 0.219069 0.937353
0.265446 0.408388 0.783614
0.301928 0.312172 0.601895
0.213154 0.20362 0.959561
0.304748 0.156225 0.749454
0.156083 0.378409 0.366545
0.203891 0.234642 0.191318
0.286051 0.372226 0.380656
0.282238 0.320853 0.856167
0.199088 0.220539 0.731291
0.230048 0.20405 0.230368
0.165961 0.465813 0.387482
0.169234 0.414721 0.390466
0.183581 0.0961942 0.175529
0.226428 0.461073 0.434435
0.180595 0.0816245 0.866632
0.127634 0.542392 0.434048
0.293204 0.207747 0.76704
0.245679 0.2139 0.133276
0.163371 0.198371 0.873614
0.213758 0.0713532 0.90914
0.152289 0.319548 0.367043
0.118112 0.20726 0.584421
0.245178 0.18383 0.379245
0.192978 0.43255 0.924709
0.206038 0.254142 0.739367
0.180624 0.438715 0.890442
0.275697 0.288776 0.257743
0.149051 0.506641 0.412718
0.187653 0.141915 0.218135
0.124748 0.232079 0.600672
0.176168 0.404271 0.3711
0.202757 0.372663 0.355329
0.164526 0.127263 0.566352
0.300428 0.2655 0.660713
0.112046 0.190517 0.563617
0.200301 0.0375825 0.195896
0.147189 0.184239 0.787546
0.191226 0.112058 0.17234
0.21543 0.14655 0.437456
0.222622 0.13012 0.0436553
0.197383 0.193744 0.21655
0.15188 0.344887 0.411452
0.155777 0.36989 0.361298
0.200027 0.137992 0.943897
0.140116 0.343602 0.579467
0.311433 0.123002 0.532528
0.198525 0.329055 0.228645
0.209076 0.19681 0.0658144
0.174759 0.428278 0.793008
0.184597 0.139433 0.66368
0.289907 0.372406 0.35333
0.264096 0.432166 0.425713
0.356488 0.495164 0.479418
0.387326 0.458041 0.508919
0.20138 0.428857 0.398464
0.106968 0.184213 0.514001
0.220423 0.409135 0.376515
0.25385 0.262295 0.369301
0.193832 0.421028 0.389751
0.235094 0.293537 0.817777
0.171067 0.0889898 0.208242
0.182971 0.208514 0.293536
0.156602 0.324596 0.787122
0.237077  0.221 0.263059
0.186001 0.125781 0.210512
0.30804 0.255942 0.623254
0.241418 0.367822 0.736127
0.100965 0.150202 0.496393
0.164296 0.404945 0.325374
0.308999 0.124127 0.541514
0.176403 0.203344 0.292703
0.168846 0.257662 0.796643
0.151386 0.301555 0.78914
0.201921 0.404419 0.371266
0.182623 0.079274 0.110507
0.164412 0.40566 0.435322
0.220431 0.313046 0.8758
0.255078 0.162008 0.0835252
0.296471 0.241648 0.431932
0.223463 0.479147 0.902723
0.251082 0.260554 0.209455
0.232102 0.156077 0.825884
0.295552 0.332444 0.654696
0.19221 0.261824 0.912767
0.178451 0.373508 0.841275
0.167126 0.250979 0.230613
0.296724 0.257297 0.464236
0.220817 0.153449 0.163908
0.27224 0.223346 0.226685
0.181678 0.0803606 0.806253
0.289512 0.369577 0.464857
0.207472 0.0913347 0.278924
0.192844 0.290923 0.843773
0.16718 0.235597 0.219391
0.264289 0.355724 0.832302
0.325192 0.125702 0.554133
0.252828 0.068116 0.832543
0.164985 0.371891 0.304276
0.145921 0.305861 0.92708
0.222521 0.262901 0.73661
0.306845 0.187079 0.424949
0.253415 0.228908 0.813715
0.248225 0.420785 0.920899
0.241928 0.208252 0.13797
0.151246 0.164648 0.397601
0.220007 0.161458 0.213801
0.189667 0.141268 0.871077
0.195764 0.178787 0.219094
0.261649 0.453367 0.931426
0.181183 0.412012 0.859393
0.179237 0.430694 0.400509
0.22957 0.242222 0.733981
0.282714 0.313993 0.810903
0.151842 0.209821 0.790746
0.134284 0.203808 0.688032
0.289642 0.376393 0.352421
0.109786 0.184912 0.555234
0.263226 0.423043 0.392077
0.141647 0.127017 0.564346
0.175502 0.0443154 0.186303
0.232088 0.418932 0.782102
0.252826 0.283656 0.82993
0.298687 0.178267 0.384091
0.372713 0.467548 0.501895
0.273484 0.456747 0.925869
0.14454 0.344812 0.610372
0.172317 0.230073 0.206571
0.271966 0.280232 0.278321
0.227428 0.298037 0.941758
0.198009 0.168885 0.388226
0.203765 0.461842 0.370119
0.124198 0.206644 0.48047
0.17437 0.37134 0.586037
0.213391 0.321997 0.361746
0.292871 0.3547 0.526301
0.155502 0.552109 0.441182
0.244863 0.417346 0.869742
0.266488 0.393987 0.831835
0.23494 0.208898 0.272683
0.218287 0.15312 0.196615
0.174244 0.396758 0.88486
0.334601 0.165466 0.553067
0.328734 0.12698 0.564352
0.169394 0.399314 0.313265
0.180043 0.0509175 0.212958
0.246446 0.367144 0.194452
0.226156 0.0598748 0.217035
0.0662602 0.510909 0.443128
0.296551 0.192359 0.762417
0.146391 0.335965 0.51891
0.211892 0.336151 0.23364
0.192425 0.418495 0.512406
0.207579 0.158752 0.834363
0.202505 0.399909 0.914159
0.209649 0.265116 0.331481
0.22471 0.416259 0.868624
0.238494 0.270337 0.368286
0.188034 0.218396 0.7397
0.143855 0.233735 0.431199
0.166358 0.410491 0.460606
0.235915 0.355189 0.215933
0.271283 0.367508 0.894487
0.217065 0.438084 0.880811
0.220772 0.36814 0.733156
0.257101 0.2305 0.373328
0.149395 0.376865 0.55369
0.0953746 0.119447 0.503753
0.217451 0.144446 0.703806
0.253431 0.128705 0.476771
0.227731 0.39563 0.356065
0.174214 0.426039 0.416512
0.32542 0.190795 0.493072
0.256313 0.422845 0.827098
0.241815 0.344168 0.35893
0.25498 0.346447 0.211578
0.258233 0.307408 0.900534
0.193515 0.108714 0.0808055
0.168267 0.287295 0.366155
0.215778 0.328136 0.267106
0.166374 0.305452 0.909244
0.147351 0.303356 0.452288
0.208769 0.245442 0.938533
0.228228 0.131456 0.599973
0.116217 0.222832 0.557096
0.13973 0.296979 0.948667
0.173247 0.201946 0.271819
0.199109 0.215148 0.298704
0.172901 0.368767 0.681311
0.213852 0.154562 0.419793
0.126277 0.185928 0.656346
0.147031 0.290426 0.44118
0.176218 0.408908 0.786181
0.184126 0.448425 0.463035
0.245168 0.378092 0.91292
0.184494 0.15045 0.883993
0.236101 0.182402 0.865022
0.241505 0.221577 0.353307
0.249942 0.153736 0.421588
0.157241 0.210789 0.823218
0.227791 0.421465 0.835832
0.286596 0.383553 0.504986
0.234814 0.283302 0.792533
0.217467 0.441161 0.412159
0.270883 0.124356 0.486347
0.14061 0.129131 0.581246
0.254889 0.287817 0.214505
0.245394 0.194005 0.120855
0.295511 0.278542 0.468214
0.284376 0.228101 0.800664
0.251752 0.328612 0.940963
0.225301 0.0665861 0.218962
0.290611 0.326708 0.422287
0.232338 0.298987 0.937575
0.199104 0.335449 0.937107
0.232035 0.193855 0.852752
0.20233 0.307354 0.164775
0.347314 0.133657 0.502393
0.166751 0.0509962 0.167498
0.256432 0.271232 0.1936
0.146577 0.358555 0.546472
0.298305 0.193606 0.399618
0.110769 0.148781 0.461452
0.229876 0.290074 0.873214
0.18191 0.1272 0.565879
0.248228 0.371518 0.916645
0.200215 0.368415 0.713039
0.268765 0.354079 0.8569
0.259598 0.236285 0.117947
0.178321 0.366015 0.728008
0.203975 0.40256 0.536941
0.149678 0.454766 0.380405
0.251573 0.088428 0.891142
0.189227 0.290673 0.837031
0.19584 0.277354 0.255791
0.146731 0.299683 0.460683
0.144347 0.222605 0.731534
0.242234 0.329531 0.257054
0.179882 0.251119 0.26049
0.183569 0.124279 0.486579
0.300366 0.501731 0.461648
0.236467 0.155383 0.125169
0.169667 0.111525 0.883642
0.146228 0.127487 0.568116
0.204221 0.140824 0.169554
0.226065 0.3127 0.165204
0.190544 0.369747 0.588067
0.216188 0.424358 0.817633
0.297022 0.442598 0.406199
0.269356 0.179701 0.202917
0.157001 0.489227 0.407409
0.296381 0.295407 0.513969
0.150264 0.368017 0.479141
0.156812 0.498506 0.394548
0.184793 0.306886 0.902918
0.188792 0.358162 0.35717
0.217174 0.100033 0.729422
0.150411 0.217888 0.773811
0.281662 0.122526 0.528668
0.24397 0.2123 0.938381
0.286913 0.382808 0.49708
0.189725 0.0909034 0.907534
0.179221 0.111634 0.213228
0.122887 0.119769 0.506372
0.131171 0.121973 0.524008
0.283825 0.178432 0.856717
0.186794 0.198398 0.790465
0.286398 0.382004 0.335267
0.283925 0.365804 0.349687
0.194058 0.067397 0.0890224
0.18907 0.36851 0.678424
0.340599 0.135236 0.481135
0.183786 0.364513 0.793193
0.134049 0.175425 0.412051
0.178293 0.244726 0.204949
0.205667 0.234505 0.184906
0.29137 0.352259 0.483851
0.247096 0.253094 0.321541
0.25807 0.385487 0.785207
0.237965 0.232249 0.241551
0.212005 0.184493 0.829921
0.103624 0.119262 0.4977
0.269736 0.130524 0.592594
0.314257 0.169375 0.429993
0.176528 0.343269 0.296936
0.290718 0.313127 0.402599
0.172417 0.351208 0.841024
0.232217 0.367663 0.600134
0.194325 0.313387 0.949613
0.234853 0.155281 0.855815
0.294759 0.129977 0.588257
0.288133 0.385788 0.345695
0.243755 0.266453 0.310382
0.103639 0.545464 0.429321
0.24902 0.194832 0.789562
0.165109 0.195788 0.886962
0.175481 0.188345 0.905584
0.294554 0.34202 0.548439
0.158104 0.392773 0.45586
0.274787 0.196207 0.894386
0.286968 0.359657 0.383389
0.289095 0.19156 0.809871
0.293344 0.342134 0.51768
0.260746 0.357389 0.924649
0.146846 0.142646 0.689306
0.317704 0.153936 0.424028
0.304805 0.242297 0.65793
0.263382 0.158449 0.742587
0.312475 0.167631 0.689077
0.294837 0.292123 0.473391
0.257041 0.426075 0.877348
0.290589 0.353957 0.466658
0.282581 0.321112 0.796848
0.11694 0.210968 0.573449
0.126019 0.529351 0.438749
0.185768 0.0965274 0.168456
0.250524 0.455719 0.890219
0.331791 0.196915 0.537313
0.212332 0.23422 0.725821
0.212277 0.417234 0.869686
0.228385 0.405629 0.531539
0.293083 0.369845 0.572757
0.253145 0.301309 0.154084
0.145033 0.258104 0.43958
0.221324 0.0846191 0.251084
0.37567 0.492258 0.482104
0.283643 0.473357 0.425001
0.240855 0.187564 0.951249
0.303402 0.520602 0.456656
0.340141 0.128652 0.557428
0.26724 0.253212 0.857894
0.24104 0.259371 0.274022
0.290177 0.491228 0.444025
0.174879 0.394681 0.360426
0.265289 0.346082 0.789204
0.282845 0.180941 0.860188
0.253846 0.252955 0.16226
0.224855 0.39678 0.35579
0.222616 0.102497 0.271285
0.179203 0.45079 0.887596
0.164427 0.353697 0.72394
0.169035 0.340486 0.843867
0.255834 0.212162 0.887156
0.210929 0.408051 0.356105
0.172226 0.237393 0.760864
0.202788 0.419588 0.782371
0.236068 0.392475 0.771413
0.295672 0.30819 0.945205
0.0663865 0.509988 0.446918
0.242816 0.214427 0.823467
0.151607 0.176356 0.822801
0.170875 0.0867218 0.205582
0.258132 0.390009 0.773304
0.278481 0.400843 0.440906
0.258801 0.417776 0.883123
0.246379 0.154558 0.102663
0.192975 0.143786 0.698492
0.197842 0.318676 0.362171
0.120883 0.128241 0.477892
0.234711 0.166941 0.0277049
0.164871 0.056595 0.182202
0.164002 0.150002 0.275017
0.209311 0.194581 0.0696313
0.26841 0.367162 0.627237
0.135301 0.149739 0.430484
0.277601 0.318073 0.282084
0.175876 0.25645 0.216167
0.30928 0.51125 0.465849
0.261661 0.360908 0.742395
0.135754 0.321979 0.57882
0.162386 0.547949 0.439821
0.124745 0.262031 0.57066
0.293068 0.291349 0.426835
0.191347 0.219819 0.292173
0.292424 0.367255 0.535555
0.215572 0.349009 0.199801
0.141871 0.216298 0.431145
0.249853 0.189082 0.108164
