0.200421 0.346891 0.323838
0.182897 0.040102 0.13026
0.240498 0.298077 0.763394
0.202845 0.244489 0.346264
0.190756 0.0762026 0.826218
0.294438 0.409819 0.663984
0.0629448 0.19896 0.529988
0.203275 0.229857 0.334796
0.237898 0.150114 0.267995
0.0463061 0.230561 0.519495
0.0473468 0.34238 0.600997
0.127871 0.12671 0.408379
0.121789 0.328399 0.127572
0.0659198 0.407244 0.608263
0.240561 0.387321 0.729738
0.025565 0.331159 0.665315
0.20411 0.0801827 0.0702903
0.113383 0.390418 0.25861
0.0656107 0.33611 0.532842
0.277914 0.156868 0.620298
0.206507 0.279651 0.15264
0.157245 0.186468 0.435996
0.288022 0.450894 0.773069
0.140098 0.117826 0.616491
0.194866 0.214285 0.812215
0.160782 0.269847 0.186477
0.238957 0.168611 0.157841
0.209632 0.261229 0.851465
0.151731 0.320692 0.403914
0.126934 0.201979 0.162563
0.17468 0.220696 0.843169
0.285027 0.427581 0.666777
0.30803 0.243541 0.66687
0.179568 0.381807 0.436757
0.28565 0.368259 0.701175
0.156195 0.0922494 0.10128
0.212703 0.289298 0.262999
0.250388 0.159552 0.837424
0.199228 0.0255934 0.854658
0.17733 0.467199 0.778421
0.216378 0.17326 0.237523
0.23775 0.140674 0.519171
0.301862 0.272106 0.685172
0.0874614 0.505906 0.720844
0.271316 0.367844 0.238962
0.284202 0.512004 0.691814
0.199237 0.411461 0.742685
0.0953315 0.298369 0.478035
0.213963 0.258799 0.115085
0.0279047 0.352871 0.71682
0.21667 0.0839881 0.108489
0.161538 0.346534 0.32553
0.183589 0.0933845 0.61535
0.0885753 0.239965 0.115101
0.16672 0.133213 0.780073
0.143302 0.370971 0.421403
0.156323 0.354444 0.288017
0.151573 0.151229 0.369354
0.125397 0.215883 0.260363
0.203111 0.0975787 0.958976
0.0404661 0.36203 0.745527
0.315557 0.352279 0.620153
0.205797 0.220122 0.813199
0.178532 0.114033 0.0963678
0.21018 0.145079 0.044362
0.0750451 0.34597 0.600823
0.239608 0.272081 0.633098
0.296514 0.338069 0.576948
0.125918 0.144811 0.410359
0.33956 0.291099 0.482634
0.213089 0.0763223 0.770859
0.203908 0.0455143 0.118569
0.214074 0.182393 0.950145
0.180208 0.206016 0.957083
0.20864 0.144027 0.845252
0.257058 0.305232 0.245877
0.287313 0.266529 0.625873
0.26592 0.293172 0.513715
0.205902 0.17923 0.369354
0.167865 0.306669 0.784575
0.289841 0.370138 0.636321
0.15443 0.0631596 0.150913
0.0480589 0.293954 0.631419
0.158293 0.277465 0.164243
0.225994 0.168556 0.161949
0.164259 0.130598 0.425168
0.1747 0.206087 0.807147
0.210119 0.315447 0.138144
0.0304964 0.27667 0.487388
0.138657 0.269446 0.921245
0.271924 0.417596 0.52286
0.212763 0.151905 0.245109
0.0919545 0.274724 0.511452
0.21812 0.494594 0.810371
0.150023 0.16106 0.401075
0.0416205 0.369726 0.596316
0.194205 0.113448 0.639818
0.247185 0.271587 0.812897
0.218811 0.187907 0.946267
0.198779 0.0384414 0.899737
0.181551 0.0726225 0.0703835
0.138657 0.251256 0.955086
0.146619 0.282157 0.900496
0.195965 0.131389 0.799077
0.153507 0.390357 0.901561
0.156257 0.149331 0.369354
0.205917 0.119522 0.588907
0.138657 0.259178 0.948979
0.213067 0.142099 0.876329
0.234867 0.177003 0.140117
0.0838127 0.326541 0.550508
0.134393 0.150688 0.219147
0.165516 0.22094 0.423217
0.319054 0.264891 0.569416
0.273682 0.304029 0.664199
0.173713 0.138815 0.815422
0.176636 0.0817632 0.883958
0.116281 0.192285 0.453712
0.199237 0.115842 0.644219
0.239855 0.318846 0.438711
0.326491 0.32186 0.611283
0.173699 0.219515 0.10333
0.17991 0.294353 0.87698
0.175599 0.467199 0.773712
0.133399 0.172404 0.333563
0.2077 0.292145 0.247898
0.177599 0.046703 0.915967
0.210007 0.467199 0.774702
0.276364 0.28017 0.643625
0.273517 0.220507 0.646936
0.257414 0.440796 0.827511
0.0991136 0.183509 0.233049
0.159727 0.0458481 0.816637
0.305829 0.419807 0.790472
0.0762344 0.288573 0.612609
0.140346 0.27921 0.930696
0.274482 0.303102 0.526063
0.240626 0.33548 0.104522
0.227959 0.454479 0.215229
0.243809 0.460133 0.826311
0.121746 0.154738 0.418334
0.143465 0.185397 0.404489
0.325314 0.344539 0.686412
0.125832 0.170319 0.853821
0.205867 0.354799 0.286334
0.137228 0.232118 0.466312
0.20139 0.117001 0.378813
0.276505 0.341789 0.156803
0.210085 0.427581 0.706027
0.203652 0.369748 0.78722
0.278687 0.273626 0.510542
0.324162 0.391154 0.748758
0.128074 0.237633 0.799004
0.076398 0.253996 0.673691
0.165871 0.112416 0.961898
0.32437 0.225763 0.515383
0.0588222 0.251152 0.661853
0.235741 0.298929 0.799944
0.167267 0.411462 0.736188
0.0848815 0.386648 0.640804
0.161105 0.143396 0.0846204
0.19811 0.0497552 0.211206
0.115866 0.293991 0.0799337
0.133973 0.267458 0.815154
0.222302 0.271309 0.796048
0.290534 0.384127 0.695707
0.156809 0.375731 0.701936
0.31326 0.204939 0.623806
0.179108 0.22485 0.0490904
0.306483 0.193714 0.551595
0.142256 0.236465 0.809833
0.213959 0.267847 0.164208
0.167347 0.281609 0.132387
0.0866584 0.24967 0.119231
0.234207 0.289569 0.820358
0.210275 0.265378 0.851803
0.132914 0.395939 0.886176
0.234569 0.373149 0.428011
0.209166 0.235919 0.246788
0.21457 0.0752258 0.923033
0.202577 0.105734 0.118973
0.128801 0.293111 0.479354
0.212197 0.251482 0.0805039
0.309421 0.355392 0.633114
0.102216 0.323148 0.174691
0.114186 0.22953 0.0795356
0.168234 0.166616 0.369456
0.177899 0.198021 0.792962
0.211474 0.135925 0.844178
0.115729 0.29621 0.784204
0.326514 0.32344 0.621338
0.0584979 0.379655 0.642178
0.163989 0.210665 0.0472854
0.196526 0.371092 0.892444
0.135292 0.348195 0.0813336
0.237689 0.274922 0.806841
0.152388 0.409871 0.700757
0.212375 0.0532013 0.13513
0.204491 0.139399 0.63763
0.186575 0.0852167 0.808335
0.255138 0.414216 0.160966
0.183461 0.25269 0.662688
0.30596 0.227865 0.460983
0.171329 0.31666 0.781645
0.203679 0.265923 0.845883
0.223705 0.172537 0.414219
0.234883 0.427581 0.686617
0.23016 0.404913 0.0778179
0.190381 0.254564 0.674062
0.218611 0.229072 0.231548
0.251184 0.136869 0.36726
0.252231 0.504173 0.763235
0.205606 0.12296 0.269663
0.198388 0.535271 0.745018
0.115774 0.370983 0.876346
0.163975 0.073077 0.0761326
0.117071 0.131163 0.390566
0.188992 0.286889 0.27442
0.246387 0.361537 0.0769872
0.0469644 0.307106 0.609833
0.0759841 0.381988 0.608684
0.17673 0.473317 0.241091
0.216669 0.153652 0.764648
0.161211 0.15092 0.760725
0.239013 0.427581 0.609596
0.14844 0.225468 0.192481
0.287428 0.422582 0.55665
0.101334 0.173352 0.525861
0.196247 0.165172 0.162632
0.277254 0.455146 0.80481
0.187501 0.0402394 0.185277
0.167967 0.187105 0.274034
0.326135 0.336204 0.72754
0.229359 0.144141 0.180963
0.173299 0.116014 0.564054
0.152844 0.302446 0.201834
0.108804 0.424664 0.553213
0.17001 0.458886 0.855048
0.137598 0.256571 0.058858
0.0519691 0.372136 0.659907
0.222841 0.208393 0.354188
0.145157 0.192319 0.23981
0.252706 0.302147 0.788436
0.213409 0.254802 0.846057
0.164289 0.427581 0.739547
0.253655 0.154381 0.427221
0.182159 0.349087 0.313421
0.174799 0.188279 0.78505
0.242469 0.266053 0.50357
0.1563 0.322321 0.698482
0.230356 0.139195 0.308007
0.171817 0.200129 0.962286
0.148308 0.212505 0.218755
0.119644 0.332464 0.470703
0.171337 0.519783 0.779471
0.169724 0.224787 0.106037
0.0372113 0.257925 0.677136
0.0884286 0.316843 0.541672
0.170636 0.0328874 0.891094
0.163505 0.121434 0.527271
0.213049 0.237991 0.216089
0.138657 0.25448 0.863764
0.332874 0.370983 0.607601
0.0834752 0.487925 0.72854
0.150023 0.254333 0.38495
0.212184 0.0650607 0.878065
0.0854541 0.398898 0.699278
0.330438 0.370983 0.622063
0.19524 0.0291176 0.866012
0.202845 0.223468 0.377648
0.143439 0.213728 0.650465
0.159847 0.0520574 0.15019
0.136899 0.292719 0.774207
0.158563 0.408113 0.771818
0.213156 0.227983 0.816041
0.130327 0.131528 0.370861
0.231012 0.189308 0.635247
0.161913 0.362836 0.78357
0.138283 0.177288 0.317515
0.265059 0.310955 0.512332
0.174298 0.307452 0.854184
0.202552 0.256363 0.961435
0.103431 0.225883 0.467932
0.232153 0.117402 0.615856
0.0279746 0.354089 0.597367
0.219466 0.109185 0.563957
0.127007 0.273412 0.774314
0.194621 0.166525 0.139394
0.104843 0.370287 0.716593
0.3034 0.466322 0.745795
0.163931 0.204729 0.913582
0.135258 0.289518 0.772513
0.0883808 0.309877 0.648109
0.218182 0.4918 0.821745
0.107796 0.36307 0.676728
0.167111 0.0586779 0.932373
0.12722 0.497424 0.781263
0.182046 0.456405 0.257262
0.213269 0.255376 0.302414
0.202845 0.260902 0.318916
0.170019 0.14823 0.384652
0.162105 0.0642972 0.884636
0.123714 0.266053 0.518816
0.16879 0.156996 0.858705
0.201933 0.117295 0.323674
0.163298 0.198566 0.919276
0.224827 0.172843 0.416051
0.325779 0.370983 0.716429
0.328774 0.370982 0.679109
0.175336 0.240581 0.154129
0.21667 0.0859638 0.10684
0.279495 0.272106 0.675176
0.16091 0.203356 0.947273
0.0871112 0.191963 0.524767
0.162025 0.508565  0.803
0.121595 0.326713 0.503923
0.230425 0.189534 0.831949
0.138593 0.240454 0.795455
0.159765 0.105447 0.553321
0.162287 0.199568 0.128128
0.226426 0.466069 0.836556
0.126791 0.127573 0.458757
0.219941 0.443487 0.860528
0.241411 0.35965 0.442435
0.207436 0.224453 0.193089
0.12114 0.275568 0.134324
0.15436 0.134608 0.0547963
0.229359 0.186881 0.141786
0.175626 0.114844 0.467744
0.209816 0.167933 0.245648
0.227522 0.17099 0.163121
0.14727 0.240631 0.155577
0.206285 0.140969 0.369354
0.230041 0.446001 0.170134
0.198619 0.422249 0.0641636
0.238615 0.409717 0.0987272
0.228739 0.298251 0.775181
0.109837 0.466526 0.811909
0.144115 0.358339 0.269546
0.254622 0.304891 0.798257
0.286845 0.394344 0.836251
0.139579 0.178275 0.142245
0.202179 0.14262 0.970697
0.233315 0.118165 0.308513
0.215407 0.201113 0.950755
0.195025 0.266053 0.529969
0.32438 0.226231 0.605019
0.0838701 0.488566 0.745613
0.175943 0.207544 0.273846
0.213067 0.152985 0.877988
0.0331495 0.386512 0.732135
0.178039 0.154425 0.85669
0.182215 0.427559 0.59209
0.0250651 0.324703 0.57338
0.0963021 0.225058 0.116449
0.0810259 0.363573 0.558592
0.189446 0.216727 0.103227
0.235487 0.16788 0.154494
0.134925 0.204314 0.166917
0.153229 0.109313 0.661179
0.230532 0.147315 0.319583
0.252494 0.24464 0.796037
0.154198 0.262186 0.422257
0.222841 0.245313 0.335113
0.224406 0.301052 0.882564
0.146619 0.268498 0.895593
0.224859 0.231645 0.811489
0.125484 0.12862 0.500046
0.14064 0.27723 0.0981008
0.324212 0.289915 0.521674
0.105839 0.14581 0.513551
0.222006 0.274811 0.331703
0.205602 0.394347 0.904584
0.143126 0.290172 0.656642
0.0752497 0.318582 0.603756
0.160835 0.122931 0.548715
0.243384 0.331604 0.447158
0.150023 0.191375 0.384027
0.208852 0.210139 0.102641
0.119884 0.270368 0.79169
0.175498 0.126667 0.0414988
0.279435 0.36401 0.68316
0.277962 0.266053 0.56206
0.232903 0.261804 0.814888
0.202697 0.277975 0.316699
0.124285 0.129556 0.479653
0.260631 0.318436 0.164987
0.144143 0.191207 0.375778
0.214551 0.145811 0.34147
0.164035 0.305823 0.165695
0.0870257 0.437467 0.744871
0.118111 0.298388 0.78728
0.116604 0.224043 0.809578
0.173483 0.111531 0.738541
0.129256 0.437494 0.77078
0.174379 0.0381848 0.170224
0.308441 0.414961 0.617859
0.213707 0.23569 0.0807903
0.266138 0.394028 0.846064
0.261892 0.140981 0.607098
0.154372 0.260944 0.167583
0.218643 0.463136 0.233718
0.0713988 0.404659 0.587606
0.103851 0.184319 0.46619
0.237793 0.435623 0.243455
0.328528 0.235311 0.49757
0.271328 0.173327 0.631261
0.164551 0.467199 0.769398
0.266169 0.144987 0.47775
0.338401 0.385854 0.648946
0.199077 0.178274 0.369483
0.187342 0.148783 0.22374
0.181271 0.16197 0.927062
0.206727 0.158712 0.14701
0.186697 0.53961 0.732069
0.222841 0.281959 0.260269
0.292603 0.434249 0.778784
0.230723 0.206475 0.641196
0.156073 0.300771 0.400118
0.209357 0.153417 0.846298
0.213744 0.131308 0.747956
0.156194 0.156803 0.768726
0.165586 0.427539 0.589897
0.110802 0.411305 0.687252
0.162607 0.294827 0.235266
0.174483 0.442253 0.0887505
0.311847 0.398715 0.608213
0.0562143 0.335409 0.581344
0.0400236 0.370984 0.658526
0.1245 0.280368 0.779606
0.123577 0.187583 0.292075
0.073411 0.315561 0.55268
0.191102 0.266053 0.615691
0.172548 0.295263 0.663268
0.230706 0.127694 0.156715
0.210859 0.19541 0.0782571
0.0809646 0.36049 0.631452
0.214659 0.171161 0.813393
0.168157 0.384044 0.732759
0.259159 0.138546 0.451841
0.193849 0.488938 0.204152
0.179922 0.163583 0.282693
0.259211 0.138595 0.440543
0.180627 0.0792338 0.251252
0.257785 0.355264 0.680532
0.257489 0.362444 0.680825
0.220352 0.306166 0.862249
0.16139 0.162403 0.172662
0.181594 0.258382 0.0774497
0.136494 0.143781 0.63643
0.158355 0.186639 0.244028
0.234891 0.529792 0.745954
0.126888 0.177598 0.632637
0.133145 0.157041 0.265989
0.160827 0.108069 0.104806
0.164441 0.282004 0.909586
0.141833 0.237927 0.851081
0.111703 0.391035 0.123923
0.258137 0.47575 0.793502
0.29464 0.386819 0.621865
0.164587 0.180925 0.786461
0.204958 0.299345 0.215535
0.0889843 0.270487 0.0903335
0.315351 0.253731 0.60641
0.234021 0.222073 0.807164
0.157635 0.188777 0.771691
0.332518 0.370982 0.711404
0.30791 0.409182 0.614408
0.186343 0.109793 0.418625
0.178643 0.126217 0.822393
0.152157 0.264891 0.435515
0.210324 0.28054 0.912343
0.317144 0.258662 0.531361
0.317345 0.362464 0.567174
0.180074 0.171953 0.0330636
0.277392 0.486228 0.768468
0.0897901 0.326697 0.539238
0.0755657 0.392149 0.60325
0.230915 0.459425 0.838666
0.222841 0.293298 0.227818
0.18508 0.253437 0.952661
0.171134 0.326569 0.483811
0.115178 0.414784 0.509627
0.197298 0.0503281 0.783468
0.244035 0.258375 0.479312
0.270338 0.262045 0.678943
0.197348 0.0283931 0.857214
0.253423 0.382657 0.471188
0.295917 0.370982 0.812624
0.206332 0.427581 0.674218
0.259458 0.160343 0.620007
0.281407 0.511357 0.71555
0.216982 0.0750177 0.908511
0.235084 0.309202 0.175729
0.267282 0.168404 0.496425
0.143962 0.20474 0.196502
0.122081 0.311564 0.792411
0.0469911 0.229174 0.553878
0.346424 0.344305 0.580462
0.212716 0.239019 0.212824
0.304868 0.41397 0.65855
0.32543 0.300338 0.645735
0.228731 0.261029 0.67828
0.101044 0.266797 0.145846
0.225573 0.242601 0.6572
0.20577 0.308863 0.15686
0.198173 0.198702 0.227273
0.141126 0.11712 0.619899
0.158205 0.110612 0.866697
0.204675 0.100779 0.491078
0.176402 0.427581 0.682765
0.106455 0.447374 0.809783
0.16689 0.35276 0.296002
0.168341 0.266053 0.486995
0.249543 0.323971 0.481499
0.212234 0.104975 0.417868
0.229336 0.311432 0.37988
0.146871 0.417358 0.518303
0.175115 0.467199 0.778513
0.214343 0.0868462 0.787145
0.175288 0.165832 0.0898866
0.185709 0.236993 0.654416
0.174372 0.403741 0.705555
0.242242 0.124614 0.387491
0.131084 0.411461 0.707743
0.235481 0.518019 0.757958
0.213159 0.106199 0.260645
0.118486 0.427581 0.718283
0.209076 0.375672 0.912974
0.170465 0.066459 0.938196
0.265954 0.226066 0.463724
0.324503 0.226325 0.554044
0.217376 0.0747596 0.0893923
0.193225 0.0962177 0.688893
0.116694 0.241816 0.802434
0.158205 0.17139 0.891328
0.243545 0.411462 0.703247
0.233692 0.279116 0.463308
0.161578 0.106223 0.927303
0.118186 0.134605 0.563732
0.0501096 0.360105 0.666535
0.275491 0.237781 0.475249
0.21667 0.070034 0.1581
0.157482 0.232607 0.88311
0.107323 0.417449 0.721483
0.235845 0.119938 0.609755
0.243792 0.145559 0.495519
0.22605 0.411461 0.709692
0.0979379 0.381918 0.662438
0.205161 0.0920974 0.749246
0.200916 0.387821 0.787425
0.32409 0.22518 0.525564
0.201278 0.168463 0.278194
0.162957 0.210252 0.227869
0.222841 0.151661 0.401646
0.347684 0.316769 0.558184
0.109652 0.462171 0.80102
0.158855 0.395008 0.0488071
0.0995683 0.451141 0.796663
0.157261 0.184919 0.769585
0.347599 0.329454 0.546211
0.21195 0.401157 0.782571
0.0624806 0.199825 0.588039
0.192528 0.0846678 0.957303
0.116695 0.252122 0.672468
0.27687 0.155784 0.634578
0.287027 0.167232 0.592953
0.205522 0.217812 0.345898
0.170025 0.148641 0.280315
0.160877 0.371044 0.903506
0.0918913 0.381682 0.653636
0.138657 0.256966 0.867508
0.226548 0.130167 0.211958
0.188647 0.223207 0.838828
0.248783 0.326508 0.273177
0.16139 0.164842 0.13504
0.252284 0.274724 0.781538
0.213935 0.134001 0.877994
0.292447 0.336642 0.501021
0.195975 0.217005 0.213534
0.213557 0.149198 0.369456
0.158949 0.155199 0.755133
0.257488 0.281049 0.788146
0.0869669 0.270773 0.490202
0.233055 0.117986 0.303331
0.0985477 0.385393 0.7122
0.161315 0.195016 0.859371
0.135381 0.319327 0.331854
0.14995 0.462291 0.201605
0.199412 0.266066 0.0956063
0.159063 0.191441 0.0857212
0.154653 0.315577 0.137348
0.221348 0.248575 0.444441
0.18767 0.209708 0.89219
0.162878 0.179672 0.27089
0.0905716 0.283298 0.484943
0.108765 0.357322 0.496743
0.240055 0.357896 0.439188
0.313802 0.362157 0.643739
0.0485069 0.350763 0.7209
0.198837 0.411341 0.700661
0.148587 0.266053 0.558371
0.142332 0.155789 0.135669
0.141063 0.136087 0.500013
0.118433 0.2458 0.797295
0.116632 0.143433 0.467378
0.183907 0.164501 0.0324116
0.221763 0.200273 0.445067
0.18861 0.193766 0.112844
0.2945 0.395904 0.798298
0.256814 0.520027 0.725083
0.199554 0.236676 0.257029
0.0667647 0.411284 0.60438
0.201637 0.239773 0.664542
0.309666 0.236582 0.589442
0.159798 0.14283 0.122494
0.203975 0.266053 0.54599
0.063377 0.198272 0.621007
0.256582 0.312788 0.176305
0.188884 0.480201 0.234225
0.182194 0.0593087 0.77158
0.214639 0.037333 0.876981
0.110451 0.411412 0.689642
0.246983 0.481831 0.799982
0.125864 0.148695 0.331906
0.128347 0.411461 0.699678
0.198551 0.293366 0.3908
0.159198 0.0612676 0.195452
0.240448 0.411132 0.497319
0.187223 0.0923813 0.353654
0.224057 0.308651 0.797308
0.28388 0.439435 0.74423
0.16139 0.163381 0.841341
0.226258 0.325416 0.120721
0.293236 0.175123 0.628182
0.212764 0.310008 0.817876
0.125569 0.160682 0.31399
0.148731 0.34152 0.0823407
0.0623735 0.238601 0.494357
0.219055 0.261945 0.39272
0.215188 0.0578783 0.854778
0.240009 0.270344 0.630838
0.164575 0.191509 0.1307
0.199067 0.209809 0.272608
0.213716 0.0719749 0.165912
0.250872 0.152553 0.841041
0.183884 0.106186 0.265762
0.192755 0.101761 0.143143
0.130119 0.332522 0.304827
0.23972 0.153364 0.262226
0.236789 0.336975 0.33967
0.154561 0.0731881 0.791005
0.0460962 0.370983 0.674691
0.166267 0.405258 0.0508644
0.0981519 0.228766 0.249007
0.156841 0.107094 0.630269
0.211254 0.301075 0.843133
0.297516 0.506828 0.687467
0.278685 0.394149 0.847463
0.120492 0.269025 0.158999
0.289576 0.266053 0.604269
0.153897 0.127212 0.44404
0.141543 0.221906 0.459672
0.0982401 0.512438 0.710836
0.196121 0.0964979 0.341866
0.18324 0.37677 0.751593
0.176077 0.116592 0.903223
0.0765092 0.388283 0.613904
0.210489 0.219912 0.873075
0.173504 0.542363 0.721356
0.0624008 0.199942 0.55898
0.142332 0.17685 0.210353
0.259607 0.371604 0.09495
0.178219 0.128359 0.89239
0.234779 0.147873 0.432301
0.0988512 0.422929 0.713257
0.132489 0.432158 0.154755
0.175744 0.518432 0.784119
0.202845 0.185211 0.385502
0.197361 0.109674 0.0479229
0.174713 0.262753 0.230896
0.157325 0.161729 0.249978
0.196975 0.118803 0.900027
0.107275 0.281016 0.110597
0.0790161 0.339746 0.564832
0.229359 0.164498 0.146035
0.0465131 0.370983 0.743689
0.170355 0.0750971 0.884433
0.18859 0.266053 0.615987
0.309047 0.399264 0.65995
0.226539 0.381641 0.698664
0.295908 0.494909 0.72082
0.217751 0.235346 0.0755924
0.24604 0.491258 0.802222
0.0911369 0.509791 0.702241
0.134676 0.149759 0.86814
0.133861 0.304855 0.319931
0.205318 0.255978 0.949727
0.16139 0.170708 0.858341
0.138166 0.516373 0.762123
0.23704 0.345428 0.328349
0.177033 0.219001 0.653177
0.285725 0.204153 0.646371
0.18021 0.235405 0.933722
0.218183 0.283698 0.906397
0.172488 0.427581 0.614213
0.259123 0.172366 0.631485
0.208405 0.314145 0.144277
0.200162 0.411462 0.70648
0.225046 0.184533 0.375046
0.180551 0.112492 0.368479
0.159469 0.207787 0.9403
0.229359 0.165138 0.183876
0.0374027 0.253886 0.664825
0.127916 0.367422 0.706502
0.162487 0.0734084 0.768016
0.168804 0.118401 0.322453
0.286227 0.166262 0.444634
0.320921 0.386217 0.718398
0.25709 0.400356 0.252851
0.149019 0.354995 0.285404
0.177431 0.0963101 0.560777
0.212801 0.117282 0.0738725
0.161463 0.303267 0.195512
0.141041 0.275118 0.330246
0.032691 0.267737 0.590385
0.156194 0.10073 0.225483
0.177145 0.114149 0.575112
0.299044 0.407936 0.646789
0.133145 0.16146 0.144644
0.15846 0.171663 0.833697
0.343806 0.283256 0.492098
0.215078 0.0481182 0.170876
0.20537 0.308201 0.172271
0.102248 0.16934 0.454577
0.286047 0.232111 0.66035
0.109203 0.164684 0.607882
0.335197 0.253146 0.648761
0.256161 0.427581 0.682461
0.285777 0.410965 0.677497
0.219924 0.262025 0.414292
0.21999 0.463878 0.174314
0.113573 0.509895 0.757215
0.347153 0.332628 0.70307
0.142332 0.167493 0.206085
0.156307 0.27717 0.934368
0.159363 0.0793511 0.228619
0.211986 0.25293 0.819779
0.182827 0.427581 0.603935
0.10972 0.373074 0.105665
0.14003 0.145811 0.253939
0.170547 0.0995705 0.488641
0.194175 0.174836 0.16793
0.0799309 0.280671 0.62777
0.141194 0.317492 0.782099
0.105976 0.443269 0.828708
0.160947 0.335013 0.380168
0.239797 0.476654 0.82415
0.162894 0.15606 0.969334
0.105418 0.472609 0.799099
0.296103 0.346382 0.574086
0.211787 0.0720147 0.866411
0.133145 0.1614 0.192863
0.322297 0.363741 0.654953
0.171359 0.265984 0.865953
0.154831 0.465558 0.170761
0.229914 0.115854 0.531438
0.187445 0.39782 0.465414
0.195537 0.207894 0.0941933
0.177344 0.0945649 0.154352
0.211133 0.287461 0.219057
0.236711 0.272106 0.675756
0.183705 0.185202 0.915232
0.347214 0.30798 0.587821
0.11552 0.411461 0.69714
0.240045 0.22238 0.799006
0.274966 0.411153 0.6846
0.0784816 0.345697 0.507833
0.333401 0.370983 0.636814
0.117526 0.135159 0.489672
0.142587 0.285103 0.368403
0.156247 0.102707 0.0850852
0.213423 0.105616 0.313793
0.0783002 0.266053 0.593301
0.0997754 0.484518 0.761229
0.166675 0.0583406 0.925682
0.049886 0.283069 0.495805
0.0903937 0.320113 0.651312
0.252765 0.13299 0.497462
0.27327 0.152048 0.522205
0.0649114 0.195813 0.511868
0.15307 0.440547 0.870481
0.203239 0.185045 0.092867
0.179536 0.199218 0.864587
0.213384 0.0648765 0.150647
0.169988 0.0998449 0.602136
0.0431423 0.338123 0.728853
0.194192 0.0868271 0.0618994
0.22478 0.345735 0.765633
0.202778 0.117742 0.527176
0.213143 0.176223 0.0619763
0.217839 0.384103 0.86401
0.218022 0.255015 0.852472
0.172872 0.0691955 0.240048
0.218227 0.170198 0.0597695
0.127236 0.140501 0.386276
0.16614 0.283795 0.289096
0.191006 0.158185 0.779371
0.171369 0.0642798 0.227896
0.170019 0.266033 0.34543
0.186977 0.21541 0.266967
0.218668 0.192933 0.362565
0.236941 0.157733 0.630032
0.0463073 0.394481 0.769437
0.156648 0.0815059 0.159338
0.170075 0.108097 0.268509
0.34757 0.314623 0.64734
0.172554 0.0937275 0.746272
0.138657 0.255382 0.900903
0.346777 0.302963 0.631944
0.302192 0.238843 0.664034
0.207697 0.0338896 0.866799
0.0977952 0.214166 0.644063
0.128779 0.167737 0.63078
0.260297 0.305058 0.676016
0.139759 0.125257 0.365867
0.172113 0.427581 0.611752
0.1711 0.21898 0.193969
0.245553 0.366893 0.702884
0.183213 0.402387 0.0393254
0.115177 0.313394 0.680621
0.172312 0.31224 0.775289
0.190749 0.176332 0.846476
0.24401 0.372257 0.689998
0.170019 0.247559 0.388736
0.209762 0.121646 0.536267
0.226452 0.266053 0.501849
0.217953 0.0792123 0.93455
0.0661888 0.421355 0.649226
0.14588 0.266053 0.588559
0.209882 0.13708 0.822416
0.154013 0.0461372 0.843681
0.137402 0.437493 0.768653
0.194926 0.0959788 0.461062
0.185367 0.283649 0.15459
0.144394 0.429093 0.873918
0.17879 0.147049 0.971871
0.178246 0.123419 0.647489
0.212139 0.270502 0.26834
0.148758 0.269444 0.404491
0.0927809 0.237213 0.0971727
0.121371 0.270924 0.815625
0.292907 0.392997 0.628152
0.155357 0.231703 0.892159
0.17228 0.0986886 0.494917
0.175147 0.224816 0.648892
0.211055 0.178056 0.248625
0.285529 0.420047 0.821971
0.0450946 0.370984 0.622135
0.143455 0.194702 0.456732
0.0802742 0.183255 0.480373
0.159326 0.0468307 0.882799
0.232341 0.514135 0.769196
0.281878 0.161304 0.490519
0.132973 0.306113 0.496608
0.248891 0.324735 0.134229
0.185924 0.0779193 0.829421
0.241421 0.306909 0.306756
0.203775 0.286934 0.272442
0.0873982 0.241982 0.160098
0.220273 0.109676 0.518403
0.0874542 0.227071 0.204831
0.295891 0.377061 0.573867
0.147198 0.373528 0.69899
0.213102 0.225325 0.833563
0.346556 0.300367 0.652217
0.112223 0.140467 0.405124
0.244394 0.309896 0.175829
0.34782 0.319743 0.677337
0.0873823 0.250781 0.134128
0.34273 0.278588 0.672838
0.200172 0.0984883 0.32602
0.129197 0.241706 0.822749
0.0832874 0.197776 0.478293
0.23608 0.515998 0.761281
0.0699642 0.366349 0.537137
0.21373 0.353818 0.779084
0.154715 0.139356 0.637644
0.208499 0.420731 0.753494
0.226245 0.253356 0.945399
0.230927 0.206385 0.426012
0.158563 0.454304 0.77036
0.276067 0.331583 0.17283
0.0513971 0.36761 0.672461
0.24628 0.291452 0.252782
0.158954 0.27754 0.171208
0.195295 0.252546 0.965835
0.0883214 0.198038 0.231917
0.209792 0.0832524 0.189099
0.0253357 0.310852 0.528397
0.114452 0.427581 0.642601
0.0874206 0.214337 0.240997
0.319876 0.267743 0.53003
0.197217  0.294 0.240658
0.292953 0.425459 0.807313
0.131362 0.182049 0.24938
0.218175 0.18266 0.0513077
0.233379 0.137388 0.609156
0.146619 0.288221 0.880003
0.0469127 0.307253 0.58344
0.207944 0.0649174 0.937952
0.0781946 0.206498 0.603995
0.146619 0.255646 0.857097
0.226131 0.440995 0.866993
0.230605 0.27408 0.789395
0.191843 0.190685 0.736869
0.229359 0.136648 0.171432
0.189697 0.281814 0.298489
0.154151 0.0630148 0.173317
0.123726 0.168903 0.635672
0.216413 0.141695 0.0470267
0.213865 0.204054 0.772931
0.138657 0.2636 0.920815
0.117638 0.282704 0.111124
0.21466 0.128654 0.894087
0.214659 0.155301 0.814659
0.211756 0.127793 0.808785
0.0505943 0.377683 0.611232
0.0455802 0.370983 0.675514
0.0956933 0.305591 0.529979
0.217031 0.278911 0.915408
0.128508 0.12873 0.360055
0.24062 0.437452 0.201038
0.1828 0.216409 0.81835
0.259352 0.356581 0.256705
0.206121 0.36771 0.708471
0.156195 0.246372 0.160858
0.0415095 0.327375 0.721499
0.314203 0.24993 0.547576
0.152035 0.286001 0.449086
0.0540261 0.214599 0.572432
0.142985 0.251421 0.162005
0.139206 0.392827 0.695424
0.17472 0.227257 0.758726
0.167914 0.169678 0.0353383
0.143982 0.264315 0.116336
0.147493 0.240621 0.16105
0.271421 0.402778 0.514269
0.0724156 0.41011 0.781709
0.142332 0.153515 0.142765
0.177854 0.184335 0.969412
0.0253251 0.31198 0.56493
0.159087 0.153025 0.948114
0.100012 0.468892 0.779941
0.179263 0.438845 0.082401
0.226245 0.252587 0.920252
0.314918 0.252241 0.53572
0.25898 0.243971 0.455983
0.176848 0.0964875 0.444958
0.200352 0.256878 0.0823842
0.21667 0.238012 0.846346
0.184954 0.130485 0.642017
0.226779 0.324068 0.48158
0.256122 0.135837 0.564527
0.166715 0.119594 0.424047
0.110459 0.163211 0.529275
0.246828 0.23042 0.798368
0.266022 0.518176 0.729147
0.215246 0.0967883 0.0942524
0.21136 0.108708 0.233221
0.239542 0.170836 0.854476
0.176432 0.219309 0.653345
0.146619 0.288495 0.881322
0.163834 0.166908 0.247056
0.246094 0.242229 0.823708
0.136545 0.120256 0.52023
0.133897 0.266053 0.560663
0.212718 0.0529488 0.140666
0.291762 0.469159 0.748211
0.347598 0.313844 0.603354
0.19656 0.26664 0.883866
0.114201 0.213848 0.259663
0.23972 0.167249 0.361023
0.168946 0.10039 0.562233
0.147233 0.251569 0.0938456
0.208101 0.132324 0.0445244
0.138657 0.29219 0.869095
0.271795 0.317768 0.205664
0.103082 0.483628 0.783387
0.17493 0.124705 0.793868
0.155984 0.148989 0.26844
0.210054 0.121812 0.837374
0.128928 0.145661 0.4991
0.0293628 0.343654 0.732638
0.178938 0.0407072 0.911896
0.149449 0.160564 0.165213
0.0252812 0.31133 0.513612
0.280026 0.344401 0.198999
0.166718 0.220314 0.756342
0.10665 0.392396 0.846326
0.238889 0.151172 0.835539
0.119414 0.423346 0.546287
0.200774 0.165163 0.237298
0.141945 0.237594 0.804109
0.185619 0.427581 0.704562
0.210069 0.209138 0.80944
0.206111 0.416026 0.892405
0.31619 0.256159 0.547566
0.185975 0.235611 0.134194
0.287828 0.168203 0.488827
0.130334 0.161516 0.862004
0.212969 0.139034 0.930751
0.146704 0.427581 0.702953
0.174888 0.0615884 0.765041
0.314074 0.396462 0.643005
0.123181 0.307848 0.188179
0.234783 0.261288 0.780974
0.305343 0.227466 0.614816
0.159281 0.296981 0.225123
0.142332 0.151528 0.172201
0.159798 0.141398 0.18801
0.252103 0.479024 0.809653
0.121894 0.128144 0.348033
0.241843 0.384403 0.0716375
0.202739 0.113646 0.965203
0.174862 0.340514 0.354082
0.250537 0.422984 0.219256
0.0674839 0.191895 0.513347
0.226857 0.132495 0.572529
0.156195 0.0627879 0.852542
0.142137 0.271312 0.108213
0.210733 0.216811 0.794429
0.296009 0.382905 0.575049
0.194689 0.113679 0.550423
0.157581 0.0718134 0.137999
0.0883596 0.201212 0.230593
0.286379 0.298676 0.545122
0.136053 0.285891 0.804619
0.137827 0.341005 0.0909724
0.218853 0.0749165 0.780743
0.290301 0.270558 0.684497
0.18496 0.231335 0.057557
0.347177 0.334564 0.620305
0.11484 0.367789 0.091704
0.258392 0.22654 0.807937
0.129134 0.387099 0.690249
0.232265 0.231946 0.800868
0.193387 0.300587 0.209902
0.20516 0.0436307 0.791573
0.202845 0.214253 0.392729
0.165652 0.102209 0.626895
0.227147 0.18814 0.41984
0.241704 0.281911 0.446428
0.187465 0.145447 0.826229
0.177211 0.119284 0.14445
0.0475968 0.34499 0.691579
0.257987 0.408454 0.849026
0.138657 0.291754 0.894139
0.297753 0.348752 0.599217
0.213226 0.249707 0.234892
0.276016 0.449132 0.756317
0.23972 0.164299 0.368959
0.178252 0.427581 0.597238
0.223116 0.372168 0.422317
0.317836 0.261695 0.679004
0.133145 0.162075 0.213511
0.122566 0.207553 0.467479
0.133145 0.171641 0.191184
0.209788 0.286623 0.899146
0.0265566 0.345181 0.565189
0.110933 0.335695 0.507351
0.032195 0.269402 0.550066
0.21372 0.26649 0.397489
0.200868 0.423887 0.54913
0.257542 0.248273 0.81086
0.112995 0.411462 0.713519
0.20151 0.0539717 0.104009
0.308047 0.372238 0.814443
0.251359 0.258105 0.676372
0.214205 0.197953 0.749681
0.065594 0.316518 0.532577
0.215053 0.12476 0.584887
0.230855 0.321505 0.492268
0.345151 0.353177 0.573321
0.162579 0.458006 0.754782
0.211554 0.345084 0.332407
0.286144 0.332066 0.544868
0.20413 0.293939 0.661545
0.172389 0.177105 0.970573
0.233657 0.533825 0.720226
0.146008 0.169884 0.158847
0.271802 0.360254 0.666621
0.0325003 0.268717 0.668567
0.341379 0.27194 0.509438
0.175331 0.30797 0.792296
0.0322349 0.285311 0.693856
0.0566649 0.256432 0.553693
0.230459 0.135124 0.404284
0.135551 0.230373 0.24687
0.31172 0.241892 0.57156
0.188702 0.274066 0.102353
0.0684402 0.438539 0.777849
0.103132 0.275435 0.121407
0.238097 0.243961 0.470109
0.199208 0.142751 0.773569
0.146619 0.243184 0.87791
0.0662659 0.371743 0.545976
0.161252 0.234158 0.851715
0.193981 0.132904 0.0390573
0.171756 0.212073 0.0441492
0.146619 0.270181 0.812391
0.1178 0.242493 0.229905
0.252481 0.200693 0.639193
0.0825631 0.381476 0.634776
0.137651 0.420144 0.529452
0.14822 0.183888 0.415752
0.109601 0.295924 0.664127
0.259917 0.266053 0.582924
0.0691747 0.332746 0.576843
0.0940225 0.326402 0.532728
0.122489 0.334574 0.115053
0.180152 0.303063 0.199241
0.202551 0.229825 0.150569
0.177615 0.10509 0.899881
0.204105 0.0961827 0.205424
0.132053 0.23796 0.81918
0.162526 0.226776 0.10144
0.127441 0.531664 0.710822
0.226245 0.279227 0.848341
0.137242 0.183841 0.824996
0.20525 0.281125 0.301761
0.317348 0.219527 0.443857
0.165112 0.427581 0.638579
0.18539 0.047533 0.107685
0.21814 0.237874 0.884989
0.0982211 0.34661 0.142677
0.216826 0.107578 0.350002
0.178796 0.531234 0.757465
0.160298 0.0397281 0.836708
0.124027 0.150081 0.514314
0.169032 0.421877 0.538564
0.150023 0.271501 0.290072
0.179588 0.167177 0.190839
0.188999 0.0252737 0.840818
0.0595448 0.246413 0.546175
0.171704 0.254242 0.904916
0.344229 0.358219 0.580932
0.203322 0.211988 0.0485021
0.23972 0.160223 0.33304
0.0971719 0.349251 0.512046
0.137975 0.150278 0.369456
0.161731 0.483572 0.835005
0.229359 0.178937 0.136948
0.150023 0.197864 0.385776
0.220476 0.448104 0.131415
0.180171 0.519371 0.783031
0.20901 0.411462 0.7495
0.138343 0.171322 0.851469
0.196075 0.0713313 0.243144
0.205389 0.487268 0.83287
0.305402 0.379779 0.783061
0.326059 0.310938 0.655232
0.323926 0.224733 0.512351
0.200922 0.319704 0.781671
0.213429 0.0556025 0.181084
0.138657 0.252657 0.857213
0.271786 0.356357 0.515143
0.209584 0.103533 0.649524
0.244745 0.385812 0.887807
0.216228 0.141441 0.637071
0.209175 0.234421 0.20114
0.288692 0.410929 0.67538
0.209882 0.160328 0.148595
0.281818 0.186592 0.608382
0.102293 0.2469 0.669062
0.175526 0.0745554 0.245989
0.128363 0.243777 0.830286
0.347655 0.316621 0.52456
0.175674 0.218042 0.645819
0.158205 0.109957 0.847955
0.165006 0.444706 0.261616
0.271659 0.150402 0.628497
0.298221 0.425865 0.798879
0.163023 0.157122 0.161127
0.235191 0.147407 0.303686
0.150156 0.427581 0.69173
0.226923 0.136975 0.284485
0.093479 0.176995 0.638613
0.0523574 0.270562 0.599893
0.110472 0.40182 0.862996
0.202949 0.114465 0.222912
0.150023 0.22147 0.403312
0.207663 0.232637 0.171097
0.135161 0.378092 0.69326
0.210526 0.426505 0.269587
0.141364 0.261424 0.80651
0.153039 0.298825 0.216434
0.212992 0.259884 0.222378
0.276984 0.407748 0.659586
0.216489 0.0814709 0.166475
0.284824 0.464186 0.765539
0.183081 0.126103 0.277125
0.164575 0.124312 0.1524
0.209657 0.150532 0.276908
0.160199 0.177055 0.768999
0.156793 0.44072 0.107309
0.164273 0.261852 0.0896299
0.24087 0.309374 0.792298
0.161355 0.309314 0.839505
0.142473 0.329777 0.377069
0.161334 0.30979 0.829352
0.162461 0.305428 0.185334
0.268766 0.323025 0.669589
0.0872444 0.26493 0.0895584
0.180019 0.292013 0.250122
0.22017 0.179521 0.442665
0.165047 0.50984 0.793231
0.209507 0.145399 0.734059
0.0746427 0.380275 0.593583
0.345773 0.293484 0.636065
0.321407 0.27457 0.56127
0.271425 0.387265 0.183349
0.21911 0.177739 0.0564116
0.249128 0.338534 0.460908
0.217741 0.203368 0.243874
0.180123 0.118408 0.919189
0.138657 0.299177 0.820751
0.0806205 0.436564 0.749589
0.122732 0.152204 0.853625
0.211754 0.309058 0.175106
0.170019 0.256076 0.306953
0.0911943 0.459487 0.775694
0.145607 0.284382 0.453431
0.208976 0.468679 0.844326
0.154309 0.0873057 0.0919107
0.155858 0.196165 0.77337
0.107099 0.357704 0.109406
0.0747526 0.281728 0.592518
0.164821 0.370553 0.727926
0.0981094 0.427581 0.665483
0.252664 0.50021 0.768292
0.196444 0.114463 0.42059
0.263776 0.411321 0.689803
0.100153 0.337507 0.146965
0.135043 0.315035 0.328949
0.139455 0.217146 0.430065
0.159193 0.233757 0.076633
0.142332 0.146692 0.205859
0.162982 0.171529 0.825931
0.0935421 0.372263 0.835452
0.147756 0.27544 0.328719
0.0890288 0.243821 0.0922534
0.146619 0.288053 0.875159
0.145981 0.197472 0.254687
0.104629 0.222737 0.107753
0.193884 0.28826 0.654153
0.1204 0.202291 0.821211
0.142561 0.288147 0.777732
0.171179 0.268418 0.213941
0.197504 0.0439805 0.117384
0.205167 0.411382 0.732759
0.284232 0.382202 0.544935
0.217239 0.104195 0.23224
0.149829 0.140963 0.848501
0.0747591 0.383122 0.591666
0.187322 0.0908286 0.960971
0.231652 0.253089 0.794719
0.230424 0.314248 0.417075
0.166359 0.309085 0.467359
0.153607 0.140158 0.851298
0.163478 0.281072 0.300055
0.242503 0.228023 0.798712
0.21667 0.0797353 0.137236
0.175784 0.0970308 0.503199
0.305141 0.226428 0.491413
0.170201 0.156336 0.418228
0.065762 0.34458 0.600499
0.266067 0.167183 0.578637
0.222841 0.295184 0.217967
0.208682 0.102975 0.332876
0.144618 0.318427 0.388305
0.215502 0.413289 0.89089
0.15595 0.155374 0.338831
0.156195 0.139388 0.0747061
0.222257 0.274393 0.257035
0.18074 0.378065 0.261235
0.205229 0.37172 0.752123
0.189397 0.101862 0.912893
0.202663 0.167138 0.389295
0.181686 0.281445 0.120786
0.337792 0.261016 0.599738
0.274315 0.397061 0.663355
0.0715063 0.218807 0.610695
0.255288 0.25901 0.811674
0.213224 0.124471 0.369529
0.270177 0.358141 0.121631
0.0423535 0.239665 0.597119
0.164435 0.266445 0.935912
0.0353959 0.385562 0.673313
0.295828 0.427563 0.59257
0.149222 0.524547 0.756019
0.341817 0.273983 0.57378
0.0279202 0.288898 0.524043
0.159632 0.0409347 0.841804
0.175465 0.287446 0.916336
0.171467 0.114401 0.779982
0.203641 0.156475 0.167841
0.1209 0.132308 0.548212
0.157737 0.386702 0.70217
0.187249 0.266053 0.610437
0.198664 0.197949 0.963822
0.150466 0.13695 0.369354
0.211456 0.168419 0.763351
0.190362 0.42141 0.751593
0.178509 0.343749 0.338741
0.129614 0.283478 0.291819
0.174733 0.384039 0.878698
0.248421 0.424849 0.16788
0.163673 0.408283 0.267606
0.234096 0.427581 0.689578
0.115023 0.158592 0.592081
0.222146 0.154917 0.154162
0.276029 0.362525 0.145073
0.238894 0.27551 0.63756
0.234492 0.146709 0.209203
0.24515 0.167151 0.635417
0.119366 0.414812 0.509721
0.237371 0.149587 0.357006
0.16175 0.244143 0.0802174
0.169041 0.300861 0.392384
0.209882 0.156412 0.853528
0.215592 0.27789 0.246872
0.251938 0.458232 0.831586
0.246737 0.304853 0.455185
0.0561542 0.397309 0.63124
0.182719 0.36081 0.257825
0.218143 0.38401 0.885325
0.312845 0.365349 0.548872
0.237556 0.140481 0.432824
0.219447 0.158617 0.338831
0.150023 0.266518 0.319342
0.212363 0.476737 0.207406
0.197685 0.414936 0.510139
0.169642 0.107054 0.741136
0.17901 0.406818 0.705789
0.188217 0.368888 0.751593
0.164575 0.116161 0.149985
0.163181 0.0729303 0.174306
0.0877951 0.190956 0.513373
0.166011 0.119456 0.100196
0.245144 0.428075 0.163138
0.162043 0.0857269 0.117883
0.190448 0.0400821 0.151827
0.169505 0.0902307 0.897519
0.0873588 0.226817 0.169504
0.347399 0.311044 0.604163
0.218392 0.108523 0.401697
0.314029 0.388571 0.643325
0.240138 0.123042 0.383278
0.148159 0.307932 0.407439
0.248705 0.385693 0.459895
0.254038 0.424737 0.553601
0.209031 0.249056 0.179283
0.156195 0.101985 0.214699
0.340273 0.381735 0.74398
0.205945 0.237072 0.932524
0.231989 0.283997 0.648606
0.272854 0.382726 0.172978
0.129922 0.153306 0.857868
0.212969 0.181442 0.939259
0.13098 0.252631 0.787521
0.231857 0.243476 0.92613
0.160478 0.265103 0.283779
0.108237 0.333845 0.511643
0.148981 0.266053 0.510489
0.16246 0.192975 0.193886
0.121565 0.140669 0.461672
0.15393 0.22743 0.234708
0.276759 0.155667 0.622241
0.196627 0.197572 0.911807
0.195356 0.157028 0.163672
0.24835 0.427581 0.720385
0.257618 0.328798 0.508808
0.156879 0.388327 0.89802
0.166298 0.190478 0.422004
0.125839 0.144477 0.844286
0.243572 0.433501 0.206075
0.178729 0.265387 0.875122
0.130266 0.407616 0.488384
0.245356 0.42326 0.545836
0.172596 0.135087 0.73384
0.157101 0.430062 0.879827
0.222841 0.260874 0.386326
0.177901 0.29922 0.855387
0.249119 0.278323 0.773211
0.223002 0.236876 0.662957
0.208256 0.121397 0.377241
0.0981007 0.423478 0.712396
0.164813 0.328756 0.757752
0.243455 0.150735 0.844572
0.200797 0.14432 0.859074
0.220746 0.300531 0.796609
0.223273 0.460054 0.224619
0.336249 0.370982 0.727498
0.325813 0.334283 0.726222
0.213825 0.185813 0.261797
0.178088 0.21163 0.046456
0.198962 0.319018 0.390856
0.314109 0.370982 0.791965
0.166848 0.193212 0.740652
0.162983 0.112684 0.849945
0.226795 0.310233 0.39582
0.0747975 0.475928 0.74715
0.195678 0.211265 0.272218
0.16394 0.197272 0.0935578
0.102539 0.309573 0.521259
0.25229 0.503197 0.777034
0.194002 0.520735 0.780091
0.260023 0.160798 0.504471
0.212654 0.266053 0.538077
0.206633 0.244867 0.317619
0.19037 0.0938901 0.655807
0.164575 0.136191 0.136102
0.1918 0.10143 0.109943
0.214659 0.178652 0.828452
0.130223 0.266053 0.532007
0.281339 0.185804 0.558017
0.325483 0.301338 0.58537
0.198869 0.487126 0.202826
0.159075 0.20648 0.764509
0.118333 0.280048 0.781952
0.0879289 0.234479 0.13124
0.163893 0.115173 0.965867
0.0254779 0.312123 0.651282
0.164575 0.122381 0.1373
0.208279 0.204215 0.0794632
0.305333 0.357454 0.527572
0.181468 0.124095 0.870943
0.160627 0.165222 0.966905
0.210952 0.199261 0.795904
0.145802 0.343775 0.698354
0.236812 0.248776 0.790278
0.202845 0.20768 0.402886
0.0593603 0.386692 0.575823
0.0888808 0.494761 0.727915
0.156195 0.0682293 0.822564
0.208131 0.0387359 0.899986
0.187958 0.104618 0.788963
0.261062 0.161935 0.550757
0.240007 0.339316 0.768525
0.239079 0.493098 0.805874
0.212472 0.202454 0.777017
0.170201 0.168123 0.39541
0.0291362 0.360411 0.607796
0.111995 0.187409 0.201521
0.118865 0.239552 0.805415
0.160328 0.210002 0.920941
0.166932 0.0508622 0.117618
0.0880169 0.265732 0.0910386
0.217983 0.258001 0.676304
0.158206 0.127699 0.887939
0.15451 0.0674603 0.784111
0.169129 0.118235 0.299027
0.213667 0.138903 0.756807
0.217201 0.126141 0.54563
0.229359 0.181693 0.167573
0.213707 0.106301 0.0657525
0.16514 0.540383 0.7387
0.21211 0.126905 0.936083
0.115338 0.260588 0.80399
0.326964 0.31461 0.712908
0.323771 0.287995 0.626018
0.205213 0.0350227 0.822736
0.218975 0.248183 0.836957
0.16139 0.129042 0.864001
0.162676 0.224184 0.897339
0.183261 0.332659 0.101363
0.211278 0.21879 0.653061
0.0292754 0.282771 0.548361
0.203706 0.209289 0.751529
0.120008 0.153673 0.578604
0.0879015 0.236299 0.173682
0.115739 0.324199 0.144223
0.175099 0.301158 0.804945
0.138657 0.286638 0.895774
0.136474 0.175479 0.204493
0.146619 0.256452 0.855931
0.199871 0.194776 0.229976
0.155665 0.359944 0.261932
0.323537 0.355902 0.692424
0.101449 0.370983 0.850353
0.253627 0.298739 0.777418
0.158859 0.153199 0.75433
0.142332 0.171246 0.289372
0.101779 0.337633 0.522238
0.222841 0.214529 0.370376
0.16139 0.166333 0.130428
0.325853 0.305956 0.595329
0.186601 0.103861 0.208133
0.213533 0.0651992 0.172472
0.193981 0.188127 0.0386932
0.154517 0.264673 0.40152
0.0944339 0.334578 0.657418
0.240933 0.427581 0.648091
0.160133 0.401265 0.472879
0.288998 0.361814 0.529711
0.0316477 0.271335 0.664791
0.292003 0.442611 0.773189
0.121427 0.327496 0.486763
0.160962 0.163064 0.205198
0.187581 0.368216 0.705563
0.230532 0.174823 0.297054
0.172364 0.212004 0.952043
0.156195 0.205671 0.920149
0.140495 0.277378 0.353883
0.170581 0.480829 0.833986
0.0264249 0.299992 0.527535
0.246835 0.371584 0.073302
0.09514 0.405513 0.65868
0.273735 0.383149 0.859518
0.170019 0.264161 0.295925
0.143938 0.291225 0.778065
0.16283 0.168776 0.0430673
0.173256 0.16949 0.853229
0.168638 0.225289 0.105607
0.0898181 0.388147 0.844461
0.299347 0.473813 0.747732
0.245307 0.309873 0.45176
0.132353 0.134814 0.348971
0.074111 0.347616 0.607115
0.16139 0.139298 0.825472
0.159798 0.12582 0.134383
0.225046 0.186864 0.380749
0.108487 0.27943 0.116785
0.325299 0.344707 0.695838
0.161637 0.208532 0.352835
0.213847 0.411461 0.71529
0.187099 0.148909 0.630357
0.155804 0.163567 0.0462838
0.237189 0.217523 0.808993
0.117352 0.295716 0.787664
0.138257 0.224945 0.43202
0.263092 0.142067 0.421799
0.210744 0.0350148 0.821419
0.150091 0.178274 0.367057
0.213059 0.076971 0.113193
0.27512 0.178082 0.585059
0.117019 0.40014 0.257175
0.15534 0.275667 0.325513
0.154989 0.241367 0.839383
0.156194 0.239216 0.849677
0.0291628 0.283536 0.588657
0.295536 0.345927 0.570045
0.177306 0.275661 0.106006
0.213564 0.101814 0.839967
0.173598 0.302498 0.877326
0.223684 0.205499 0.402653
0.296865 0.411013 0.680286
0.191254 0.122542 0.156612
0.161433 0.132568  0.828
0.215983 0.348332 0.701963
0.200874 0.139263 0.838829
0.205547 0.22888 0.13567
0.231894 0.305894 0.18736
0.158927 0.180639 0.943871
0.167055 0.0344417 0.87903
0.142332 0.165974 0.315294
0.302429 0.359961 0.655451
0.201659 0.164481 0.171511
0.198055 0.0369702 0.895696
0.19318 0.298809 0.78589
0.0579104 0.380414 0.562421
0.119628 0.508888 0.753421
0.17425 0.132212 0.278252
0.102206 0.194398 0.25363
0.0537437 0.339507 0.576225
0.177124 0.144145 0.636331
0.149169 0.259628 0.403711
0.162365 0.221725 0.899751
0.321553 0.367786 0.673625
0.266994 0.263126 0.679648
0.177601 0.295781 0.663942
0.22636 0.152605 0.845714
0.164616 0.427581 0.732156
0.138657 0.268316 0.900038
0.184996 0.218012 0.0493131
0.231272 0.237966 0.851604
0.120791 0.159311 0.436432
0.222841 0.299324 0.201439
0.183547 0.165882 0.733746
0.303014 0.486741 0.720905
0.187393 0.264313 0.822556
0.16273 0.0547424 0.197846
0.146644 0.199735 0.255466
0.124002 0.187249 0.250509
0.194794 0.127951 0.087417
0.0766574 0.365171 0.614701
0.147719 0.212898 0.230209
0.177457 0.168686 0.973055
0.23113 0.145812 0.235205
0.157301 0.153574 0.0779948
0.126975 0.210543 0.811431
0.158687 0.144618 0.260579
0.236169 0.247936 0.786509
0.206831 0.129298 0.733521
0.150023 0.280104 0.266997
0.16215 0.152639 0.937392
0.272906 0.362933 0.130699
0.220451 0.128262 0.54167
0.168545 0.224821 0.259045
0.295524 0.408924 0.655845
0.214797 0.236444 0.0692233
0.168223 0.111428 0.788194
0.0427683 0.372007 0.600588
0.199416 0.293442 0.390867
0.326379 0.316621 0.523538
0.284974 0.320671 0.542674
0.203317 0.100075 0.545395
0.280153 0.342701 0.185263
0.206765 0.101967 0.59563
0.176783 0.351671 0.301168
0.297586 0.258949 0.66609
0.334683 0.385552 0.6691
0.292982 0.448774 0.787522
0.0910054 0.360087 0.656316
0.207283 0.243853 0.173989
0.202845 0.255691 0.340265
0.155363 0.0421346 0.877718
0.326027 0.331643 0.67474
0.120855 0.270982 0.803783
0.156194 0.204306 0.780555
0.279527 0.29594 0.533152
0.0680601 0.243364 0.657619
0.18387 0.20716 0.850944
0.110917 0.478474 0.799462
0.183794 0.0932874 0.613966
0.155267 0.181199 0.250695
0.317979 0.213036 0.452284
0.262966 0.527217 0.70842
0.187462 0.419319 0.751005
0.171169 0.0992656 0.361772
0.118673 0.291098 0.798668
0.316211 0.35457 0.630327
0.123754 0.313634 0.767566
0.285636 0.165631 0.552727
0.221517 0.463052 0.223501
0.28463 0.19042 0.573491
0.225976 0.404274 0.883361
0.158984 0.240699 0.228954
0.284648 0.164496 0.528042
0.226266 0.141836 0.4184
0.252556 0.322207 0.469113
0.189575 0.359049 0.266178
0.170868 0.112573 0.270894
0.12517 0.384408 0.68749
0.161569 0.138498 0.741618
0.210963 0.25456 0.899675
0.182599 0.0392417 0.133471
0.235516 0.11969 0.438192
0.180565 0.198659 0.739893
0.138492 0.283047 0.647369
0.216337 0.203832 0.924126
0.222841 0.161835 0.387871
0.310719 0.239101 0.597086
0.214659 0.108564 0.833148
0.229359 0.173871 0.162156
0.104434 0.185958 0.21284
0.150368 0.253128 0.965165
0.102077 0.254109 0.0580107
0.209782 0.0610075 0.924112
0.226984 0.239518 0.797106
0.223789 0.197827 0.448141
0.152854 0.30147 0.165698
0.179659 0.270754 0.855997
0.277492 0.335358 0.173481
0.213754 0.231983 0.804539
0.202813 0.0998193 0.52216
0.304914 0.343751 0.598644
0.238529 0.17334 0.355558
0.10203 0.367071 0.125377
0.112386 0.175858 0.291599
0.170019 0.195534 0.372719
0.253984 0.303143 0.248891
0.181341 0.297638 0.864777
0.0995024 0.32909 0.166565
0.202845 0.19225 0.379601
0.339247 0.265428 0.578515
0.165456 0.318219 0.394281
0.192918 0.165905 0.424581
0.144134 0.456441 0.843185
0.148937 0.130548 0.482767
0.118233 0.404495 0.724299
0.21667 0.0791447 0.142297
0.291634 0.510263 0.687768
0.234207 0.251379 0.838742
0.112221 0.229184 0.650874
0.149953 0.288531 0.79329
0.150023 0.18413 0.376811
0.226245 0.281009 0.891549
0.145581 0.245868 0.165855
0.137108 0.147973 0.231113
0.125537 0.19031 0.19465
0.16789 0.0936306 0.254478
0.156761 0.129312 0.930254
0.137922 0.234614 0.0900337
0.255387 0.256409 0.806862
0.27986 0.288577 0.48155
0.0870023 0.205694 0.227229
0.182397 0.54253 0.737928
0.185757 0.307506 0.762895
0.25743 0.414589 0.508972
0.0835648 0.263351 0.502575
0.155321 0.0695385 0.802279
0.133464 0.172469 0.135564
0.154886 0.371073 0.25976
0.186307 0.427581 0.620391
0.12986 0.328606 0.302575
0.161875 0.21092 0.950432
0.11024 0.397177 0.234933
0.225007 0.325714 0.699259
0.343896 0.284106 0.627963
0.284446 0.516141 0.694549
0.0392092 0.247912 0.583597
0.204358 0.10061 0.513606
0.34605 0.295607 0.619138
0.157648 0.257137 0.435428
0.164042 0.316236 0.690563
0.163629 0.289598 0.212849
0.145637 0.351352 0.41156
0.141603 0.187529 0.411336
0.193981 0.184589 0.788435
0.134759 0.281483 0.100174
0.0748157 0.327948 0.597542
0.118919 0.215179 0.820625
0.32499 0.295362 0.658786
0.160647 0.0689037 0.776346
0.0569893 0.255526 0.643598
0.133145 0.166512 0.234441
0.222841 0.265728 0.34953
0.195959 0.226097 0.202791
0.13099 0.14394 0.5705
0.0777384 0.464371 0.748341
0.0261687 0.301671 0.62684
0.15523 0.297129 0.224423
0.176494 0.16524 0.150304
0.252922 0.309706 0.784625
0.162742 0.234809 0.832401
0.24916 0.161771 0.630335
0.213874 0.207975 0.798208
0.21667 0.145503 0.071183
0.0255976 0.334772 0.554154
0.292121 0.41365 0.563818
0.119068 0.367298 0.472081
0.199516 0.371223 0.862761
0.133145 0.169626 0.318076
0.206616 0.145706 0.274462
0.154378 0.145577 0.747771
0.212709 0.0885484 0.780269
0.132162 0.183795 0.224282
0.084602 0.427581 0.646185
0.214635 0.277964 0.933216
0.0328128 0.312451 0.504227
0.137711 0.160031 0.165119
0.21667 0.0811531 0.187648
0.163658 0.262683 0.389221
0.17805 0.0252049 0.847065
0.23734 0.140386 0.560599
0.159043 0.206952 0.254425
0.125236 0.423014 0.863653
0.18328 0.532135 0.755524
0.222005 0.262186 0.416236
0.214814 0.261884 0.393009
0.20907 0.102264 0.909083
0.152247 0.462249 0.229175
0.047699 0.298494 0.519789
0.118682 0.427581 0.603605
0.214881 0.0794221 0.0775394
0.220922 0.280989 0.300444
0.076499 0.404371 0.627766
0.159782 0.243079 0.122318
0.135651 0.427581 0.693784
0.169568 0.28203 0.129874
0.159066 0.125208 0.954765
0.329679 0.370983 0.610887
0.171303 0.211453 0.20388
0.0906223 0.245332 0.083796
0.0878282 0.21497 0.244696
0.157103 0.386662 0.444434
0.19579 0.339932 0.0846084
0.0655483 0.32145 0.532786
0.0798695 0.479237 0.7339
0.114985 0.350222 0.680447
0.347424 0.310265 0.561919
0.252828 0.212684 0.643385
0.150306 0.152692 0.445179
0.123913 0.331187 0.488728
0.157719 0.412086 0.500534
0.159166 0.229334 0.817592
0.342758 0.27837 0.537082
0.252093 0.29623 0.776023
0.182855 0.140594 0.854869
0.34054 0.376616 0.723575
0.23532 0.359921 0.262041
0.20517 0.376841 0.786979
0.302117 0.469105 0.749187
0.176862 0.29319 0.8813
0.163957 0.427212 0.581626
0.237797 0.401612 0.693572
0.103055 0.391791 0.192246
0.0252339 0.314526 0.52256
0.161766 0.232401 0.866017
0.162818 0.220007 0.76555
0.1054 0.396055 0.200124
0.161447 0.263924 0.864919
0.324546 0.370983 0.650843
0.166313 0.163856 0.240595
0.143508 0.385417 0.732759
0.24712 0.307026 0.189281
0.132139 0.258896 0.171882
0.15648 0.212115 0.941713
0.164575 0.186549 0.194614
0.169364 0.0719244 0.241306
0.0251045 0.323057 0.55012
0.312105 0.363794 0.546763
0.291074 0.409865 0.661897
0.183091 0.170349 0.19742
0.340743 0.372973 0.655539
0.192254 0.134288 0.924236
0.303864 0.317434 0.52379
0.101723 0.194124 0.193787
0.213398 0.0869447 0.207175
0.218817 0.175095 0.950706
0.20921 0.20189 0.0436588
0.202845 0.249872 0.371213
0.15101 0.309948 0.82597
0.196647 0.0399582 0.909932
0.242696 0.328138 0.783416
0.0873881 0.269218 0.0806923
0.169004 0.266053 0.490989
0.252197 0.344754 0.263061
0.176481 0.240839 0.932217
0.174739 0.277069 0.639589
0.13462 0.241483 0.214373
0.169987 0.0998437 0.614358
0.344898 0.354156 0.64631
0.341441 0.272255 0.684565
0.104881 0.340873 0.517073
0.231465 0.116907 0.416409
0.150023 0.258326 0.376396
0.341005 0.355971 0.569457
0.17607 0.0711758 0.839874
0.213728 0.0549128 0.82863
0.250795 0.18219 0.827694
0.0918605 0.274668 0.535807
0.189504 0.486984 0.21946
0.127035 0.382516 0.888673
0.158999 0.182067 0.0530228
0.185911 0.109994 0.331848
0.189317 0.17504 0.168732
0.170019 0.185348 0.376579
0.320168 0.381029 0.581794
0.241619 0.178641 0.408446
0.151183 0.110521 0.353812
0.220649 0.394009 0.89924
0.139332 0.199033 0.194895
0.192457 0.109848 0.918616
0.208916 0.260164 0.957052
0.0967263 0.226089 0.114837
0.138657 0.265863 0.861561
0.22866 0.115002 0.614679
0.203709 0.11822 0.345668
0.153529 0.260539 0.399392
0.127195 0.141879 0.403048
0.174444 0.270486 0.845044
0.222721 0.411461 0.740353
0.114084 0.529654 0.708959
0.22639 0.132187 0.503391
0.190023 0.111459 0.601912
0.275796 0.32906 0.226567
0.178589 0.0516092 0.216081
0.194617 0.0934169 0.261859
0.202036 0.235642 0.772396
0.0707751 0.293801 0.520024
0.138129 0.188537 0.251613
0.164929 0.160172 0.924395
0.168387 0.371057 0.900468
0.32964 0.370983 0.633314
0.17249 0.210169 0.10997
0.304744 0.240955 0.665189
0.14732 0.240757 0.154555
0.213605 0.0730254 0.172499
0.170019 0.213854 0.394031
0.319299 0.215571 0.5239
0.254321 0.527674 0.723139
0.196797 0.411461 0.716877
0.16205 0.181662 0.930579
0.206143 0.301931 0.17606
0.267414 0.266053 0.571011
0.159672 0.178307 0.93457
0.160622 0.0833317 0.763726
0.236114 0.361309 0.694329
0.117993 0.427581 0.625232
0.242442 0.266053 0.597505
0.0868036 0.269782 0.0644198
0.169065 0.145811 0.35129
0.0257328 0.333761 0.670168
0.269012 0.3988 0.669654
0.214348 0.119186 0.264937
0.171414 0.117006 0.537877
0.048596 0.352256 0.646164
0.178142 0.111124 0.0986182
0.0478546 0.34731 0.680969
0.114303 0.404131 0.238525
0.308557 0.307492 0.536045
0.179349 0.110525 0.0995458
0.217618 0.0549831 0.858461
0.159798 0.169038 0.117364
0.160534 0.0553992 0.855618
0.144772 0.219667 0.245825
0.186395 0.15352 0.73211
0.108907 0.150682 0.432805
0.342365 0.365843 0.683938
0.135225 0.283214 0.774563
0.282143 0.161563 0.437951
0.214151 0.281498 0.29999
0.218161 0.190675 0.94924
0.138986 0.288182 0.910949
0.246974 0.266849 0.814763
0.242008 0.169687 0.451073
0.164575 0.129687 0.269529
0.217716 0.217388 0.789296
0.18346 0.0917548 0.903677
0.216505 0.427581 0.606615
0.15548 0.0897034 0.780115
0.175964 0.0419434 0.907051
0.155706 0.205022 0.779529
0.177457 0.113367 0.151473
0.159396 0.0841015 0.0811249
0.166932 0.390919 0.0381298
0.183114 0.0431523 0.183204
0.347441 0.327807 0.70749
0.134134 0.234436 0.437227
0.325585 0.341787 0.608733
0.137893 0.299016 0.34247
0.194216 0.100234 0.79156
0.284252 0.164063 0.572668
0.119384 0.167288 0.630746
0.180969 0.401563 0.732759
0.100662 0.176332 0.486179
0.0615021 0.246318 0.659224
0.214659 0.170996 0.889772
0.138111 0.507154 0.778016
0.170855 0.281772 0.298692
0.131589 0.40656 0.267243
0.235048 0.119377 0.503454
0.216614 0.10744 0.510576
0.0934595 0.482128 0.771267
0.148368 0.301357 0.881461
0.252876 0.207755 0.449915
0.107763 0.207475 0.147181
0.0387655 0.249156 0.526165
0.24417 0.476063 0.809656
0.138575 0.285129 0.799896
0.174854 0.427581 0.620048
0.124093 0.278143 0.124196
0.161645 0.220941 0.0940541
0.204085 0.246132 0.65912
0.33599 0.370983 0.718662
0.178539 0.259836 0.809509
0.17671 0.151955 0.971502
0.0494447 0.370983 0.618593
0.164081 0.245296 0.12514
0.0449359 0.326078 0.521357
0.0980222 0.234219 0.0858403
0.191759 0.0831763 0.751392
0.257196 0.301857 0.777775
0.168905 0.169905 0.165736
0.210889 0.0437918 0.145055
0.257708 0.286571 0.793125
0.213098 0.102498 0.206344
0.218909 0.0594215 0.801363
0.310683 0.307463 0.542113
0.209882 0.16808 0.882877
0.127274 0.145046 0.341914
0.203919 0.210671 0.417896
0.200171 0.259025 0.894344
0.222841 0.251397 0.409259
0.17448 0.0753611 0.24663
0.0420556 0.309242 0.709362
0.193343 0.529147 0.771784
0.180556 0.115682 0.219316
0.232567 0.513238 0.781657
0.258764 0.263122 0.788177
0.098545 0.23813 0.222923
0.180278 0.0948362 0.356388
0.234207 0.251419 0.848538
0.231935 0.272567 0.342348
0.117655 0.13505 0.445882
0.123597 0.13012 0.533046
0.142332 0.15344 0.263478
