0.19515 0.171943 0.217153
0.149199 0.407825 0.683293
0.250612 0.322046 0.541435
0.0828546 0.426094 0.470521
0.208775 0.389254 0.304029
0.116045 0.424141 0.393475
0.215294 0.454895 0.848132
0.137541 0.246324 0.45244
0.110211 0.448829 0.426353
0.19515 0.171936 0.839081
0.19515 0.13449 0.136844
0.232464 0.323018 0.587998
0.124924 0.415867 0.523645
0.232627 0.368307 0.725049
0.191175 0.347032 0.776811
0.202744 0.225377 0.896466
0.186251 0.300674 0.292401
0.211492 0.160829 0.775236
0.190708 0.353562 0.927092
0.158702 0.469788 0.436569
0.177957 0.212357 0.861656
0.176092 0.331935 0.272023
0.162475 0.270206 0.848738
0.142042 0.360685 0.270252
0.144963 0.445566 0.864425
0.161415 0.106467 0.632055
0.176858 0.374545 0.820515
0.176637 0.19529 0.666334
0.184026 0.170797 0.919085
0.181022 0.31809 0.947198
0.218627 0.0658194 0.123475
0.19515 0.0848922 0.137592
0.177816 0.263954 0.658923
0.138359 0.201067 0.537597
0.177957 0.133054 0.852011
0.220525 0.185245 0.418031
0.209711 0.269045 0.695158
0.168077 0.263929 0.221825
0.177957 0.212843 0.731086
0.19913 0.184901 0.0742321
0.101546 0.490466 0.206791
0.138114 0.352509 0.614012
0.114717 0.368937 0.233168
0.164754 0.139907 0.460207
0.164441 0.261674 0.878262
0.208644 0.102949 0.587747
0.160867 0.065926 0.777627
0.137428 0.324431 0.620956
0.147631 0.366259 0.283928
0.179259 0.161172 0.354856
0.159931 0.0978611 0.263948
0.172329 0.402823 0.629845
0.138042 0.346095 0.600181
0.189152 0.230932 0.681105
0.240095 0.224402 0.578414
0.224174 0.45954 0.286813
0.13099 0.266028 0.595369
0.205729 0.402957 0.313775
0.133226 0.321385 0.511342
0.189759 0.316192 0.17364
0.171885 0.146787 0.0648106
0.2419 0.291656 0.615283
0.159598 0.0663341 0.130404
0.134682 0.1478 0.147876
0.172696 0.228595 0.22423
0.13986 0.460961 0.458916
0.216283 0.37139 0.189907
0.242389 0.34222 0.53629
0.154502 0.117225 0.467843
0.174051 0.0693468 0.791578
0.24299 0.394565 0.597748
0.19515 0.145809 0.0844573
0.204378 0.407588 0.938206
0.207688 0.103153 0.2446
0.177957 0.153376 0.067516
0.241962 0.281773 0.581109
0.179827 0.484768 0.16152
0.185832 0.371598 0.844821
0.158722 0.0876518 0.852488
0.134329 0.407976 0.712575
0.168135 0.314786 0.263798
0.18584 0.444627 0.310371
0.19515 0.222135 0.0967595
0.198302 0.0951889 0.442225
0.170749 0.435236 0.728194
0.149351 0.146552 0.77999
0.177957 0.175271 0.735585
0.174585 0.106963 0.242002
0.223612 0.317684 0.697495
0.206412 0.357828 0.762756
0.197335 0.202701 0.242581
0.137359 0.335343 0.660084
0.19515 0.214527 0.832637
0.177957 0.203222 0.161756
0.218463 0.0638582 0.127324
0.197331 0.0971242 0.532649
0.140388 0.113357 0.587405
0.211668 0.261607 0.369777
0.160378 0.0490484 0.769607
0.256485 0.401904 0.303118
0.229976 0.343334 0.351685
0.155552 0.106676 0.473604
0.202797 0.126507 0.704216
0.19515 0.0875742 0.227588
0.148261 0.331999 0.2641
0.195201 0.273581 0.197371
0.241902 0.346646 0.556449
0.150579 0.399062 0.61967
0.175011 0.534453 0.205987
0.0656793 0.489844 0.188505
0.147807 0.159946 0.568058
0.158291 0.189622 0.256387
0.226582 0.368553 0.482617
0.130208 0.331227 0.417923
0.170039 0.164968 0.364933
0.196384 0.377198 0.938531
0.233496 0.352054 0.636265
0.203703 0.389348 0.305034
0.232523 0.203814 0.512048
0.231443 0.370317 0.742738
0.214832 0.43701 0.741449
0.167187 0.307402 0.325313
0.271679 0.436163 0.47544
0.158836 0.114557 0.688971
0.16161 0.400681 0.855989
0.179328 0.395505 0.944021
0.194079 0.24554 0.687159
0.19798 0.259336 0.312666
0.138031 0.117195 0.570544
0.209798 0.267138 0.713549
0.28012 0.471213 0.189336
0.159865 0.396079 0.330793
0.205299 0.37246 0.326183
0.156866 0.321766 0.338619
0.159833 0.151157 0.536721
0.236785 0.113833 0.554347
0.19192 0.379601 0.923666
0.236764 0.402686 0.716977
0.195443 0.142314 0.163544
0.161494 0.474041 0.294159
0.167775 0.393014 0.939503
0.14706 0.155466 0.566665
0.266631 0.517105 0.227447
0.223573 0.13071 0.654065
0.233638 0.324657 0.602289
0.158048 0.268501 0.823253
0.164146 0.247831 0.688109
0.230144 0.121481 0.561733
0.165146 0.0713775 0.201488
0.207757 0.372956 0.294383
0.177957 0.159787 0.772581
0.244421 0.361793 0.52538
0.126848 0.437231 0.383871
0.157157 0.115978 0.460955
0.19515 0.229225 0.213796
0.177957 0.106758 0.187634
0.175258 0.190906 0.664517
0.215982 0.395975 0.822597
0.19515 0.141629 0.230904
0.157548 0.27043 0.815255
0.199244 0.445284 0.341097
0.192138 0.142228 0.0310514
0.127844 0.303996 0.246522
0.151063 0.383534 0.183245
0.209495 0.404064 0.926119
0.19515 0.163068 0.222573
0.108732 0.394233 0.218902
0.214098 0.183423 0.900549
0.207304 0.137404 0.449724
0.236157 0.396588 0.708436
0.13569 0.218051 0.555629
0.148899 0.247134 0.754909
0.202385 0.0335614 0.791251
0.187351 0.381298 0.89894
0.260808 0.429017 0.199515
0.176575 0.474347 0.423047
0.20378 0.428634 0.161291
0.231431 0.400005 0.381138
0.157721 0.167926 0.456928
0.227792 0.458745 0.307583
0.167927 0.493714 0.303606
0.165633 0.127712 0.554363
0.243384 0.275796 0.237265
0.195141 0.107465 0.897107
0.237312 0.407381 0.726017
0.175627 0.376355 0.898948
0.148352 0.443807 0.299071
0.154636 0.0585778 0.180835
0.179281 0.131316 0.590145
0.207774 0.296945 0.788753
0.192009 0.416003 0.318865
0.273078 0.422761 0.499391
0.155172 0.0838075 0.720397
0.138391 0.40033 0.368222
0.242644 0.52817 0.216248
0.19515 0.189245 0.162628
0.29049 0.506622 0.245674
0.197193 0.152157 0.261046
0.19515 0.181408 0.217462
0.213879 0.272456 0.753665
0.160927 0.0623008 0.841366
0.112594 0.270433 0.50014
0.19515 0.147301 0.762766
0.138828 0.38917 0.706964
0.109614 0.403462 0.520029
0.229977 0.393332 0.765514
0.152423 0.250423 0.678659
0.13293 0.306517 0.638132
0.136264 0.220786 0.622945
0.210969 0.357997 0.276949
0.218745 0.453775 0.836864
0.16406 0.133634 0.357698
0.136761 0.320749 0.619786
0.200218 0.296302 0.323722
0.198197 0.0772509 0.690684
0.160475 0.176149 0.387857
0.146479 0.147729 0.668533
0.204279 0.156908 0.360223
0.160145 0.176818 0.90644
0.0827633 0.429754 0.443629
0.139681 0.231867 0.777179
0.199426 0.166208 0.152497
0.152493 0.420881 0.527863
0.215177 0.145027 0.545405
0.139515 0.268672 0.186811
0.132017 0.156056 0.15352
0.18724 0.367191 0.829294
0.118499 0.264448 0.525874
0.208415 0.103358 0.536834
0.155601 0.154888 0.177012
0.166734 0.263309 0.684276
0.20554 0.446438 0.786459
0.121055 0.514915 0.207593
0.119872 0.284029 0.548731
0.184654 0.458172 0.315676
0.189447 0.472288 0.285846
0.177957 0.101011 0.805167
0.177957 0.194042 0.802447
0.211739 0.470307 0.412726
0.19515 0.198002 0.107889
0.177957 0.169404 0.744767
0.161889 0.145091 0.435914
0.177957 0.114774 0.128229
0.142063 0.202495 0.727764
0.19659 0.1317 0.668118
0.163512 0.430562 0.717334
0.157929 0.155094 0.796835
0.246324 0.242374 0.199874
0.15337 0.120641 0.75644
0.281059 0.410731 0.476261
0.24204 0.219808 0.598215
0.190146 0.550522 0.230309
0.162757 0.259305 0.0990937
0.178753 0.281898 0.745807
0.203592 0.191525 0.698388
0.148523 0.213412 0.425298
0.184604 0.297359 0.69896
0.186554 0.456967 0.284202
0.189296 0.129719 0.6229
0.149398 0.25516 0.734055
0.142432 0.403549 0.778428
0.135437 0.39805 0.700519
0.129247 0.170945 0.161645
0.169873 0.401626 0.890195
0.199329 0.365278 0.918146
0.192458 0.414412 0.552138
0.220294 0.423267 0.525588
0.246098 0.411553 0.192432
0.183991 0.476707 0.480768
0.177957 0.0876081 0.181401
0.231289 0.176628 0.697089
0.188756 0.471015 0.32079
0.237348 0.411474 0.691988
0.229078 0.408269 0.537622
0.153152 0.414689 0.33547
0.112609 0.393967 0.51886
0.140694 0.368267 0.720532
0.197225 0.2519 0.252304
0.0915979 0.42707 0.272707
0.203138 0.0926784 0.890979
0.195652 0.477123 0.160429
0.174643 0.0970394 0.50664
0.211901 0.283772 0.767742
0.163501 0.376043 0.176571
0.1462 0.318714 0.460838
0.114546 0.40334 0.303504
0.218107 0.155884 0.177453
0.169108 0.397325 0.90049
0.113253 0.393157 0.519843
0.212135 0.469534 0.404121
0.154459 0.280051 0.741004
0.1561 0.34201 0.307115
0.212459 0.0542891 0.820117
0.236451 0.222759 0.536537
0.216768 0.490772 0.173582
0.21287 0.129864 0.258612
0.138824 0.385694 0.699932
0.225293 0.1951 0.458176
0.169984 0.315591 0.265064
0.157764 0.188363 0.385842
0.178216 0.425096 0.313907
0.183034 0.459976 0.500819
0.222621 0.429339 0.518747
0.22467 0.208852 0.291211
0.191921 0.386495 0.888482
0.196528 0.291159 0.807114
0.110933 0.511066 0.214658
0.140779 0.390064 0.724025
0.259265 0.390831 0.519155
0.2167 0.328457 0.264941
0.184638 0.456276 0.343867
0.232782 0.453913 0.377043
0.213226 0.0704808 0.250918
0.234594 0.230744 0.806806
0.210627 0.373115 0.779684
0.131985 0.41065 0.701131
0.209764 0.431096 0.719169
0.233717 0.319566 0.59277
0.152746 0.178122 0.45035
0.159183 0.24466 0.0865488
0.192253 0.502657 0.312577
0.202946 0.100555 0.604222
0.191394 0.123036 0.384789
0.188909 0.476356 0.28806
0.202694 0.443848 0.771411
0.204076 0.156893 0.884196
0.138375 0.151327 0.145949
0.177957 0.0863652 0.140761
0.169104 0.148932 0.151006
0.203314 0.298668 0.32942
0.139834 0.246278 0.635449
0.260509 0.277748 0.529051
0.172177 0.456267 0.851454
0.240601 0.427064 0.752672
0.122049 0.371189 0.528744
0.198811 0.387176 0.875546
0.155026 0.42853 0.715812
0.21114 0.0455344 0.767421
0.245847 0.428422 0.209147
0.19434 0.234478 0.278598
0.217978 0.152694 0.683469
0.159154 0.355749 0.27434
0.146806 0.369351 0.752509
0.216639 0.0829885 0.861548
0.179409 0.0987955 0.893514
0.171954 0.0717981 0.775471
0.167134 0.161996 0.174972
0.165291 0.212712 0.705228
0.168841 0.259343 0.663911
0.161462 0.16682 0.289033
0.267112 0.396222 0.464065
0.224142 0.205845 0.292742
0.166735 0.427898 0.178415
0.195753 0.120614 0.865418
0.170131 0.037116 0.799828
0.19515 0.233255 0.777681
0.175406 0.300919 0.786331
0.239018 0.458884 0.457568
0.130931 0.258666 0.585739
0.0988748 0.440042 0.204875
0.223303 0.314056 0.693669
0.0504325 0.473137 0.187836
0.13418 0.230635 0.558582
0.214675 0.155873 0.686722
0.237982 0.178776 0.59786
0.146901 0.147779 0.692847
0.124843 0.403422 0.415342
0.196354 0.261872 0.697485
0.175073 0.378585 0.309247
0.21149 0.106067 0.432388
0.251103 0.268106 0.55151
0.188093 0.212041 0.293471
0.167663 0.40818 0.905122
0.129515 0.391356 0.588567
0.230233 0.393563 0.774804
0.219756 0.275807 0.744386
0.215586 0.256108 0.258431
0.210998 0.0937779 0.886733
0.203626 0.262445 0.319473
0.163337 0.210427 0.901349
0.160691 0.0405664 0.144758
0.228523 0.224067 0.472329
0.19515 0.128524 0.767204
0.179733 0.127912 0.555457
0.186554 0.494397 0.312019
0.179781 0.0384923 0.803149
0.146153 0.11055 0.539199
0.155076 0.247739 0.375522
0.179092  0.493 0.167297
0.164303 0.0736686 0.208258
0.158763 0.0825743 0.0713874
0.187019 0.381686 0.928475
0.200856 0.329595 0.185237
0.209793 0.106666 0.247107
0.229343 0.231083 0.256554
0.186726 0.430508 0.166492
0.177957 0.196662 0.784304
0.231554 0.372833 0.700252
0.233061 0.413889 0.775045
0.248386 0.263187 0.55109
0.21867 0.249607 0.193594
0.248305 0.325543 0.528269
0.161031 0.12846 0.280399
0.163798 0.055183 0.843328
0.143647 0.217593 0.730095
0.186554 0.374664 0.946526
0.178747 0.293637 0.272033
0.173922 0.37031 0.79921
0.209855 0.130318 0.539077
0.178203 0.451946 0.153505
0.214402 0.0665728 0.7384
0.133777 0.300451 0.481051
0.176065 0.130078 0.427955
0.218415 0.0609624 0.186831
0.220704 0.233051 0.429558
0.126074 0.301094 0.244799
0.189039 0.27943 0.182552
0.132817 0.424694 0.36698
0.130994 0.393834 0.632204
0.19515 0.0979113 0.209522
0.215494 0.209286 0.259575
0.194459 0.317779 0.947801
0.1564 0.169235 0.504936
0.235628 0.460831 0.456481
0.170589 0.0367963 0.799056
0.142649 0.170342 0.622176
0.234641 0.350165 0.613705
0.167251 0.145166 0.518532
0.212332 0.0540701 0.754768
0.192317 0.294898 0.777177
0.199056 0.254063 0.884577
0.194694 0.436355 0.727851
0.216118 0.107013 0.523544
0.262563 0.425704 0.279799
0.207136 0.1831 0.28865
0.0386826 0.508609 0.190531
0.12932 0.444798 0.481778
0.238969 0.370612 0.600722
0.240293 0.206411 0.58661
0.177957 0.104067 0.780518
0.250393 0.252107 0.511569
0.23481 0.244611 0.844028
0.219066 0.401383 0.830207
0.181023 0.0922583 0.460593
0.180667 0.161619 0.655718
0.160268 0.2617 0.122263
0.142344 0.20258 0.738136
0.137671 0.267165 0.240695
0.187662 0.183124 0.288639
0.159704 0.410592 0.168207
0.239195 0.321434 0.25557
0.213035 0.104406 0.600024
0.184388 0.367092 0.908377
0.189774 0.185858 0.662425
0.160576 0.217316 0.684428
0.159598 0.188238 0.900203
0.170968 0.282541 0.747358
0.142779 0.221932 0.714786
0.0953919 0.467706 0.330223
0.179114 0.152327 0.0266565
0.250024 0.261482 0.476319
0.116066 0.446865 0.188953
0.269507 0.479797 0.189094
0.146663 0.145186 0.662746
0.183846 0.0847429 0.0560661
0.227469 0.364409 0.375076
0.217476 0.0692537 0.752497
0.171411 0.265278 0.647972
0.244773 0.241697 0.206741
0.234025 0.199095 0.532905
0.167218 0.204799 0.670275
0.127834 0.27514 0.217127
0.156598 0.0473575 0.155761
0.194687 0.387357 0.884923
0.167364 0.338738 0.271283
0.177082 0.357467 0.784178
0.13802 0.191099 0.553554
0.15413 0.349984 0.475652
0.214762 0.210454 0.064202
0.077737 0.418734 0.243566
0.174732 0.128879 0.408502
0.134238 0.445472 0.486696
0.228481 0.172054 0.556672
0.211134 0.252372 0.238473
0.175407 0.141226 0.293897
0.121113 0.316173 0.53649
0.216057 0.14199 0.384959
0.19515 0.198002 0.209145
0.205431 0.145655 0.356355
0.171579 0.458861 0.352664
0.154674 0.10846 0.615218
0.192575 0.283694 0.10235
0.177957 0.132795 0.191873
0.14088 0.218835 0.640903
0.212237 0.118142 0.681885
0.174456 0.25007 0.157562
0.142054 0.111312 0.57345
0.17119 0.301768 0.80935
0.159612 0.410264 0.882418
0.154317 0.267015 0.709343
0.207465 0.141094 0.470084
0.160354 0.105226 0.61126
0.145246 0.365897 0.747146
0.194983 0.289055 0.763077
0.271868 0.486901 0.204761
0.196718 0.301374 0.78057
0.213791 0.272146 0.155356
0.217754 0.140685 0.265587
0.169395 0.279941 0.709102
0.219798 0.10256 0.770098
0.156927 0.0667844 0.825478
0.165316 0.203948 0.905346
0.211956 0.127122 0.045222
0.22096 0.146268 0.560083
0.175932 0.389436 0.898589
0.151539 0.153649 0.613875
0.155567 0.438107 0.511693
0.209304 0.128881 0.602932
0.209319 0.328994 0.953386
0.260119 0.474006 0.319836
0.141838 0.502786 0.189756
0.177957 0.170048 0.771485
0.177957 0.109738 0.198168
0.228932 0.371553 0.480427
0.193502 0.118896 0.416151
0.226403 0.162673 0.757704
0.0801706 0.417304 0.251642
0.140679 0.203237 0.64248
0.139137 0.343626 0.608918
0.148346 0.455622 0.166099
0.198298 0.436148 0.248002
0.244248 0.251562 0.224292
0.131276 0.390631 0.612916
0.218691 0.288418 0.157872
0.177957 0.192111 0.210289
0.133931 0.234748 0.555724
0.157538 0.402313 0.846554
0.20769 0.24054 0.0617296
0.20359 0.179185 0.377583
0.209792 0.14588 0.172438
0.159145 0.334595 0.718658
0.186027 0.397467 0.580648
0.142934 0.236206 0.441981
0.161898 0.447381 0.350202
0.0922299 0.419267 0.432903
0.191428 0.158632 0.35215
0.147372 0.404869 0.6785
0.250579 0.438302 0.487619
0.146637 0.118049 0.495453
0.235744 0.429528 0.795403
0.168919 0.370326 0.937112
0.196729 0.386715 0.909239
0.19515 0.184108 0.834062
0.220821 0.283831 0.128704
0.218767 0.238657 0.415113
0.215442 0.256219 0.199095
0.17255 0.0676699 0.261889
0.19515 0.224753 0.174051
0.160443 0.40251 0.64815
0.170994 0.255495 0.338142
0.19515 0.191679 0.0916776
0.177957 0.227342 0.143411
0.183174 0.278774 0.309892
0.0892526 0.406159 0.260907
0.19083 0.348867 0.177898
0.141868 0.209805 0.720347
0.155104 0.106949 0.557645
0.14342 0.195326 0.505976
0.175712 0.265957 0.707341
0.2218 0.345769 0.466917
0.227077 0.152094 0.66242
0.255028 0.38439 0.52451
0.100956 0.445539 0.434084
0.159526 0.420777 0.70231
0.23674 0.212897 0.62574
0.14817 0.251206 0.71535
0.159845 0.162733 0.890748
0.16474 0.284978 0.262535
0.203212 0.147346 0.29656
0.0425289 0.498423 0.190581
0.142612 0.400404 0.413001
0.172298 0.361363 0.302281
0.0709903 0.47163 0.244206
0.168538 0.220983 0.286829
0.226222 0.398918 0.624671
0.16303 0.342273 0.729152
0.246818 0.323382 0.25421
0.10892 0.407298 0.207808
0.175417 0.18737 0.249411
0.239982 0.415495 0.699415
0.229546 0.368269 0.488374
0.19515 0.189337 0.123758
0.144795 0.542187 0.23213
0.20282 0.429825 0.527783
0.214223 0.0586205 0.756412
0.180416 0.462088 0.280918
0.136878 0.540217 0.232589
0.181746 0.0954145 0.590682
0.231865 0.200533 0.676552
0.222214 0.157138 0.561129
0.242421 0.235145 0.214554
0.196916 0.150775 0.915056
0.226786 0.563165 0.269436
0.281352 0.411335 0.436809
0.19515 0.200322 0.225709
0.223344 0.183087 0.487219
0.177957 0.222352 0.140299
0.208515 0.40246 0.641443
0.177957 0.160043 0.771738
0.235935 0.179248 0.61213
0.185821 0.297945 0.702452
0.177957 0.133352 0.722754
0.206062 0.454974 0.839626
0.195732 0.31643 0.715775
0.215125 0.163549 0.904202
0.134283 0.395319 0.686734
0.186234 0.0410804 0.809394
0.177094 0.440549 0.897783
0.225276 0.279523 0.647153
0.0935384 0.467038 0.33893
0.254745 0.370193 0.226264
0.21244 0.0683837 0.0743781
0.208115 0.131729 0.38664
0.177957 0.137846 0.781782
0.227287 0.17095 0.757835
0.139304 0.466417 0.319452
0.15326 0.436422 0.883895
0.213531 0.288807 0.181302
0.169513 0.264696 0.704298
0.196726 0.113154 0.446805
0.131938 0.366613 0.275904
0.225612 0.146764 0.712019
0.195343 0.108277 0.86012
0.173527 0.278826 0.738395
0.223067 0.406243 0.338407
0.194134 0.474836 0.404576
0.258839 0.269112 0.480772
0.195659 0.0879514 0.742491
0.138351 0.239945 0.834718
0.19515 0.184668 0.208388
0.158088 0.317058 0.342725
0.213453 0.427685 0.712294
0.210295 0.123964 0.518016
0.161625 0.160148 0.445889
0.175825 0.262994 0.101191
0.189005 0.301183 0.296373
0.152691 0.448804 0.798906
0.236878 0.30864 0.207315
0.229971 0.492152 0.17965
0.176714 0.122297 0.672015
0.173606 0.0558402 0.084554
0.115926 0.403475 0.435461
0.135247 0.441717 0.375503
0.16501 0.0828974 0.741093
0.0413542 0.487014 0.179733
0.198525 0.459935 0.351373
0.186554 0.378394 0.933998
0.208759 0.139354 0.45569
0.162739 0.21759 0.678548
0.270016 0.448098 0.19815
0.251495 0.264828 0.45874
0.186143 0.0325743 0.786399
0.245584 0.316448 0.414795
0.186307 0.0833186 0.688169
0.19515 0.149674 0.774572
0.225006 0.369663 0.477548
0.221445 0.384011 0.432551
0.284939 0.469772 0.191101
0.156752 0.152181 0.390513
0.233571 0.34657 0.61986
0.147214 0.285173 0.188398
0.162943 0.244967 0.131763
0.182905 0.409173 0.679566
0.165914 0.410536 0.906919
0.173108 0.268016 0.269039
0.212652 0.394004 0.574326
0.245027 0.261624 0.445833
0.150412 0.285107 0.252482
0.217265 0.248959 0.19149
0.21409 0.0490991 0.778557
0.183727 0.285717 0.820246
0.157458 0.121176 0.26703
0.16081 0.393453 0.568661
0.129598 0.193013 0.194141
0.195037 0.242788 0.686019
0.195844 0.288965 0.717348
0.11838 0.370686 0.244795
0.21838 0.128586 0.594474
0.23407 0.239245 0.164669
0.135411 0.387546 0.679164
0.144637 0.172055 0.733773
0.141274 0.370667 0.71802
0.24165 0.249573 0.555319
0.125633 0.295382 0.236823
0.230221 0.352128 0.444242
0.261306 0.396103 0.2148
0.17551 0.474175 0.437372
0.154686 0.108541 0.447385
0.145028 0.234027 0.720159
0.114702 0.481046 0.186026
0.157452 0.249626 0.111026
0.213775 0.372406 0.186201
0.189538 0.413718 0.942969
0.204768 0.0994631 0.429112
0.186508 0.366008 0.909846
0.213934 0.149916 0.541903
0.157143 0.205772 0.259791
0.230357 0.157998 0.585335
0.0825538 0.437978 0.457888
0.177957 0.0742649 0.167459
0.22284 0.146761 0.802875
0.133032 0.205156 0.166602
0.19515 0.168658 0.158592
0.14532 0.161674 0.726447
0.143313 0.265296 0.247165
0.257375 0.270396 0.464955
0.217107 0.110206 0.70451
0.213497 0.15672 0.422886
0.156137 0.107071 0.499849
0.146524 0.170948 0.774946
0.157394 0.439045 0.878064
0.167444 0.471805 0.401157
0.203265 0.097855 0.0503603
0.159887 0.290062 0.74816
0.19515 0.0997503 0.188698
0.153629 0.278408 0.743428
0.190908 0.445912 0.881414
0.233966 0.239475 0.236012
0.200407 0.265936 0.31681
0.176297 0.362695 0.17649
0.192778 0.441057 0.267908
0.211738 0.0390064 0.181355
0.217631 0.139913 0.552938
0.182122 0.305233 0.801102
0.125521 0.299264 0.553755
0.206701 0.172435 0.260103
0.201578 0.318339 0.29727
0.177957 0.111961 0.205752
0.254362 0.373252 0.250284
0.211439 0.0855114 0.26355
0.161978 0.43248 0.223275
0.211901 0.439355 0.8818
0.19515 0.0774434 0.134557
0.217466 0.296527 0.806273
0.177957 0.218644 0.852562
0.137319 0.411826 0.310823
0.247694 0.383637 0.479137
0.19515 0.130404 0.801726
0.234133 0.200079 0.532732
0.22133 0.398024 0.364572
0.19236 0.314352 0.719286
0.218334 0.379227 0.297791
0.177957 0.23929 0.782573
0.164474 0.0680505 0.700797
0.22993 0.16459 0.577592
0.237278 0.336955 0.385688
0.177743 0.0319639 0.180336
0.177957 0.130151 0.122039
0.0887719 0.406627 0.260997
0.165219 0.322096 0.950334
0.210063 0.400829 0.556856
0.177957 0.164029 0.200069
0.240912 0.325441 0.424166
0.247475 0.312693 0.239152
0.170106 0.245083 0.738722
0.213157 0.0729461 0.860515
0.201147 0.145253 0.170875
0.245251 0.258971 0.466015
0.163299 0.138288 0.696208
0.20876 0.455843 0.853938
0.159021 0.165105 0.464199
0.166547 0.330346 0.716562
0.176331 0.0960398 0.504165
0.202576 0.276704 0.733275
0.180585 0.39772 0.571444
0.102538 0.502128 0.213459
0.201634 0.450263 0.504878
0.174504 0.225969 0.860363
0.218828 0.244249 0.856752
0.192447 0.447256 0.792699
0.212712 0.0577021 0.172163
0.221645 0.43665 0.300017
0.12058 0.451971 0.412632
0.219547 0.326552 0.201768
0.224607 0.157352 0.787542
0.177957 0.167806 0.213907
0.137763 0.401051 0.403511
0.186554 0.462069 0.303246
0.141323 0.417182 0.796155
0.19515 0.156591 0.0888045
0.125633 0.32515 0.245512
0.268145 0.406874 0.422301
0.13371 0.217092 0.170139
0.157839 0.125987 0.530364
0.227395 0.34008 0.506618
0.181151 0.25691 0.085774
0.206106 0.420376 0.699836
0.236722 0.306596 0.250052
0.208377 0.464755 0.287638
0.211476 0.137344 0.426851
0.215517 0.20556 0.887448
0.159431 0.246443 0.235987
0.274842 0.492184 0.214854
0.154593 0.175192 0.422376
0.234066 0.340631 0.646223
0.186165 0.287311 0.277472
0.197348 0.474347 0.451881
0.21881 0.28974 0.381701
0.161272 0.364392 0.762357
0.132722 0.247319 0.22521
0.232527 0.457232 0.468325
0.130599 0.279048 0.601679
0.232955 0.197214 0.649515
0.210085 0.11395 0.465815
0.212897 0.154423 0.780027
0.152817 0.229766 0.384128
0.141999 0.162942 0.649833
0.170081 0.128732 0.589136
0.144328 0.316249 0.25637
0.201135 0.171466 0.918808
0.256553 0.274496 0.471385
0.170474 0.242326 0.889442
0.225536 0.14515 0.696719
0.191924 0.164723 0.654432
0.218373 0.172612 0.504029
0.150506 0.188729 0.428206
0.220925 0.398123 0.374131
0.210405 0.355324 0.275802
0.206246 0.226342 0.679203
0.152315 0.272218 0.737276
0.174944 0.175036 0.070375
0.147526 0.387201 0.183295
0.161814 0.399534 0.601954
0.14437 0.280747 0.639112
0.22428 0.326275 0.465542
0.13448 0.419478 0.750416
0.236146 0.456943 0.39103
0.177957 0.197561 0.15753
0.214949 0.423449 0.706531
0.186554 0.445234 0.294994
0.10069 0.397292 0.468814
0.0532369  0.475 0.185775
0.250469 0.451069 0.463553
0.214082 0.123668 0.519966
0.137991 0.423898 0.181457
0.145066 0.228221 0.729078
0.334295 0.507463 0.189458
0.183215 0.298819 0.728884
0.223743 0.439398 0.754565
0.141817 0.371395 0.701342
0.329666 0.47597 0.183432
0.193873 0.265912 0.66289
0.209757 0.194505 0.667284
0.14985 0.378299 0.455454
0.23764 0.314531 0.397832
0.177957 0.195895 0.805009
0.13907 0.369234 0.407451
0.153896 0.4685 0.43185
0.130958 0.221883 0.598514
0.210643 0.175795 0.0373926
0.135972 0.356873 0.595987
0.182011 0.261183 0.228783
0.247475 0.349357 0.231228
0.274958 0.446372 0.453437
0.156471 0.0951916 0.252942
0.177957 0.231373 0.124783
0.176455 0.40355 0.631982
0.128544 0.343193 0.548324
0.147506 0.460864 0.288023
0.14361 0.22055 0.464064
0.230509 0.38916 0.749033
0.142754 0.183298 0.719281
0.173254 0.250872 0.819201
0.201497 0.428219 0.180193
0.138017 0.342175 0.591971
0.211027 0.153359 0.523129
0.190502 0.429116 0.155973
0.164437 0.402582 0.643705
0.127847 0.429649 0.377228
0.160358 0.27486 0.823356
0.135592 0.256617 0.412687
0.221024 0.351028 0.334049
0.177957 0.184376 0.137426
0.141496 0.372059 0.718921
0.1639 0.45137 0.278266
0.210363 0.354591 0.749075
0.213426 0.105068 0.568874
0.22232 0.210684 0.440437
0.235812 0.176145 0.153181
0.19515 0.172479 0.803422
0.136317 0.284327 0.4346
0.206543 0.388034 0.34843
0.120986 0.266118 0.541672
0.209057 0.371846 0.780868
0.19515 0.11558 0.788258
0.19515 0.0794312 0.153962
0.210098 0.228236 0.893058
0.204761 0.0869925 0.734908
0.177957 0.207726 0.115904
0.216012 0.268866 0.759257
0.18403 0.335221 0.761268
0.233032 0.365891 0.723913
0.155437 0.0601676 0.131256
0.224475 0.146051 0.761207
0.177957 0.0967158 0.82922
0.145532 0.151089 0.636125
0.16214 0.207304 0.0520405
0.233885 0.340053 0.640261
0.192327 0.280468 0.179922
0.233612 0.26952 0.420787
0.177957 0.107004 0.180818
0.202634 0.25652 0.766659
0.210566 0.289395 0.742077
0.169484 0.271055 0.653109
0.185644 0.115446 0.3694
0.247809 0.427239 0.234376
0.160229 0.437983 0.513376
0.148298 0.296239 0.669175
0.167877 0.241864 0.728496
0.174524 0.143292 0.257843
0.218003 0.166424 0.896773
0.157168 0.213809 0.24641
0.181697 0.272943 0.126398
0.16596 0.376366 0.29724
0.240749 0.40264 0.688953
0.241307 0.411159 0.530646
0.208616 0.250623 0.829292
0.128968 0.389901 0.580221
0.0918455 0.403464 0.262851
0.143498 0.195189 0.505269
0.208369 0.0894337 0.850239
0.22999 0.32097 0.452552
0.206253 0.390736 0.305303
0.125353 0.464313 0.323069
0.20404 0.35469 0.762477
0.188232 0.433808 0.206874
0.238691 0.426718 0.235109
0.238706 0.313574 0.501633
0.200636 0.260029 0.777321
0.177957 0.205127 0.714621
0.246101 0.249682 0.204341
0.227479 0.324922 0.496231
0.107211 0.43554 0.480942
0.142093 0.162115 0.6629
0.196759 0.447206 0.511434
0.17463 0.0676535 0.181444
0.128558 0.294296 0.563572
0.19515 0.0765523 0.197413
0.144094 0.159762 0.627506
0.199564 0.161148 0.655914
0.185094 0.243571 0.0630482
0.230074 0.465436 0.444491
0.160032 0.0526375 0.206742
0.177957 0.15464 0.0681331
0.20824 0.15988 0.887305
0.0895305 0.467455 0.212272
0.175198 0.177478 0.658952
0.23482 0.235618 0.857491
0.141643 0.111654 0.562715
0.224346 0.140488 0.721744
0.211868 0.0754699 0.109096
0.161891 0.0308213 0.164205
0.172068 0.229299 0.860089
0.194825 0.292236 0.148646
0.207985 0.414732 0.163229
0.177957 0.23036 0.12945
0.19515 0.376327 0.889858
0.130903 0.190268 0.199568
0.15932 0.233255 0.0713584
0.100173 0.393297 0.227446
0.161629 0.291772 0.16607
0.130062 0.4252 0.187093
0.155908 0.361759 0.346492
0.198769 0.285124 0.669764
0.147063 0.430087 0.725657
0.212251 0.230975 0.23151
0.197627 0.24891 0.753765
0.188479 0.447705 0.271082
0.23464 0.498992 0.187549
0.19515 0.109184 0.746603
0.191091 0.449623 0.151408
0.184148 0.46494 0.281368
0.23861 0.372781 0.60959
0.194817 0.359852 0.790778
0.137731 0.41274 0.531051
0.177957 0.11424 0.231534
0.25913 0.424776 0.294421
0.211066 0.24375 0.726639
0.188044 0.0663534 0.261316
0.238696 0.52498 0.211159
0.231821 0.425258 0.836357
0.16277 0.245621 0.885198
0.133318 0.363108 0.584224
0.230798 0.476322 0.173903
0.277171 0.428313 0.243826
0.207963 0.129376 0.541856
0.19515 0.146615 0.744381
0.16163 0.167624 0.684936
0.139315 0.364686 0.66111
0.275131 0.437914 0.20649
0.139584 0.296404 0.24669
0.13705 0.288791 0.198258
0.154179 0.161822 0.538316
0.16032 0.274595 0.823734
0.226346 0.264954 0.768163
0.159303 0.236228 0.695771
0.168915 0.0461512 0.753639
0.21033 0.220948 0.895436
0.164129 0.143246 0.45675
0.20848 0.284931 0.666644
0.199116 0.0876312 0.0548092
0.260178 0.397675 0.447197
0.122723 0.426171 0.257996
0.249985 0.416823 0.194157
0.204756 0.13708 0.0332916
0.156675 0.399235 0.173016
0.248596 0.453205 0.40783
0.177957 0.19422 0.821476
0.175155 0.123559 0.286209
0.241056 0.43015 0.291716
0.240303 0.464416 0.303963
0.183765 0.279484 0.698767
0.177957 0.208524 0.820098
0.234479 0.178087 0.662649
0.263418 0.412365 0.407922
0.193747 0.231077 0.0576117
0.165686 0.288351 0.81389
0.214241 0.0701939 0.765166
0.225164 0.186488 0.49651
0.180358 0.158419 0.0259945
0.223013 0.330428 0.348785
0.178136 0.428355 0.157608
0.158368 0.266389 0.178075
0.19515 0.172407 0.749505
0.176821 0.29586 0.779497
0.137941 0.315388 0.254184
0.155792 0.399498 0.614827
0.161539 0.342456 0.294782
0.207948 0.406445 0.678079
0.19515 0.0992329 0.837459
0.160547 0.162789 0.437369
0.17871 0.269267 0.71533
0.271922 0.489311 0.206673
0.205364 0.215616 0.361221
0.170792 0.228341 0.0983905
0.188605 0.476335 0.412466
0.138372 0.181758 0.658879
0.197091 0.0778481 0.809974
0.177957 0.181908 0.10612
0.177957 0.159404 0.770874
0.143765 0.261294 0.163772
0.205966 0.124586 0.51352
0.127332 0.294587 0.456902
0.166946 0.472035 0.449884
0.225434 0.146714 0.725956
0.175883 0.264582 0.871245
0.165642 0.129341 0.365318
0.210317 0.0705535 0.260237
0.20805 0.0671644 0.872334
0.177957 0.233238 0.773129
0.204304 0.289169 0.811916
0.213752 0.414216 0.692556
0.222113 0.342361 0.496648
0.170766 0.214827 0.866661
0.19515 0.197717 0.868609
0.148238 0.122384 0.51828
0.200198 0.388981 0.910817
0.133332 0.214412 0.578956
0.185223 0.357713 0.171226
0.190361 0.0957757 0.394047
0.248596 0.399168 0.302941
0.197054 0.127623 0.402462
0.125258 0.25919 0.542634
0.208109 0.46098 0.28505
0.144144 0.117665 0.500121
0.172556 0.109761 0.898059
0.154215 0.165932 0.155827
0.177957 0.170637 0.716007
0.19515 0.154843 0.127469
0.161679 0.0897527 0.88386
0.113569 0.380833 0.279854
0.223502 0.328461 0.35442
0.158049 0.162911 0.904118
0.227788 0.124857 0.588248
0.19515 0.119147 0.768712
0.119598 0.258575 0.514892
0.167546 0.496496 0.314844
0.141761 0.323059 0.258493
0.158933 0.0534392 0.162409
0.170308 0.135208 0.560232
0.218893 0.163986 0.155858
0.134273 0.307735 0.249926
0.161375 0.357071 0.75037
0.161937 0.148399 0.439163
0.163603 0.235837 0.265108
0.151366 0.149226 0.827472
0.237689 0.335192 0.567001
0.230637 0.449972 0.834279
0.177957 0.116435 0.242697
0.140938 0.171281 0.683946
0.260711 0.376188 0.24093
0.193299 0.0962692 0.582825
0.19515 0.174969 0.757892
0.146481 0.190036 0.47502
0.208023 0.400178 0.604705
0.187822 0.266638 0.110421
0.137229 0.327918 0.633684
0.130077 0.428512 0.373386
0.220923 0.452398 0.820874
0.213324 0.281947 0.106289
0.216192 0.137783 0.547701
0.118733 0.425831 0.268793
0.190041 0.379646 0.903238
0.162073 0.399071 0.169018
0.177957 0.220236 0.141642
0.159897 0.156124 0.0361851
0.19515 0.16777 0.830415
0.216247 0.379394 0.180913
0.172527 0.0632781 0.712312
0.144481 0.179439 0.747556
0.156407 0.207103 0.87635
0.106162 0.384728 0.241982
0.209571 0.259974 0.69474
0.204384 0.435555 0.249581
0.0558082 0.485257 0.183563
0.157994 0.0674259 0.804361
0.338981 0.496354 0.190129
0.125688 0.392261 0.204565
0.169309 0.296937 0.769966
0.218919 0.271808 0.789481
0.15662 0.169722 0.387937
0.177957 0.173257 0.253926
0.177957 0.204633 0.762476
0.129789 0.287008 0.443413
0.215704 0.226307 0.394557
0.201545 0.252157 0.165767
0.161194 0.229693 0.26092
0.155843 0.489657 0.318672
0.177957 0.227408 0.129998
0.142529 0.439715 0.759697
0.193318 0.379242 0.929252
0.197317 0.38352 0.848268
0.122666 0.443633 0.394047
0.201053 0.109579 0.677286
0.157298 0.451717 0.816656
0.156872 0.161011 0.278447
0.237895 0.283919 0.197307
0.203356 0.0907995 0.271954
0.174467 0.275123 0.697739
0.152909 0.108448 0.524685
0.149782 0.282244 0.655915
0.127237 0.403099 0.419797
0.203178 0.0615126 0.716572
0.159279 0.204498 0.294777
0.203994 0.0913714 0.890437
0.235068 0.316323 0.598887
0.216664 0.0552066 0.170252
0.213041 0.470343 0.463594
0.163372 0.277791 0.714728
0.177957 0.132315 0.118832
0.190945 0.0520141 0.0942481
0.156471 0.153732 0.389008
0.176894 0.264111 0.221364
0.229219 0.313336 0.461896
0.146263 0.154748 0.624481
0.227815 0.459142 0.310192
0.216241 0.420498 0.331834
0.226941 0.176551 0.776951
0.18718 0.0689766 0.876707
0.211161 0.138676 0.431122
0.19515 0.119962 0.196431
0.203866 0.126063 0.540809
0.120139 0.266892 0.539813
0.134201 0.208307 0.572987
0.186554 0.361164 0.954951
0.119713 0.428504 0.215381
0.243456 0.31659 0.252321
0.166482 0.0656289 0.70664
0.186649 0.311527 0.286879
0.19515 0.210877 0.115435
0.165504 0.0284217 0.154023
0.184795 0.18795 0.286539
0.201412 0.154446 0.779974
0.174503 0.065841 0.176995
0.142976 0.111745 0.53651
0.161559 0.343477 0.270327
0.164724 0.360622 0.321364
0.183182 0.299791 0.730402
0.215467 0.163795 0.409125
0.136767 0.331631 0.657704
0.204134 0.145892 0.152917
0.193608 0.290058 0.717663
0.149751 0.224549 0.402858
0.216109 0.365525 0.350888
0.0917552 0.434794 0.430181
0.241119 0.246507 0.564478
0.244554 0.293623 0.467069
0.139335 0.358599 0.710577
0.130962 0.27072 0.598962
0.159363 0.0489743 0.192853
0.15152 0.111631 0.727298
0.18717 0.36255 0.812011
0.207289 0.283986 0.117924
0.239887 0.381804 0.620182
0.150838 0.123773 0.519655
0.244826 0.153147 0.169819
0.144588 0.125447 0.58931
0.229351 0.15782 0.681539
0.187369 0.306903 0.779797
0.191971 0.476317 0.322775
0.130116 0.347573 0.26074
0.104151 0.390937 0.268261
0.151264 0.211771 0.399521
0.216417 0.447174 0.789668
0.233859 0.312156 0.390613
0.236502 0.352009 0.59412
0.20151 0.0720895 0.196124
0.198311 0.404798 0.65518
0.230583 0.20845 0.153769
0.177957 0.141278 0.145257
0.19515 0.1711 0.824422
0.145757 0.159533 0.577245
0.156365 0.25186 0.255286
0.164942 0.38736 0.362247
0.205733 0.252535 0.0746916
0.169196 0.284026 0.718568
0.14431 0.215618 0.465215
0.186554 0.472834 0.308508
0.190189 0.476037 0.427963
0.237292 0.230648 0.501317
0.15223 0.266422 0.746644
0.177957 0.136611 0.252139
0.289067 0.46926 0.221974
0.201504 0.283969 0.341362
0.134678 0.222391 0.51533
0.188172 0.116022 0.282929
0.221275 0.312081 0.36263
0.145573 0.436552 0.270919
0.240101 0.44656 0.787676
0.252551 0.293841 0.502464
0.177957 0.216469 0.20233
0.186274 0.307794 0.8055
0.232405 0.213139 0.636092
0.19515 0.156962 0.130247
0.167414 0.0270256 0.167824
0.130662 0.33306 0.259519
0.174822 0.0926081 0.728385
0.106325 0.397295 0.505233
0.132827 0.275424 0.196879
0.149574 0.128278 0.674321
0.256718 0.270269 0.454675
0.231004 0.430115 0.822947
0.244825 0.236052 0.203737
0.173883 0.126055 0.496166
0.177957 0.231418 0.855489
0.166863 0.105289 0.0471255
0.158335 0.189746 0.384426
0.210767 0.0956434 0.888144
0.143877 0.430335 0.312819
0.277557 0.479758 0.193724
0.231405 0.426152 0.805164
0.182902 0.351745 0.17761
0.130419 0.210212 0.172716
0.172876 0.110437 0.898338
0.191632 0.439591 0.747358
0.161326 0.0424179 0.135693
0.162955 0.148038 0.530268
0.247593 0.362389 0.224934
0.21918 0.255434 0.251121
0.157053 0.105323 0.454424
0.217806 0.405058 0.172738
0.162659 0.368327 0.290211
0.210541 0.253148 0.881511
0.173285 0.457792 0.315466
0.17117 0.262826 0.875482
0.155332 0.105679 0.254254
0.15608 0.253338 0.831944
0.172043 0.47817 0.162812
0.207214 0.237538 0.891426
0.216849 0.158459 0.176535
0.16598 0.120887 0.638428
0.209682 0.323076 0.310439
0.192688 0.338648 0.275395
0.238263 0.317781 0.211541
0.217682 0.357875 0.479168
0.225038 0.485824 0.314393
0.220366 0.282081 0.766076
0.209829 0.423753 0.162586
0.158461 0.108608 0.882769
0.153731 0.202473 0.389588
0.14645 0.239462 0.726797
0.19515 0.176823 0.0954154
0.201944 0.277601 0.735439
0.116259 0.279119 0.482537
0.201891 0.12229 0.672018
0.176844 0.368207 0.292346
0.138898 0.392527 0.574939
0.157235 0.405112 0.548253
0.236759 0.279185 0.429092
0.127584 0.259692 0.554718
0.275978 0.452969 0.200474
0.19515 0.200193 0.240691
0.317612 0.479196 0.183953
0.177957 0.180699 0.832129
0.143273 0.281614 0.189312
0.206115 0.361681 0.769907
0.239822 0.142953 0.147222
0.136871 0.325547 0.631728
0.147688 0.142663 0.704953
0.211052 0.275047 0.143826
0.186392 0.443599 0.521904
0.0331483 0.485107 0.188756
0.140377 0.19153 0.67065
0.215627 0.26837 0.794043
0.162571 0.14983 0.52823
0.177957 0.168112 0.178296
0.230648 0.355346 0.726363
0.232606 0.393636 0.580819
0.206542 0.236369 0.364803
0.177957 0.174089 0.0845314
0.170905 0.168776 0.259594
0.205656 0.395699 0.860194
0.167155 0.199101 0.281687
0.146193 0.401235 0.180404
0.199324 0.252258 0.162352
0.177957 0.174844 0.223322
0.240477 0.338401 0.261611
0.12754 0.223658 0.194996
0.177957 0.158099 0.800378
0.160405 0.177356 0.281442
0.200147 0.33385 0.735656
0.156915 0.242718 0.228131
0.206867 0.460306 0.284344
0.232214 0.316667 0.674067
0.156924 0.430828 0.340146
0.123729 0.380392 0.494057
0.148725 0.230341 0.274971
0.22921 0.344871 0.448576
0.16701 0.12837 0.576962
0.19515 0.0732772 0.153742
0.1638 0.156456 0.798191
0.20491 0.374043 0.93378
0.222003 0.357913 0.463394
0.161066 0.192298 0.378716
0.218699 0.051979 0.166257
0.212426 0.0661608 0.84899
0.209276 0.352182 0.195279
0.19515 0.0987214 0.193336
0.169321 0.297609 0.331009
0.150318 0.119059 0.491345
0.138843 0.462918 0.171722
0.0749449 0.484567 0.24341
0.128477 0.346312 0.543829
0.218556 0.210279 0.877106
0.186554 0.478816 0.31086
0.157188 0.285379 0.384213
0.12336 0.371335 0.277419
0.182865 0.311578 0.719043
0.143422 0.175416 0.715387
0.215162 0.146969 0.398077
0.177957 0.131875 0.808585
0.177957 0.153068 0.189894
0.159695 0.262593 0.196838
0.226973 0.28306 0.127753
0.234922 0.213926 0.528993
0.124834 0.263578 0.55265
0.236247 0.435096 0.748071
0.212208 0.272389 0.180367
0.19515 0.123285 0.150611
0.146342 0.315603 0.464777
0.188413 0.206488 0.355242
0.280353 0.421556 0.431165
0.239302 0.43407 0.784391
0.236485 0.302593 0.578866
0.14921 0.214173 0.417758
0.135561 0.414119 0.745275
0.213154 0.0575439 0.218562
0.215642 0.241009 0.0891218
0.166546 0.0651814 0.867549
0.241611 0.206973 0.598728
0.1976 0.401575 0.603261
0.239933 0.402198 0.189919
0.185627 0.433204 0.198826
0.176629 0.033547 0.184347
0.177957 0.0722721 0.180714
0.16617 0.102592 0.538652
0.178999 0.0921831 0.416961
0.161268 0.283481 0.766586
0.247475 0.300129 0.220198
0.186779 0.301845 0.731639
0.147346 0.427483 0.717015
0.270423 0.398367 0.28345
0.216625 0.266444 0.817825
0.169679 0.178223 0.783237
0.146687 0.285029 0.650824
0.175717 0.133805 0.588905
0.143184 0.215231 0.75875
0.143724 0.257147 0.16805
0.203365 0.268836 0.266649
0.141243 0.217467 0.691273
0.241334 0.230237 0.587942
0.143485 0.402762 0.307387
0.150609 0.396093 0.428204
0.16838 0.520037 0.195696
0.172786 0.366012 0.954683
0.209902 0.256652 0.161665
0.231292 0.210816 0.718397
0.132247 0.261991 0.606653
0.136907 0.385555 0.685892
0.200435 0.069474 0.793395
0.200827 0.115486 0.865572
0.200301 0.0393282 0.198995
0.138989 0.292026 0.638243
0.212151 0.195179 0.27524
0.13841 0.456269 0.467663
0.160959 0.146023 0.532287
0.220115 0.190578 0.416652
0.193268 0.440854 0.310911
0.189809 0.303887 0.27484
0.196681 0.403417 0.629966
0.231095 0.399946 0.380985
0.210254 0.0825292 0.739693
0.212242 0.289805 0.177346
0.177957 0.16839 0.119028
0.162075 0.284595 0.732167
0.19515 0.101966 0.828531
0.14078 0.426225 0.823222
0.289562 0.412341 0.25302
0.113524 0.283969 0.509066
0.177957 0.137017 0.845055
0.19515 0.188862 0.180422
0.212185 0.145126 0.882962
0.205455 0.333567 0.940769
0.144777 0.34428 0.343452
0.212792 0.517079 0.19596
0.19515 0.237431 0.788982
0.227757 0.473636 0.30996
0.207307 0.264577 0.341172
0.14677 0.464584 0.420619
0.167457 0.239291 0.890699
0.201965 0.14656 0.296218
0.214235 0.259211 0.724039
0.304725 0.489808 0.190248
0.207591 0.108376 0.435928
0.163453 0.44151 0.271187
0.187223 0.0517319 0.740173
0.201788 0.0382667 0.772664
0.221292 0.39868 0.40253
0.227689 0.469127 0.300842
0.224762 0.380391 0.427689
0.140813 0.447936 0.827117
0.196881 0.167796 0.774112
0.232122 0.341395 0.36376
0.147466 0.247942 0.724792
0.142119 0.378393 0.720038
0.265885 0.379338 0.234678
0.199554 0.0834043 0.102834
0.180687 0.343588 0.768337
0.154429 0.247104 0.659945
0.177957 0.234474 0.760226
0.213049 0.0765168 0.0703402
0.213211 0.104816 0.576994
0.170813 0.572647 0.281148
0.0927515 0.427174 0.269458
0.149707 0.332815 0.206396
0.191645 0.123951 0.358129
0.234498 0.117057 0.561425
0.24201 0.225014 0.596104
0.203978 0.0545144 0.84181
0.224011 0.246395 0.696393
0.234121 0.323584 0.604656
0.12638 0.407926 0.378651
0.188908 0.291203 0.687875
0.199388 0.0625205 0.257756
0.189319 0.154721 0.0256148
0.226669 0.176035 0.54128
0.23931 0.304894 0.493725
0.226888 0.421296 0.706429
0.177957 0.107313 0.128411
0.188244 0.235377 0.279256
0.227085 0.435311 0.272756
0.217266 0.0685931 0.809553
0.249495 0.452299 0.403134
0.19515 0.133422 0.10267
0.240204 0.426323 0.24444
0.161878 0.491864 0.322445
0.150551 0.126371 0.6952
0.218899 0.328553 0.710651
0.177957 0.157113 0.117188
0.150628 0.367375 0.751521
0.207196 0.277151 0.708903
0.12939 0.297868 0.427444
0.239665 0.407266 0.308036
0.135071 0.23014 0.170671
0.163498 0.291766 0.346928
0.211016 0.0487488 0.114342
0.162557 0.237674 0.261329
0.149121 0.409609 0.836435
0.25191 0.255334 0.505307
0.19515 0.106282 0.724669
0.241633 0.34845 0.559688
0.156842 0.103604 0.876232
0.146136 0.222323 0.440888
0.134294 0.347385 0.573432
0.237505 0.261275 0.617876
0.226308 0.171123 0.781084
0.236342 0.328821 0.646704
0.0956161 0.41886 0.427735
0.18079 0.167579 0.0299804
0.137011 0.285928 0.625214
0.189441 0.231333 0.0577229
0.274403 0.475601 0.20155
0.157562 0.368552 0.289591
0.212948 0.241771 0.120459
0.218121 0.299947 0.361744
0.18348 0.310317 0.96992
0.210919 0.080327 0.227582
0.19515 0.190867 0.7356
0.221871 0.327243 0.708345
0.148666 0.180145 0.523937
0.215852 0.35592 0.486203
0.163331 0.415572 0.539947
0.23308 0.326194 0.38178
0.283733 0.46743 0.342007
0.200412 0.0997784 0.567539
0.233256 0.183161 0.632256
0.164296 0.391812 0.348845
0.186554 0.453415 0.278628
0.15991 0.147897 0.617842
0.166542 0.231949 0.102759
0.191336 0.121929 0.400675
0.135476 0.178568 0.594644
0.13985 0.358444 0.722999
0.19515 0.162466 0.142896
0.125633 0.30957 0.224236
0.138689 0.221048 0.493172
0.303912 0.448251 0.23695
0.143992 0.15789 0.70934
0.174803 0.279379 0.704089
0.21012 0.182766 0.663419
0.19515 0.216273 0.774903
0.153433 0.126901 0.561922
0.159247 0.163812 0.494073
0.147797 0.286434 0.408181
0.19515 0.166152 0.177883
0.242856 0.345099 0.224484
0.177957 0.183435 0.229639
0.224431 0.138457 0.696776
0.176199 0.0978647 0.568266
0.189072 0.340574 0.770341
0.136847 0.180627 0.578431
0.212921 0.136723 0.411892
0.21521 0.42801 0.185401
0.159957 0.144684 0.581985
0.203629 0.255034 0.355166
0.140929 0.319525 0.207968
0.218513 0.433211 0.242005
0.226809 0.224991 0.746509
0.240126 0.483813 0.324777
0.168989 0.0812971 0.7493
0.19515 0.227288 0.801771
0.164106 0.322877 0.2648
0.167057 0.417192 0.161232
0.149327 0.42795 0.717347
0.138829 0.328469 0.683001
0.19515 0.219232 0.811901
0.176568 0.269468 0.653517
0.128874 0.204923 0.173128
0.222021 0.148792 0.589956
0.147436 0.386934 0.771696
0.220426 0.233822 0.427523
0.15552 0.396878 0.819791
0.198326 0.0627847 0.258425
0.136456 0.265674 0.237222
0.138322 0.239541 0.843071
0.253493 0.293151 0.503184
0.205911 0.504907 0.182424
0.142789 0.203801 0.491197
0.241029 0.415425 0.371105
0.196406 0.22343 0.0925819
0.159985 0.0377592 0.168663
0.0840665 0.463157 0.219278
0.13061 0.248399 0.580546
0.212101 0.28637 0.139836
0.169777 0.336067 0.939018
0.211173 0.193451 0.376939
0.173657 0.102745 0.895151
0.235214 0.404666 0.358404
0.19515 0.148882 0.857146
0.153728 0.364301 0.749129
0.187623 0.0413253 0.765284
0.1814 0.288825 0.304719
0.167735 0.412414 0.546366
0.211709 0.333329 0.268411
0.221398 0.215831 0.43504
0.24359 0.242729 0.51376
0.16702 0.103289 0.628301
0.146929 0.437144 0.509764
0.136857 0.178252 0.638659
0.177957 0.0738098 0.154403
0.232818 0.19576 0.526674
0.155445 0.171905 0.269643
0.233931 0.313618 0.582785
0.145996 0.331461 0.501765
0.205738 0.157076 0.177147
0.148353 0.444807 0.774754
0.177957 0.217558 0.851214
0.158352 0.0766096 0.716572
0.171243 0.12728 0.478494
0.16253 0.441587 0.312487
0.206739 0.234899 0.274306
0.204543 0.192071 0.698187
0.166806 0.289041 0.812226
0.231367 0.210481 0.715677
0.217222 0.106424 0.568965
0.130801 0.35024 0.225614
0.199164 0.444674 0.875772
0.230461 0.113435 0.60175
0.2026 0.419969 0.698359
0.229343 0.277754 0.176512
0.20785 0.195242 0.698016
0.183425 0.382569 0.899247
0.185945 0.0489576 0.223392
0.150301 0.221321 0.400346
0.218728 0.174639 0.457276
0.161333 0.292129 0.788201
0.180267 0.273827 0.309591
0.158321 0.384325 0.396018
0.234792 0.306149 0.250416
0.203442 0.481449 0.32436
0.169481 0.221139 0.0532869
0.209739 0.285134 0.261568
0.231915 0.436539 0.867997
0.138072 0.204707 0.538061
0.168583 0.397932 0.563682
0.19515 0.207917 0.100846
0.161153 0.0400628 0.182577
0.165109 0.268035 0.349796
0.161749 0.271298 0.733981
0.238751 0.379919 0.65907
0.154312 0.467582 0.166927
0.125628 0.291422 0.558172
0.177957 0.127072 0.719435
0.305277 0.43325 0.232642
0.177957 0.149717 0.0714284
0.177957 0.187588 0.738606
0.184663 0.476029 0.365325
0.183253 0.490582 0.16359
0.276032 0.40247 0.467788
0.19515 0.15224 0.800656
0.139417 0.422047 0.79035
0.167238 0.373599 0.790596
0.191928 0.253469 0.248328
0.13496 0.320525 0.395931
0.211825 0.105066 0.614918
0.281916 0.517444 0.247595
0.216626 0.157117 0.39195
0.21362 0.249656 0.657019
0.177957 0.127978 0.229526
0.144816 0.453246 0.482921
0.246374 0.263463 0.209559
0.19515 0.132161 0.786278
0.211558 0.192162 0.695067
0.159195 0.158484 0.524583
0.19515 0.15911 0.0753785
0.197768 0.176996 0.780322
0.200347 0.1428 0.0308023
0.229695 0.157047 0.141901
0.182067 0.0958175 0.626332
0.224101 0.377412 0.453298
0.148419 0.299061 0.673011
0.175341 0.371829 0.805244
0.217888 0.229248 0.867736
0.185577 0.402612 0.596968
0.156864 0.247386 0.729799
0.215042 0.0688748 0.122266
0.231023 0.112092 0.582729
0.236994 0.297167 0.636679
0.129544 0.442583 0.383907
0.142748 0.364066 0.737975
0.266093 0.474624 0.18724
0.240717 0.44301 0.796751
0.134191 0.501139 0.191054
0.186554 0.445284 0.286298
0.203538 0.292634 0.174679
0.10695 0.416566 0.516522
0.164153 0.367331 0.938721
0.294965 0.434908 0.222709
0.225539 0.156964 0.763832
0.156757 0.170332 0.440359
0.173529 0.165586 0.921194
0.119998 0.440477 0.481329
0.116614 0.38383 0.294568
0.177957 0.093265 0.109317
0.211653 0.200419 0.250248
0.178184 0.294581 0.160474
0.160975 0.262863 0.260725
0.103428 0.473095 0.340839
0.176903 0.127443 0.543825
0.247227 0.322174 0.523221
0.182154 0.313335 0.174458
0.195333 0.467144 0.284757
0.20863 0.102684 0.599792
0.102282 0.402077 0.448281
0.177957 0.168988 0.102447
0.177414 0.500584 0.304527
0.127934 0.214753 0.193746
0.187227 0.270493 0.657415
0.145577 0.415718 0.836693
0.138497 0.290982 0.423041
0.210488 0.100741 0.0525084
0.237279 0.220902 0.550762
0.196058 0.378038 0.933489
0.245118 0.361046 0.249551
0.156133 0.197547 0.886756
0.215749 0.128842 0.600443
0.168987 0.0829948 0.886966
0.164523 0.362416 0.765911
0.19515 0.237277 0.188546
0.15617 0.230144 0.0789714
0.160529 0.287168 0.370386
0.129433 0.276195 0.585361
0.201049 0.293667 0.67831
0.223972 0.418154 0.174413
0.177129 0.24753 0.752244
0.1644 0.120661 0.672693
0.117551 0.297121 0.539118
0.155473 0.0808841 0.0888306
0.19515 0.129247 0.0898176
0.145872 0.190766 0.492646
0.238653 0.320199 0.660393
0.231093 0.39263 0.553189
0.19515 0.161791 0.181647
0.185867 0.40051 0.946251
0.154215 0.163991 0.161837
0.259068 0.474741 0.184514
0.258277 0.288561 0.527247
0.177957 0.123715 0.193516
0.220807 0.288196 0.186791
0.120643 0.368688 0.246409
0.138625 0.336549 0.692459
0.270645 0.428969 0.22419
0.196933 0.116462 0.900835
0.190033 0.245238 0.687034
0.147705 0.287853 0.404964
0.269394 0.452439 0.195765
0.186554 0.395402 0.953333
0.125184 0.265576 0.559456
0.228013 0.400096 0.419196
0.136918 0.255718 0.181756
0.238533 0.458439 0.414801
0.19515 0.0919666 0.806495
0.153946 0.107987 0.489093
0.19515 0.143262 0.253654
0.328549 0.470222 0.187044
0.217863 0.17266 0.465801
0.213534 0.319374 0.332526
0.105567 0.468982 0.33736
0.173023 0.299056 0.766202
0.228437 0.214465 0.745235
0.222407 0.420096 0.172808
0.229243 0.221367 0.759773
0.149579 0.152934 0.801864
0.195059 0.251206 0.273135
0.168813 0.152035 0.298601
0.154062 0.147059 0.554822
0.197042 0.0964656 0.413043
0.215378 0.189049 0.388009
0.227309 0.229836 0.274751
0.16417 0.177881 0.884938
0.200208 0.0672202 0.182324
0.211168 0.268496 0.725987
0.152648 0.388971 0.3021
0.135085 0.345413 0.379291
0.177957 0.0897235 0.155366
0.161778 0.31142 0.259466
0.12904 0.344969 0.225273
0.227598 0.436863 0.50957
0.192904 0.302963 0.750385
0.186533 0.0415613 0.764714
0.203003 0.137108 0.605867
0.179411 0.251574 0.885609
0.198749 0.567235 0.263483
0.112465 0.274951 0.524349
0.164517 0.211713 0.367263
0.204188 0.0481054 0.826345
0.187765 0.105028 0.379856
0.247441 0.144342 0.154816
0.182126 0.216337 0.290684
0.243092 0.239059 0.601266
0.177957 0.109244 0.752361
0.177957 0.155844 0.837997
0.141243 0.207132 0.679843
0.125633 0.310734 0.246771
0.159333 0.170895 0.685256
0.125633 0.325643 0.253587
0.177957 0.208636 0.141486
0.141364 0.193603 0.702257
0.16871 0.396262 0.579427
0.193194 0.302939 0.272502
0.101495 0.516505 0.232411
0.146722 0.461489 0.39276
0.167864 0.151387 0.358599
0.228484 0.340633 0.350943
0.165612 0.479533 0.296033
0.187665 0.444007 0.893959
0.250255 0.290761 0.551668
0.0920139 0.420308 0.216631
0.177957 0.219495 0.162261
0.147573 0.149876 0.627496
0.231865 0.218929 0.671793
0.232994 0.190868 0.537228
0.206651 0.087404 0.0549081
0.210071 0.251266 0.88359
0.20656 0.0623252 0.860657
0.238006 0.389074 0.680021
0.177957 0.21013 0.787261
0.244047 0.352818 0.247464
0.205019 0.248038 0.831607
0.161446 0.165693 0.289479
0.21167 0.257235 0.164216
0.168396 0.398805 0.874701
0.22029 0.320982 0.26078
0.15925 0.290842 0.760453
0.243126 0.326253 0.404121
0.224321 0.437777 0.168402
0.312413 0.4738 0.187806
0.19515 0.144395 0.189214
0.136108 0.486772 0.314875
0.229498 0.223316 0.238689
0.248871 0.293078 0.553575
0.13284 0.363896 0.582511
0.151548 0.468064 0.455681
0.155057 0.358247 0.477755
0.222855 0.182139 0.485961
0.187823 0.451065 0.312866
0.196802 0.223681 0.285851
0.266071 0.424725 0.302622
0.177957 0.153822 0.840346
0.207987 0.404998 0.924101
0.239838 0.37548 0.491196
0.177957 0.0973144 0.104061
0.147502 0.242485 0.757846
0.177957 0.148551 0.701854
0.137302 0.17755 0.647603
0.13049 0.398955 0.542392
0.158807 0.143501 0.677072
0.235175 0.177226 0.612744
0.20225 0.100152 0.544066
0.203328 0.157908 0.0257719
0.234554 0.310769 0.577523
0.229126 0.220625 0.729088
0.178074 0.345185 0.955487
0.163374 0.0420649 0.808852
0.174627 0.0949972 0.431594
0.149848 0.109981 0.504472
0.226972 0.223354 0.466688
0.247472 0.378346 0.537012
0.1343 0.33772 0.388706
0.177957 0.177376 0.73916
0.20674 0.150263 0.914844
0.221924 0.220344 0.440616
0.285234 0.406195 0.230087
0.218312 0.246201 0.125702
0.216255 0.248247 0.111724
0.135398 0.45689 0.397009
0.200303 0.0963851 0.445574
0.185307 0.344169 0.931839
0.180743 0.0962315 0.600313
0.210432 0.360535 0.191842
0.19515 0.135075 0.830622
0.125997 0.367787 0.257147
0.21832 0.214666 0.0761796
0.142978 0.16025 0.61037
0.196856 0.285649 0.15859
0.206204 0.354148 0.303254
0.134808 0.361626 0.591004
0.230855 0.426486 0.851635
0.178935 0.139886 0.0320702
0.125985 0.210202 0.182153
0.233404 0.400474 0.741481
0.214615 0.142169 0.584771
0.174614 0.138654 0.701141
0.312831 0.481204 0.189665
0.167552 0.329751 0.942987
0.196999 0.389061 0.898111
0.123467 0.507352 0.200004
0.177957 0.171941 0.0824703
0.145895 0.447011 0.498481
0.170587 0.184058 0.37618
0.125633 0.285315 0.225936
0.150781 0.181962 0.454402
0.141716 0.337804 0.444864
0.171411 0.083861 0.268935
0.164494 0.377954 0.298295
0.181052 0.366063 0.166443
0.189923 0.146562 0.0291653
0.160248 0.0645962 0.795077
0.165433 0.102718 0.582435
0.198802 0.168002 0.655025
0.17003 0.301725 0.686408
0.180361 0.0388947 0.771149
0.177553 0.0448747 0.213048
0.1463 0.157093 0.734898
0.158525 0.150274 0.543828
0.244627 0.163109 0.176806
0.180395 0.263989 0.221672
0.178247 0.444284 0.883185
0.141243 0.225803 0.678288
0.15851 0.469202 0.320371
0.257006 0.287514 0.502755
0.164816 0.359839 0.925422
0.177957 0.193732 0.798473
0.130194 0.145727 0.151091
0.159115 0.254303 0.669207
0.134062 0.401581 0.398358
0.235669 0.214822 0.5221
0.224895 0.310272 0.686345
0.156977 0.186665 0.057801
0.212033 0.277045 0.71704
0.27429 0.427936 0.248234
0.228032 0.167951 0.563094
0.135979 0.47973 0.307581
0.207074 0.100058 0.894037
0.203108 0.232679 0.0583086
0.200291 0.378326 0.316839
0.138385 0.368019 0.661156
0.158209 0.384604 0.397554
0.156015 0.156415 0.38669
0.288442 0.516029 0.254887
0.156585 0.259925 0.68659
0.159693 0.0915044 0.879099
0.153033 0.287857 0.176057
0.148729 0.185636 0.470617
0.156608 0.353245 0.490231
0.242052 0.280195 0.607964
0.249732 0.448626 0.468663
0.204587 0.0450434 0.111909
0.172254 0.435795 0.247456
0.197946 0.244134 0.361282
0.233768 0.175327 0.668791
0.195549 0.385785 0.900161
0.245691 0.331874 0.406989
0.16722 0.243408 0.731512
0.163168 0.149438 0.0596201
0.196594 0.446985 0.152856
0.177957 0.170781 0.153438
0.241805 0.391542 0.623916
0.19515 0.135774 0.722753
0.190744 0.0905539 0.890099
0.19515 0.122921 0.725473
0.13723 0.286732 0.243178
0.202331 0.0977799 0.893093
0.179256 0.340376 0.759866
0.135425 0.460855 0.433724
0.181532 0.183637 0.036968
0.148292 0.126982 0.58048
0.126471 0.464658 0.176997
0.156997 0.405755 0.856703
0.1357 0.370076 0.624466
0.207025 0.454716 0.86091
0.162633 0.347705 0.737376
0.169706 0.137273 0.50262
0.210395 0.296796 0.792218
0.213886 0.395384 0.38003
0.210162 0.475378 0.321665
0.19515 0.236096 0.135685
0.177957 0.148592 0.086398
0.177957 0.224607 0.162063
0.299071 0.44201 0.226372
0.182182 0.338118 0.282735
0.206346 0.427471 0.911043
0.175178 0.233493 0.71832
0.0877442 0.482974 0.347148
0.19515 0.128187 0.857701
0.23333 0.255188 0.427899
0.19515 0.117729 0.86139
0.170028 0.207014 0.904076
0.210543 0.286323 0.764822
0.212708 0.109564 0.249725
0.177059 0.256922 0.883393
0.145493 0.516753 0.200744
0.215685 0.0531029 0.779559
0.281766 0.429394 0.227421
0.196012 0.20477 0.707284
0.252527 0.423568 0.386563
0.144061 0.155971 0.706787
0.220064 0.108915 0.757755
0.20525 0.19645 0.908454
0.296303 0.473144 0.189869
0.242133 0.215478 0.600613
0.204194 0.4253 0.923185
0.200562 0.282715 0.101307
0.158324 0.0691643 0.840571
0.239621 0.293054 0.589227
0.231843 0.424948 0.833966
0.163128 0.251035 0.829857
0.229343 0.247257 0.157066
0.228694 0.28157 0.11686
0.16497 0.125075 0.489794
