0.435025 0.172913 0.278658
0.238978 0.201363 0.378215
0.900591 0.230258 0.193872
0.42705 0.173151 0.175516
0.685003 0.176805 0.164285
0.963312 0.254365 0.137191
0.768001 0.198107 0.293054
0.45975 0.176249 0.238994
0.164651 0.120842 0.199582
0.258235 0.220881 0.486945
0.359714 0.186211 0.196851
0.411382 0.183072 0.279242
0.383899 0.163212 0.167663
0.78321 0.228752 0.260961
0.385913 0.169577 0.263447
0.295498 0.237638 0.259118
0.269659 0.104784 0.501488
0.896557 0.15422 0.227632
0.319825 0.190212 0.285305
0.72842 0.255124 0.281979
0.365094 0.217533 0.36275
0.59018 0.235077 0.273487
0.904577 0.154892 0.21905
0.400846 0.211192 0.11151
0.367362 0.202531 0.199484
0.85211 0.232272 0.161207
0.251174 0.156177 0.13635
0.291608 0.264655 0.187265
0.0307704 0.188067 0.224772
0.831173 0.184155 0.248355
0.363217 0.189029 0.219494
0.584295 0.250233 0.111582
0.743216 0.188947 0.171146
0.278373 0.1965 0.145497
0.599176 0.11483 0.27007
0.249361 0.213214 0.167729
0.236508 0.226651 0.296856
0.462921 0.198292 0.248633
0.74812 0.223098 0.214765
0.612607 0.22693 0.147292
0.578459 0.168333 0.314082
0.413818 0.203086 0.240533
0.414488 0.186082 0.157916
0.729209 0.226412 0.256057
0.248942 0.16192 0.375783
0.776783 0.195291 0.128809
0.110405 0.213656 0.241374
0.289644 0.193099 0.346421
0.334118 0.0659503 0.484175
0.465293 0.184967 0.17037
0.740192 0.183369 0.294328
0.89252 0.13896 0.234049
0.444964 0.192058 0.329976
0.738369 0.154201 0.288871
0.618172 0.196328 0.189914
0.825782 0.165418 0.168859
0.900872 0.120728 0.242711
0.256136 0.150045 0.493522
0.804425 0.190369 0.123156
0.297762 0.110639 0.127256
0.369338 0.181747 0.220256
0.269591 0.145364 0.544324
0.837762 0.136039 0.225449
0.596355 0.182487 0.312117
0.275316 0.20115 0.0884526
0.358691 0.201076 0.227309
0.77193 0.194685 0.157348
0.460007 0.230701 0.326075
0.364043 0.170231 0.175565
0.233461 0.183366 0.396433
0.921946 0.106687 0.17098
0.219803 0.178441 0.136531
0.48122 0.191467 0.207678
0.715425 0.188757 0.21361
0.635034 0.16278 0.118924
0.607528 0.23385 0.149816
0.745312 0.17322 0.292628
0.258748 0.191028 0.218671
0.481128 0.198468 0.203648
0.919199 0.244685 0.184431
0.544375 0.179963 0.320299
0.352373 0.154277 0.120618
0.879574 0.274317 0.147483
0.591177 0.177106 0.284206
0.179442 0.170486 0.188539
0.745036 0.196002 0.124729
0.484524 0.180467 0.24034
0.761251 0.054662 0.211035
0.504198 0.149097 0.322008
0.209836 0.249453 0.340642
0.736504 0.139236 0.277143
0.465596 0.194897 0.204183
0.87833 0.200093 0.220461
0.375628 0.18659 0.154439
0.279232 0.228569 0.355283
0.831066 0.176931 0.175843
0.58681 0.143828 0.21522
0.700802 0.215914 0.26768
0.395657 0.089689 0.108212
0.782151 0.206887 0.239564
0.173057 0.154063 0.0457567
0.245788 0.103212 0.397567
0.464085 0.18731 0.159981
0.433167 0.206682 0.179344
0.76488 0.191868 0.201547
0.448721 0.181626 0.356212
0.852919 0.0949583 0.263239
0.635682 0.150821 0.220015
0.742146 0.132687 0.205103
0.378472 0.184683 0.389681
0.355549 0.122821 0.153417
0.860636 0.153262 0.263504
0.0728994 0.185744 0.173361
0.885106 0.152307 0.207733
0.39826 0.115535 0.107596
0.879158 0.0864689 0.150081
0.752279 0.177473  0.025
0.438674 0.174316 0.190358
0.385063 0.179672 0.110139
0.359127 0.201558 0.282391
0.455397 0.18687 0.206735
0.213353 0.118278 0.263554
0.370552 0.198264 0.373397
0.4731 0.189077 0.23387
0.37279 0.19015 0.151817
0.257369 0.148224 0.498126
0.387945 0.181331 0.277305
0.340092 0.136985 0.104994
0.486354 0.149106 0.217641
0.421586 0.2619 0.105959
0.209869 0.21166 0.209283
0.85326 0.214209 0.236429
0.487346 0.211546 0.33049
0.380677 0.146211 0.369619
0.587362 0.111715 0.242983
0.55522 0.135751 0.10451
0.347601 0.13581 0.192143
0.382343 0.19072 0.172486
0.4841 0.200198 0.19599
0.806567 0.220038 0.198643
0.454063 0.192297 0.26528
0.664448 0.159233 0.260494
0.687243 0.133755 0.159767
0.344122 0.205382 0.357811
0.869198 0.0928409 0.117854
0.49628 0.175572 0.223635
0.477938 0.189913 0.203383
0.695791 0.250823 0.162747
0.392941 0.196411 0.235047
0.244612 0.146207 0.398729
0.318052 0.180093 0.285586
0.287704 0.255481 0.195888
0.411703 0.0833719 0.108051
0.838735 0.127009 0.24946
0.794763 0.135718 0.250374
0.381002 0.259997 0.114594
0.489268 0.161568 0.249375
0.382494 0.19651 0.210054
0.677117 0.199642 0.267669
0.377268 0.192312 0.137652
0.850236 0.219382 0.210357
0.291132 0.09214 0.218417
0.8193 0.220056 0.225909
0.458917 0.182549 0.179608
0.873426 0.130132 0.194342
0.507098 0.182171 0.145997
0.633348 0.217759 0.136432
0.731918 0.162506 0.167394
0.27337 0.168303 0.182562
0.754216 0.182115 0.293017
0.689485 0.148249 0.26958
0.782621 0.19785 0.0310796
0.247372 0.164668 0.454448
0.460197 0.151258 0.238823
0.14686 0.164994 0.156579
0.619763 0.20769 0.231156
0.256675 0.197168 0.211776
0.323603 0.193638 0.332413
0.222054 0.213653 0.203305
0.840174 0.145815 0.217889
0.145102 0.170905 0.166913
0.482238 0.158363 0.245283
0.498786 0.184041 0.233503
0.734133 0.128894 0.107079
0.474328 0.164068 0.233398
0.206163 0.126137 0.239452
0.846446 0.204473 0.257338
0.366127 0.193427 0.363807
0.632282 0.117427 0.247413
0.802922 0.166313 0.128853
0.428997 0.273204 0.104127
0.756662 0.190807 0.0688198
0.388661 0.0820829 0.109699
0.849145 0.199114 0.0732669
0.206799 0.211282 0.319789
0.206828 0.202427 0.215673
0.757861 0.164927 0.19622
0.681844 0.22005 0.201458
0.249353 0.210793 0.426289
0.37001 0.149116 0.253989
0.742987 0.213433 0.278604
0.0453625 0.198525 0.095987
0.451509 0.197311 0.105745
0.610767 0.196328 0.155062
0.130421 0.219315 0.13584
0.371453 0.131576 0.103083
0.891901 0.275823 0.147691
0.75235 0.17662 0.0694187
0.513991 0.180699 0.283926
0.737238 0.0855736 0.281158
0.758016 0.128178 0.259939
0.239129 0.168869 0.321625
0.260087 0.183755 0.342415
0.12115 0.193888 0.277328
0.10254 0.211668 0.23667
0.459933 0.184881 0.156143
0.460605 0.164981 0.259015
0.702657 0.177065 0.12434
0.378858 0.213973 0.201778
0.88828 0.124244 0.127996
0.847791 0.219962 0.226222
0.388386 0.15852 0.195551
0.760409 0.195039 0.159245
0.28582 0.164621 0.348081
0.763385 0.141661 0.277882
0.388291 0.195864 0.291156
0.475607 0.211829 0.282463
0.529249 0.132512 0.131386
0.488171 0.156799 0.249796
0.630852 0.174411 0.1527
0.519675 0.17616 0.28565
0.602168 0.244971 0.120872
0.357644 0.198485 0.25509
0.614514 0.159452 0.184276
0.374965 0.19874 0.149618
0.392237 0.18227 0.23349
0.220243 0.166577 0.344568
0.733535 0.22201 0.181915
0.819207 0.211103 0.0666905
0.404059 0.161106 0.296466
0.145929 0.233408 0.163031
0.481354 0.20994 0.0917183
0.594829 0.22046 0.254136
0.267074 0.207966 0.0825436
0.206566 0.141335 0.362933
0.444694 0.220391 0.0908658
0.402555 0.164691 0.184804
0.193258 0.171904 0.15443
0.21052 0.174056 0.399559
0.796564 0.220055 0.237525
0.913903 0.276743 0.151692
0.0693255 0.187185 0.122791
0.769754 0.133752 0.220834
0.84615 0.297246 0.219468
0.810281 0.0859925 0.146815
0.363529 0.164652 0.214242
0.856752 0.200391 0.24929
0.763411 0.0931071 0.125623
0.883063 0.126069 0.138634
0.422128 0.159736 0.365233
0.204113 0.132826 0.33481
0.482155 0.155484 0.21411
0.897609 0.128798 0.115519
0.627723 0.161383 0.258387
0.440811 0.20756 0.139901
0.245197 0.246327 0.406011
0.0627485 0.165434 0.256546
0.796625 0.158037 0.285286
0.263539 0.23908 0.496927
0.478628 0.173957 0.210036
0.355655 0.212559 0.192928
0.51609 0.178384 0.0960315
0.772596 0.196002 0.127436
0.727966 0.132492 0.206438
0.590587 0.212923 0.298298
0.387207 0.185299 0.238474
0.911867 0.258325 0.249889
0.858562 0.224062 0.23385
0.77889 0.130925 0.168954
0.135277 0.209908 0.141256
0.200576 0.212697 0.239104
0.754603 0.268429 0.14684
0.757973 0.131836 0.240004
0.296731 0.215875 0.274642
0.391955 0.169425 0.0956617
0.377066 0.202743 0.238995
0.159457 0.156328 0.0368393
0.738685 0.220057 0.246546
0.0952787 0.146587 0.256155
0.512723 0.202863 0.105229
0.711438 0.211618 0.0566976
0.131629 0.164994 0.142308
0.112787 0.184578 0.258036
0.616749 0.244064 0.177919
0.363058 0.136987 0.100766
0.491682 0.171663 0.221309
0.632367 0.166848 0.130032
0.0345278 0.189955 0.186119
0.362891 0.187767 0.307609
0.698214 0.181536 0.0933333
0.677451 0.166578 0.130693
0.598399 0.244064 0.217777
0.253546 0.145738 0.47962
0.772068 0.13375 0.222595
0.288696 0.107327 0.264035
0.723259 0.163116 0.171763
0.386291 0.191966 0.204656
0.651624 0.145008 0.128992
0.277486 0.197966 0.0926755
0.88249 0.204098 0.201511
0.351136 0.153943 0.12704
0.691421 0.19374 0.28083
0.107715 0.170323 0.192554
0.459188 0.145204 0.0908103
0.580098 0.174575 0.249593
0.665649 0.181118 0.26457
0.381357 0.168273 0.235113
0.569226 0.196328 0.201932
0.259909 0.192402 0.508741
0.13402 0.165957 0.14963
0.386488 0.221844 0.285498
0.927323 0.225351 0.123729
0.807201 0.220034 0.178546
0.837909 0.220059 0.209101
0.362928 0.173026 0.395127
0.361755 0.198348 0.251146
0.520048 0.168222 0.324413
0.457934 0.193571 0.204592
0.758081 0.205218 0.289862
0.241945 0.1998 0.320185
0.858378 0.263248 0.129208
0.878297 0.191747 0.169735
0.526069 0.213561 0.110261
0.776557 0.21321 0.280784
0.232213 0.11095 0.319187
0.611832 0.178438 0.132306
0.546312 0.176857 0.106661
0.719118 0.169011 0.113424
0.726949 0.166868 0.270746
0.390433 0.133663 0.194923
0.250076 0.160848 0.461085
0.334966 0.147015 0.34451
0.703189 0.220026 0.140677
0.728013 0.165159 0.292428
0.563256 0.254259 0.108094
0.322222 0.296339 0.439619
0.442694 0.193547 0.291961
0.656758 0.206493 0.256506
0.581453 0.142398 0.296149
0.592755 0.15228 0.307499
0.64554 0.244887 0.257344
0.684373 0.207188 0.165675
0.780364 0.188366 0.290842
0.486593 0.155548 0.206979
0.719134 0.210409 0.241999
0.730449 0.298636 0.185351
0.710295 0.13572 0.243691
0.733805 0.239578 0.097708
0.617682 0.126656 0.146634
0.105976 0.149439 0.261106
0.722838 0.166208 0.113772
0.242403 0.172811 0.38806
0.413205 0.23736 0.312836
0.245259 0.231114 0.422738
0.73064 0.174519 0.146045
0.209643 0.186523 0.183831
0.353342 0.210462 0.361662
0.78448 0.13575 0.198491
0.673166 0.102661 0.125656
0.11462 0.16371 0.278971
0.278003 0.158571 0.111946
0.634846 0.244064 0.180257
0.634191 0.159452 0.177314
0.867835 0.227901 0.112759
0.618108 0.159811 0.215791
0.779451 0.166374 0.152736
0.640642 0.19702 0.190789
0.643919 0.195093 0.176048
0.754556 0.0546165 0.226348
0.0811901 0.17977 0.0426885
0.269725 0.20389 0.109008
0.369396 0.201132 0.194825
0.350509 0.209266 0.246529
0.465035 0.159697 0.11723
0.405661 0.175366 0.147428
0.342898 0.193116 0.28165
0.402996 0.13397 0.186232
0.11201 0.149602 0.266787
0.23172 0.166197 0.246876
0.250196 0.175715 0.195996
0.354788 0.152309 0.237747
0.375633 0.133873 0.0977547
0.679131 0.0775889 0.265045
0.256236 0.205849 0.493925
0.806402 0.10124 0.103912
0.780094 0.1552 0.267134
0.803378 0.286236 0.267475
0.795627 0.222023 0.198044
0.81887 0.12006 0.157871
0.890213 0.274131 0.235958
0.847808 0.297029 0.219287
0.459178 0.16112 0.239214
0.776369 0.0547826 0.207946
0.362591 0.168921 0.311724
0.863235 0.0954711 0.112425
0.746501 0.178226 0.109935
0.838238 0.224485 0.219984
0.879214 0.165082 0.134515
0.165419 0.159215 0.254332
0.815074 0.198242 0.207796
0.369102 0.150283 0.248317
0.720564 0.286875 0.274092
0.490158 0.142515 0.328021
0.405877 0.137806 0.128036
0.720912 0.222018 0.193312
0.35174 0.166708 0.19818
0.786807 0.219289 0.260328
0.0997722 0.194486 0.271514
0.897045 0.234527 0.108188
0.363445 0.169935 0.192776
0.398156 0.166238 0.160508
0.442793 0.17597 0.201104
0.459564 0.196502 0.100826
0.386315 0.194745 0.374623
0.896092 0.292228 0.18119
0.563573 0.114825 0.118199
0.128912 0.195027 0.0611339
0.395003 0.239118 0.322648
0.260674 0.144385 0.108591
0.310511 0.207912 0.237777
0.660362 0.150159 0.0838321
0.752202 0.132125 0.237918
0.360994 0.118573 0.310805
0.57821 0.212162 0.252622
0.461071 0.180175 0.125441
0.726736 0.222004 0.14284
0.399691 0.117461 0.318621
0.379174 0.170259 0.241641
0.501144 0.196275 0.146243
0.807332 0.194882 0.282879
0.886519 0.21127 0.154469
0.50967 0.172359 0.330178
0.783358 0.165689 0.104197
0.3802 0.158045 0.138661
0.596831 0.159452 0.238462
0.733917 0.165689 0.174405
0.0314763 0.174052 0.227338
0.652696 0.138689 0.221493
0.830164 0.227429 0.164874
0.743086 0.220006 0.165015
0.385262 0.13349 0.0965804
0.541794 0.196584 0.117669
0.169926 0.211659 0.230977
0.390954 0.187532 0.234404
0.843346 0.133733 0.204321
0.385601 0.174764 0.253998
0.79748 0.231595 0.26566
0.670854 0.222041 0.206256
0.847997 0.220065 0.201155
0.274526 0.143433 0.564681
0.950386 0.257023 0.140175
0.482787 0.162819 0.241007
0.610789 0.158471 0.165403
0.312665 0.219067 0.250233
0.347692 0.212466 0.130062
0.219571 0.178236 0.133646
0.371444 0.133584 0.145357
0.3873 0.17252 0.172847
0.33478 0.0653674 0.498307
0.492091 0.182171 0.116805
0.49552 0.208464 0.327031
0.296153 0.1502 0.390797
0.624331 0.2392 0.145772
0.263775 0.137394 0.513221
0.700955 0.0854222 0.278973
0.647906 0.111715 0.220856
0.252184 0.168583 0.0958825
0.491721 0.175241 0.225359
0.383286 0.186642 0.155387
0.858967 0.144693 0.134368
0.602685 0.240502 0.164657
0.477766 0.117062 0.0956909
0.867419 0.128745 0.168181
0.855113 0.211508 0.175739
0.471121 0.193571 0.22379
0.346074 0.166861 0.245747
0.673913 0.140831 0.262157
0.716635 0.133757 0.201778
0.23095 0.177354 0.325785
0.162104 0.190786 0.137729
0.475683 0.195455 0.22066
0.446588 0.161086 0.159631
0.655574 0.219907 0.219887
0.893095 0.181707 0.258881
0.326531 0.17236 0.247955
0.712182 0.185493 0.17229
0.776671 0.12644 0.263331
0.732035 0.129443 0.255715
0.623951 0.148591 0.199728
0.440657 0.205794 0.355741
0.896926 0.162812 0.17618
0.877661 0.225557 0.179566
0.193761 0.166988 0.0368354
0.358948 0.185515 0.234102
0.270562 0.135664 0.402229
0.370599 0.194174 0.167097
0.662516 0.244064 0.156771
0.547807 0.164973 0.19808
0.665933 0.253856 0.111571
0.862655 0.236459 0.142107
0.903399 0.216214 0.243126
0.461013 0.187841 0.161157
0.389089 0.133797 0.197705
0.645086 0.152196 0.191131
0.38635 0.159748 0.179225
0.205849 0.19498 0.329417
0.727817 0.221737 0.230954
0.325067 0.170468 0.292017
0.360287 0.224203 0.11746
0.248942 0.212873 0.347844
0.233866 0.173572 0.398476
0.750705 0.148591 0.0553602
0.156856 0.190786 0.134857
0.382372 0.149762 0.263605
0.876984 0.226103 0.174213
0.277576 0.161351 0.109488
0.493169 0.208777 0.0957439
0.875051 0.128043 0.217624
0.724576 0.174174 0.176872
0.849381 0.197175 0.227024
0.209701 0.202531 0.0740117
0.259324 0.24162 0.474992
0.491715 0.167752 0.221296
0.130421 0.161177 0.257751
0.384807 0.186115 0.26167
0.194749 0.154976 0.221765
0.598925 0.140842 0.297336
0.725008 0.220034 0.206012
0.427352 0.162652 0.312327
0.451268 0.203709 0.224604
0.686709 0.0691132 0.267367
0.608985 0.186662 0.155393
0.260253 0.178547 0.514492
0.641221 0.111715 0.170739
0.348764 0.149128 0.239968
0.562223 0.175605 0.172731
0.795285 0.144854 0.246849
0.927047 0.100865 0.235408
0.0415338 0.190072 0.0863334
0.885655 0.281561 0.236734
0.737839 0.136725 0.273509
0.882684 0.182402 0.217379
0.313831 0.231332 0.372833
0.699605 0.214534 0.269144
0.431268 0.121252 0.103483
0.250489 0.159666 0.226639
0.77581 0.194738 0.229223
 0.223 0.211655 0.176423
0.76599 0.165689 0.17961
0.0390907 0.155123 0.159511
0.388073 0.180141 0.237426
0.817536 0.156664 0.206543
0.737624 0.0987604 0.102212
0.290863 0.240722 0.256912
0.458931 0.154288 0.22709
0.185146 0.216004 0.212722
0.613561 0.199007 0.137501
0.427644 0.248549 0.111997
0.469316 0.194738 0.201124
0.587774 0.201388 0.308782
0.245107 0.201522 0.160846
0.43843 0.125657 0.295504
0.817693 0.225747 0.243224
0.626216 0.161269 0.218425
0.711034 0.0938818 0.107048
0.212479 0.178372 0.176817
0.450117 0.194917 0.220561
0.886581 0.293395 0.189021
0.532583 0.190084 0.0987722
0.251753 0.152005 0.44089
0.634049 0.104685 0.278743
0.321057 0.145955 0.193116
0.534077 0.164861 0.30893
0.483932 0.113727 0.0945941
0.377112 0.151758 0.205694
0.121787 0.211391 0.259871
0.166002 0.18826 0.155465
0.368224 0.158616 0.208621
0.907168 0.119198 0.107866
0.444629 0.179352 0.200013
0.79185 0.170883 0.113169
0.641642 0.234412 0.110127
0.716156 0.162519 0.0780564
0.378448 0.158281 0.188134
0.342477 0.133138 0.292421
0.459386 0.147482 0.248627
0.248942 0.20544 0.367818
0.212511 0.15499 0.354958
0.0880173 0.161916 0.20294
0.10379 0.184875 0.140173
0.650247 0.207188 0.192677
0.352153 0.162394 0.251854
0.253207 0.21285 0.0903033
0.185662 0.142124 0.236519
0.747207 0.176038 0.273968
0.632054 0.103226 0.11796
0.268696 0.249357 0.504378
0.600487 0.138645 0.171657
0.404263 0.177825 0.174674
0.871953 0.294602 0.20429
0.67375  0.134 0.227553
0.440802 0.176191 0.158059
0.807372 0.200282 0.0408812
0.676195 0.220054 0.202783
0.27876 0.22528 0.573622
0.470716 0.181335 0.218501
0.913539 0.197608 0.249243
0.153341 0.142128 0.239959
0.680679 0.169256 0.178729
0.861302 0.220606 0.198045
0.0267168 0.175778 0.1246
0.457583 0.18093 0.138057
0.643823 0.236138 0.106842
0.634286 0.135929 0.164007
0.866797 0.294725 0.213406
0.683858 0.213585 0.258134
0.362021 0.189154 0.217737
0.117527 0.206469 0.267654
0.534505 0.162072 0.243368
0.362547 0.163243 0.197826
0.242773 0.154456 0.432098
0.774176 0.220008 0.156488
0.68714 0.243322 0.173911
0.840443 0.223561 0.235787
0.574187 0.159452 0.228981
0.603762 0.111715 0.186066
0.179026 0.198715 0.246899
0.370509 0.155718 0.248802
0.84323 0.131173 0.230001
0.139048 0.123514 0.150706
0.301283 0.141472 0.343007
0.130754 0.168901 0.0984845
0.480195 0.18908 0.345997
0.640605 0.219389 0.196702
0.435231 0.203086 0.180881
0.246665 0.165253 0.399001
0.353383 0.161339 0.216108
0.190477 0.184875 0.134703
0.838877 0.220057 0.193827
0.453625 0.194225 0.19656
0.240404 0.183711 0.430853
0.748105 0.263396 0.112615
0.875129 0.201591 0.150526
0.100373 0.170323 0.16081
0.402762 0.217983 0.128708
0.217509 0.196828 0.19084
0.363753 0.139601 0.363215
0.378191 0.215125 0.203465
0.571753 0.181328 0.271342
0.656414 0.193131 0.17039
0.537501 0.199768 0.121325
0.107537 0.194544 0.273598
0.367263 0.238629 0.31576
0.331182 0.207548 0.291805
0.72664 0.222004 0.14673
0.700989 0.169938 0.208286
0.454313 0.154798 0.263841
0.130445 0.184875 0.166705
0.836143 0.11316 0.267596
0.912627 0.0985559 0.198127
0.704068 0.297078 0.25275
0.931068 0.0996124 0.122939
0.165162 0.221003 0.162617
0.0926528 0.202798 0.225279
0.819338 0.133737 0.226037
0.711157 0.135721 0.243578
0.608288 0.221686 0.149179
0.377605 0.131132 0.131889
0.338553 0.213087 0.196724
0.900208 0.105404 0.241797
0.73371 0.135758 0.1885
0.33727 0.215029 0.177181
0.888348 0.1431 0.149106
0.894908 0.195908 0.175712
0.453999 0.155888 0.146697
0.523141 0.175605 0.0979745
0.109087 0.174183 0.108899
0.257097 0.173628 0.503201
0.647007 0.168467 0.211065
0.639423 0.195343 0.109187
0.653436 0.188195 0.0778171
0.411611 0.17486 0.14014
0.668417 0.255427 0.115995
0.383167 0.194466 0.168989
0.34457 0.175478 0.243883
0.854657 0.143402 0.23849
0.722246 0.132979 0.229764
0.348901 0.145803 0.0932238
0.851013 0.208359 0.161381
0.622501 0.1639 0.205643
0.350504 0.213315 0.0989362
0.970528 0.235387 0.142996
0.794398 0.189679 0.15535
0.422649 0.164211 0.363678
0.399009 0.193042 0.356621
0.459709 0.184195 0.228155
0.471813 0.175875 0.234363
0.322228 0.176761 0.362132
0.656703 0.206301 0.245908
0.291981 0.0993419 0.157203
0.492773 0.178341 0.226318
0.397689 0.254012 0.111049
0.816701 0.177273 0.28072
0.419589 0.166993 0.157518
0.0704696 0.168322 0.168863
0.444536 0.15511 0.212267
0.379694 0.181501 0.176934
0.215987 0.186506 0.170799
0.47127 0.193379 0.10922
0.417382 0.149794 0.111058
0.73844 0.241556 0.0976902
0.173541 0.11981 0.215701
0.798852 0.144327 0.240822
0.385747 0.155862 0.142226
0.376249 0.167491 0.249432
0.117349 0.165736 0.136803
0.359897 0.187154 0.206286
0.245357 0.215223 0.318507
0.754789 0.163242 0.0682765
0.750379 0.188785 0.0945842
0.372922 0.268268 0.116309
0.752493 0.132615 0.227529
0.72835 0.144607 0.246324
0.23389 0.211839 0.319296
0.417186 0.190352 0.279314
0.486241 0.192921 0.239681
0.798101 0.165107 0.21044
0.466393 0.165423 0.350313
0.662371 0.22204 0.185215
0.790253 0.252871 0.277615
0.459877 0.165873 0.232155
0.716845 0.209694 0.0465196
0.403275 0.110348 0.107517
0.744046 0.30118 0.215858
0.456924 0.209365 0.0983739
0.822376 0.148888 0.268487
0.348201 0.224203 0.155078
0.637134 0.160073 0.183167
0.664302 0.133736 0.20555
0.653607 0.148088 0.233323
0.176812 0.184875 0.134841
0.259455 0.183939 0.11698
0.205111 0.190015 0.265288
0.468138 0.175605 0.141181
0.655785 0.112038 0.227777
0.962915 0.260286 0.132314
0.0982781 0.160546 0.0726232
0.315731 0.190185 0.38236
0.31983 0.171746 0.300791
0.787514 0.0594789 0.161755
0.100701 0.187131 0.150063
0.10921 0.168607 0.25691
0.464876 0.198942 0.193788
0.504301 0.141873 0.189224
0.0616912 0.182817 0.0580299
0.845531 0.151078 0.15048
0.789224 0.187374 0.129975
0.39809 0.133748 0.188682
0.632864 0.217422 0.167658
0.358561 0.12149 0.302117
0.135544 0.188101 0.117361
0.782092 0.144296 0.0499874
0.178087 0.170323 0.156142
0.731796 0.135761 0.182157
0.696382 0.0722004 0.273834
0.695989 0.233114 0.131615
0.952831 0.105112 0.139621
0.286751 0.177786 0.397373
0.773826 0.177684 0.189579
0.382486 0.116943 0.328442
0.443995 0.164961 0.189401
0.35755 0.184011 0.300587
0.282073 0.104636 0.38915
0.890217 0.205622 0.236784
0.580635 0.196328 0.166506
0.726587 0.168291 0.0990084
0.11918 0.176453 0.259677
0.359764 0.201753 0.243756
0.736438 0.190091 0.128788
0.0951 0.143091 0.243834
0.629186 0.218686 0.13672
0.842275 0.224589 0.217262
0.0866326 0.17939 0.267835
0.625085 0.176259 0.215943
0.743101 0.188112 0.273449
0.899776 0.206479 0.234208
0.0480602 0.184167 0.241764
0.717308 0.190673 0.138193
0.489209 0.156764 0.237179
0.256568 0.181181 0.49738
0.453208 0.15989 0.192654
0.896454 0.13139 0.124033
0.72287 0.210716 0.250589
0.764085 0.135768 0.174616
0.240503 0.212502 0.19712
0.175571 0.186428 0.110072
0.780415 0.25205 0.137703
0.959131 0.121753 0.115206
0.761846 0.168609 0.209359
0.604647 0.240804 0.159185
0.660529 0.135721 0.185279
0.328184 0.202866 0.253602
0.336758 0.216872 0.340339
0.338839 0.165928 0.236298
0.665083 0.243821 0.239478
0.722275 0.179089 0.269546
0.394521 0.158314 0.203476
0.753615 0.101964 0.280963
0.827529 0.242717 0.156468
0.267657 0.122007 0.517671
0.291426 0.204631 0.257972
0.287204 0.100189 0.195493
0.248942 0.211321 0.15441
0.466341 0.153142 0.206268
0.668188 0.20028 0.297441
0.524781 0.182171 0.177066
0.41161 0.16888 0.0982913
0.445904 0.134546 0.229683
0.772307 0.194685 0.154322
0.122864 0.173184 0.113827
0.264677 0.221076 0.515496
0.832781 0.145989 0.227163
0.458719 0.175271 0.254311
0.372991 0.15852 0.206477
0.319465 0.176621 0.348246
0.4436 0.155955 0.232936
0.648744 0.13699 0.199712
0.705262 0.220024 0.146462
0.396778 0.134556 0.226794
0.593208 0.12141 0.279425
0.827913 0.2481 0.270857
0.421538 0.137978 0.112968
0.461208 0.195574 0.237306
0.249409 0.163125 0.458764
0.682832 0.190673 0.128975
0.257915 0.25235 0.37128
0.803429 0.135749 0.171219
0.152474 0.160551 0.0598353
0.564022 0.106524 0.0998959
0.354878 0.155742 0.243192
0.252088 0.164198 0.100411
0.631257 0.210794 0.20728
0.210738 0.228593 0.357189
0.610509 0.186004 0.168768
0.122097 0.171627 0.278724
0.272401 0.187645 0.565063
0.707606 0.224856 0.110593
0.351916 0.199618 0.204883
0.507349 0.149348 0.204656
0.413687 0.233731 0.299782
0.544296 0.163567 0.254147
0.144355 0.184875 0.193781
0.389293 0.201988 0.255198
0.125179 0.183124 0.112146
0.141989 0.189884 0.175348
0.817185 0.171206 0.177375
0.875639 0.0649249 0.223505
0.853924 0.0903853 0.262331
0.780732 0.22004 0.218988
0.378657 0.172639 0.203373
0.698727 0.222025 0.191345
0.490047 0.169634 0.14581
0.445388 0.191361 0.350984
0.648775 0.119112 0.106588
0.392753 0.134608 0.0913648
0.699677 0.153116 0.0445279
0.916061 0.260839 0.237792
0.729211 0.192499 0.11716
0.851787 0.135722 0.162606
0.346943 0.181732 0.213898
0.177442 0.214983 0.205601
0.752613 0.150781 0.0333543
0.885946 0.154174 0.202802
0.850568 0.286649 0.252342
0.44394 0.171886 0.190784
0.254144 0.147708 0.198568
0.25803 0.131679 0.403698
0.72848 0.264367 0.28188
0.842848 0.130873 0.224517
0.377251 0.171924 0.299124
0.380995 0.128915 0.288193
0.236664 0.212046 0.338175
0.400026 0.134563 0.226248
0.705593 0.190091 0.155568
0.135208 0.164145 0.259735
0.629043 0.130746 0.248318
0.373358 0.154907 0.191754
0.505623 0.189542 0.290676
0.156922 0.143835 0.258143
0.401588 0.0889723 0.106951
0.129709 0.185219 0.0681773
0.826279 0.294239 0.154543
0.715942 0.181696 0.127665
0.682931 0.179839 0.183614
0.600173 0.159452 0.155515
0.725106 0.2608 0.127445
0.688268 0.219354 0.253716
0.0752937 0.203009 0.212657
0.400338 0.161348 0.307767
0.32588 0.124466 0.119544
0.809619 0.230334 0.261506
0.423853 0.175382 0.0980775
0.0503698 0.154863 0.145316
0.640293 0.156469 0.185904
0.613053 0.202652 0.157921
0.751871 0.159777 0.132385
0.455643 0.22316 0.341139
0.171188 0.170905 0.1069
0.251844 0.145076 0.167706
0.751625 0.291728 0.148688
0.541461 0.182171 0.139197
0.655503 0.164971 0.2565
0.190062 0.180449 0.204347
0.027716 0.164017 0.14992
0.161981 0.189864 0.117608
0.710347 0.253193 0.172263
0.351456 0.157128 0.236881
0.342841 0.201836 0.239274
0.477479 0.153425 0.215905
0.404983 0.182171 0.135443
0.623522 0.196253 0.145546
0.351692 0.146318 0.260022
0.553364 0.126279 0.114288
0.358408 0.131514 0.137332
0.46627 0.199672 0.273731
0.48905 0.169269 0.242668
0.750092 0.167493 0.208203
0.776272 0.185619 0.162741
0.458923 0.185062 0.221665
0.527132 0.235627 0.136134
0.410468 0.257949 0.10833
0.851766 0.146914 0.139134
0.233892 0.171809 0.402583
0.0390653 0.155362 0.223345
0.121538 0.185457 0.174318
0.260485 0.235032 0.336274
0.375621 0.190821 0.151756
0.272801 0.220128 0.553512
0.420373 0.167303 0.276949
0.383449 0.169488 0.124863
0.47286 0.175814 0.290493
0.172639 0.142131 0.226676
0.838432 0.152755 0.122268
0.651648 0.109384 0.292581
0.502184 0.201761 0.23657
0.576942 0.196328 0.211993
0.63942 0.134896 0.166921
0.163078 0.169534 0.21817
0.458382 0.220528 0.216495
0.871005 0.150591 0.158426
0.293816 0.0930238 0.145971
0.0555424 0.188298 0.221763
0.608582 0.159452 0.223932
0.573398 0.159452 0.23074
0.383901 0.17443 0.272994
0.850555 0.170353 0.229815
0.824422 0.132522 0.183112
0.226059 0.20308 0.195004
0.102132 0.184875 0.136107
0.381368 0.168394 0.139063
0.797919 0.164542 0.0324293
0.390283 0.203086 0.192011
0.537361 0.157223 0.298237
0.336878 0.195361 0.24794
0.530865 0.168231 0.296586
0.583557 0.209969 0.227958
0.464053 0.181997 0.171099
0.778615 0.178563 0.103717
0.77456 0.213598 0.280504
0.780396 0.163043 0.292772
0.478781 0.165065 0.311979
0.609798 0.181785 0.134862
0.31239 0.328026 0.438067
0.705751 0.21663 0.265131
0.453863 0.193623 0.279225
0.711249 0.190091 0.137146
0.169936 0.236898 0.201905
0.761068 0.143992 0.250991
0.760055 0.194685 0.149248
0.584424 0.243518 0.232658
0.6738 0.102656 0.209975
0.597488 0.141371 0.297824
0.311594 0.207956 0.239052
0.370124 0.14787 0.252683
0.248165 0.18428 0.200313
0.635431 0.220105 0.133625
0.551917 0.159452 0.219924
0.447574 0.180229 0.198882
0.386376 0.234955 0.133131
0.398922 0.200308 0.176849
0.0649599 0.201263 0.0762209
0.624978 0.140408 0.134509
0.76442 0.135779 0.149887
0.507097 0.249943 0.113868
0.870191 0.263763 0.121684
0.546056 0.159452 0.217107
0.813568 0.132561 0.203368
0.21996 0.166642 0.344013
0.38964 0.185287 0.232606
0.695635 0.222021 0.167163
0.812109 0.192958 0.207909
0.755777 0.0659978 0.145147
0.398537 0.199052 0.192794
0.755183 0.223107 0.182321
0.727442 0.197601 0.267875
0.387313 0.200244 0.249228
0.704876 0.241582 0.156715
0.207602 0.195981 0.349353
0.913291 0.12596 0.112639
0.710169 0.220022 0.151618
0.861504 0.160398 0.247977
0.699979 0.0565 0.23882
0.803228 0.223271 0.181983
0.722364 0.189619 0.200367
0.371741 0.160864 0.186845
0.632567 0.17823 0.128983
0.42609 0.185962 0.175858
0.677423 0.171023 0.130839
0.513321 0.15263 0.105192
0.705705 0.191836 0.13568
0.455469 0.151223 0.251183
0.480849 0.136731 0.330297
0.446193 0.162168 0.217059
0.698352 0.135721 0.236848
0.693089 0.100008 0.277131
0.335218 0.166265 0.387987
0.723908 0.29904 0.246474
0.400301 0.152693 0.18781
0.47245 0.190259 0.234119
0.741574 0.165502 0.201449
0.463415 0.197241 0.246141
0.294658 0.0951923 0.241124
0.505377 0.146595 0.245585
0.611511 0.106775 0.102295
0.636613 0.176054 0.112194
0.346474 0.194976 0.235166
0.688295 0.243484 0.170391
0.347374 0.185221 0.268585
0.134609 0.186941 0.0984536
0.882656 0.111369 0.158741
0.553124 0.254206 0.10952
0.580375 0.147895 0.304049
0.919431 0.104315 0.137339
0.241739 0.224149 0.412939
0.496447 0.173234 0.223575
0.809513 0.148477 0.27443
0.655214 0.181486 0.223727
0.888962 0.250557 0.136502
0.617328 0.159578 0.246075
0.778993 0.203916 0.0637819
0.391629 0.152693 0.217101
0.395524 0.174264 0.296416
0.482998 0.194388 0.228708
0.486814 0.154625 0.2069
0.730719 0.0548082 0.209335
0.344636 0.206482 0.285291
0.774556 0.255439 0.279417
0.81122 0.223531 0.222002
0.767795 0.136522 0.272722
0.778703 0.135729 0.236936
0.444373 0.18782 0.179763
0.355233 0.146922 0.252915
0.175191 0.231752 0.22759
0.881314 0.108801 0.241539
0.399675 0.248137 0.114328
0.437737 0.191708 0.18231
0.278577 0.12868 0.571119
0.389316 0.167603 0.162823
0.62906 0.187412 0.219829
0.954454 0.121173 0.143242
0.513995 0.202202 0.179248
0.414101 0.13457 0.203563
0.728455 0.125556 0.131095
0.615299 0.17727 0.115282
0.343729 0.204944 0.244939
0.400467 0.22126 0.220252
0.759627 0.223049 0.196356
0.405851 0.182858 0.185884
0.751152 0.134885 0.265697
0.627148 0.244064 0.178602
0.125005 0.143537 0.255487
0.504974 0.167063 0.317644
0.356128 0.151285 0.215707
0.430755 0.149111 0.359409
0.589533 0.204289 0.191468
0.676406 0.182951 0.162847
0.305836 0.242305 0.119289
0.911681 0.147759 0.230282
0.410835 0.179933 0.277078
0.559087 0.181616 0.162151
0.82894 0.164495 0.0490358
0.880758 0.159128 0.220219
0.827195 0.0574291 0.177372
0.682299 0.19221 0.114361
0.16518 0.211663 0.237936
0.0758331 0.178719 0.264565
0.360501 0.232403 0.347654
0.359931 0.200287 0.211658
0.325637 0.168028 0.312686
0.55123 0.237071 0.101009
0.538401 0.170136 0.093539
0.192749 0.0971407 0.362048
0.698479 0.258254 0.191698
0.457338 0.193549 0.277585
0.153934 0.167459 0.165529
0.641441 0.136505 0.164825
0.193221 0.211656 0.216337
0.785574 0.165509 0.223965
0.778795 0.16381 0.103934
0.211366 0.177618 0.107973
0.864848 0.135824 0.160362
0.678469 0.11101 0.264318
0.375337 0.241748 0.122393
0.788388 0.199774 0.265432
0.190147 0.184938 0.124685
0.49469 0.146788 0.127588
0.905449 0.269425 0.209012
0.593411 0.121343 0.106918
0.879604 0.175319 0.140727
0.170446 0.16417 0.0303027
0.568512 0.173985 0.25283
0.792385 0.187732 0.128776
0.639545 0.190463 0.142557
0.718194 0.0547692 0.225846
0.0662271 0.204318 0.244039
0.879504 0.181466 0.139126
0.532676 0.168807 0.0935231
0.65228 0.241324 0.240348
0.445344 0.194059 0.167171
0.79697 0.170129 0.0320535
0.208701 0.230718 0.345351
0.191825 0.125609 0.35981
0.590032 0.149378 0.30734
0.142509 0.170323 0.212449
0.826291 0.209084 0.267077
0.368029 0.224369 0.099977
0.558036 0.234745 0.112332
0.68542 0.220055 0.220388
0.0534388 0.160135 0.0736801
0.424929 0.203086 0.19976
0.458599 0.178134 0.151227
0.687939 0.222024 0.133747
0.181762 0.221938 0.241151
0.534381 0.181469 0.317284
0.465886 0.224951 0.33515
0.602964 0.244064 0.241597
0.239892 0.136756 0.413451
0.67399 0.121097 0.126201
0.29702 0.265284 0.453503
0.446492 0.192269 0.321876
0.400305 0.201603 0.20435
0.249535 0.229708 0.442359
0.386584 0.194333 0.374717
0.907693 0.120676 0.19656
0.248942 0.165628 0.338674
0.530188 0.183598 0.308833
0.054496 0.189367 0.0674312
0.784337 0.172218 0.202128
0.37415 0.189345 0.254069
0.397399 0.192973 0.165606
0.192472 0.146613 0.251707
0.892219 0.0984337 0.232149
0.389598 0.165448 0.164266
0.220335 0.155322 0.195937
0.463606 0.165979 0.21444
0.790363 0.174952 0.115545
0.294994 0.231332 0.359863
0.250213 0.144487 0.112592
0.380896 0.148012 0.247019
0.804456 0.190706 0.0350174
0.791739 0.197531 0.224442
0.449438 0.18931 0.0976309
0.510029 0.1829 0.178225
0.6513 0.189335 0.252034
0.751747 0.22361 0.142369
0.728405 0.0546459 0.222954
0.642823 0.219719 0.134516
0.82695 0.289975 0.256464
0.28547 0.261051 0.199835
0.224964 0.21165 0.0912203
0.429069 0.148858 0.106014
0.761895 0.135727 0.240746
0.68653 0.218862 0.244181
0.452428 0.191134 0.235015
0.4631 0.13511 0.338798
0.511286 0.24013 0.0966299
0.61555 0.153688 0.162919
0.40255 0.16051 0.281398
0.713657 0.203687 0.0715109
0.834582 0.1636 0.268257
0.742794 0.196002 0.168942
0.874572 0.194967 0.118373
0.4153 0.176159 0.277034
0.812046 0.247632 0.140719
0.868761 0.10992 0.252783
0.503632 0.182171 0.123909
0.737415 0.161095 0.161747
0.517232 0.246441 0.0964344
0.776894 0.104603 0.100822
0.756867 0.136733 0.264787
0.069548 0.179823 0.126906
0.467736 0.173609 0.104881
0.194006 0.182851 0.201092
0.151272 0.13781 0.148213
0.344455 0.212954 0.137745
0.286261 0.175872 0.346667
0.456638 0.194602 0.244254
0.665154 0.193415 0.234523
0.506826 0.25408 0.103156
0.858682 0.130861 0.202648
0.0376782 0.199359 0.163445
0.229226 0.125073 0.362198
0.0609724 0.146386 0.228218
0.927529 0.103729 0.247867
0.793707 0.165689 0.14571
0.671807 0.223222 0.264053
0.902672 0.0917446 0.125454
0.203991 0.173911 0.265823
0.90312 0.232754 0.132031
0.596456 0.111715 0.242801
0.10782 0.168179 0.142195
0.248942 0.213591 0.373595
0.46448 0.179979 0.165253
0.897037 0.127787 0.1794
0.800793 0.133758 0.191093
0.559072 0.23421 0.106378
0.3589 0.160094 0.307871
0.696998 0.177007 0.259479
0.795234 0.0949078 0.277048
0.632435 0.104841 0.269451
0.447797 0.202307 0.243573
0.477152 0.127948 0.305907
0.720549 0.17128 0.183303
0.385043 0.162903 0.362323
0.704924 0.214711 0.270888
0.783209 0.132774 0.211907
0.333704 0.161372 0.351591
0.716417 0.155919 0.0354048
0.336382 0.156645 0.230418
0.0342045 0.157508 0.150339
0.326047 0.164937 0.340304
0.361401 0.190229 0.0911142
0.529632 0.19667 0.132507
0.25719 0.208411 0.177594
0.238593 0.212092 0.205357
0.676454 0.201557 0.239394
0.746645 0.156634 0.0288437
0.920559 0.112516 0.18014
0.636494 0.219385 0.185719
0.262805 0.13359 0.506444
0.457422 0.175267 0.249381
0.598775 0.196328 0.211945
0.382863 0.186991 0.172665
0.648418 0.186562 0.187558
0.715148 0.26109 0.126546
0.668738 0.113538 0.216986
0.450011 0.184285 0.235942
0.626799 0.117329 0.292722
0.717165 0.188632 0.104707
0.778356 0.163838 0.196312
0.774125 0.190091 0.1136
0.643481 0.135063 0.29696
0.566993 0.220117 0.126639
0.775113 0.195039 0.135977
0.435988 0.170798 0.187046
0.0862682 0.186812 0.269742
0.642582 0.219617 0.160966
0.0375811 0.175353 0.19632
0.263923 0.190975 0.210227
0.67013 0.099213 0.114437
0.247933 0.155248 0.163774
0.410881 0.134544 0.185906
0.775326 0.133752 0.217459
0.211154 0.184355 0.179634
0.144538 0.163734 0.134592
0.648902 0.220058 0.143469
0.281052 0.108111 0.390966
0.350593 0.277294 0.117791
0.798944 0.135753 0.163357
0.911789 0.141878 0.24111
0.562781 0.179588 0.273167
0.527771 0.119582 0.145949
0.482131 0.179582 0.218723
0.127273 0.15728 0.274738
0.662006 0.175536 0.145469
0.821427 0.147587 0.240565
0.71605 0.099559 0.100468
0.720228 0.207794 0.238063
0.383553 0.170048 0.210418
0.451411 0.197633 0.100138
0.906674 0.23034 0.111779
0.11603 0.149947 0.264295
0.755228 0.256512 0.280872
0.21442 0.166406 0.109716
0.637766 0.203499 0.224703
0.739081 0.246039 0.2808
0.39489 0.189413 0.212976
0.126899 0.211669 0.245388
0.803719 0.264284 0.275683
0.635406 0.1646 0.183105
0.945419 0.10625 0.111058
0.156352 0.202171 0.049138
0.433047 0.133686 0.18603
0.375633 0.145661 0.265834
0.82608 0.19244 0.276188
0.461644 0.167691 0.254551
0.494447 0.176945 0.264677
0.0544317 0.15285 0.104406
0.638302 0.250386 0.281125
0.033803 0.178373 0.188292
0.828435 0.135903 0.232976
0.879832 0.18589 0.144342
0.174922 0.197936 0.249472
0.396875 0.14553 0.0989474
0.154671 0.184875 0.19312
0.926815 0.225027 0.12597
0.385161 0.188731 0.387342
0.579977 0.243457 0.246618
0.771179 0.0614529 0.153099
0.0371695 0.167834 0.194137
0.833879 0.060257 0.159772
0.446793 0.179252 0.200545
0.850018 0.118015 0.260686
0.628009 0.213074 0.179542
0.813012 0.177038 0.205287
0.646713 0.244064 0.156923
0.362082 0.156226 0.272417
0.77337 0.159777 0.144203
0.496608 0.1839 0.224869
0.64012 0.124715 0.245222
0.927976 0.106229 0.248309
0.189402 0.186761 0.131662
0.475958 0.199237 0.279515
0.901547 0.223177 0.238462
0.659079 0.2196  0.209
0.554239 0.109675 0.118089
0.868837 0.207547 0.149655
0.30458 0.231332 0.35816
0.134207 0.180231 0.219254
0.649806 0.197756 0.260892
0.848242 0.220059 0.173345
0.137548 0.170905 0.18066
0.507474 0.193979 0.15404
0.828509 0.186984 0.116745
0.704524 0.20257 0.0417402
0.374194 0.161039 0.15064
0.219686 0.156926 0.331525
0.26787 0.222366 0.40338
0.893379 0.233013 0.132104
0.696839 0.133744 0.222078
0.242836 0.2523 0.34736
0.404055 0.18121 0.194629
0.401921 0.193649 0.336382
0.439972 0.170182 0.203164
0.173186 0.194172 0.032254
0.629646 0.159452 0.183751
0.456694 0.145881 0.265772
0.679226 0.160099 0.274681
0.806387 0.132407 0.220446
0.251259 0.255886 0.417671
0.578972 0.241252 0.121536
0.264903 0.124447 0.403267
0.354999 0.152415 0.20996
0.620679 0.17831 0.308844
0.311856 0.184308 0.363674
0.630917 0.217347 0.150556
0.299085 0.141548 0.256928
0.521268 0.18276 0.283272
0.139412 0.228707 0.156739
0.159495 0.167583 0.122781
0.289214 0.161291 0.307088
0.401152 0.181026 0.314538
0.35748 0.206005 0.366723
0.418428 0.193547 0.31967
0.193633 0.158576 0.377339
0.357167 0.214966 0.093271
0.549369 0.118847 0.133777
0.391897 0.206138 0.11235
0.363677 0.191096 0.19151
0.780886 0.213537 0.279656
0.765286 0.135528 0.232835
0.848365 0.131675 0.188979
0.47905 0.161997 0.209874
0.766953 0.179263 0.171223
0.341904 0.159222 0.217582
0.695161 0.091566 0.198193
0.498008 0.23893 0.0963894
0.886677 0.15225 0.211808
0.383646 0.162676 0.123059
0.730726 0.196002 0.153974
0.635584 0.167858 0.142453
0.437368 0.190036 0.20956
0.48036 0.172428 0.197153
0.947819 0.09873 0.116193
0.659396 0.191371 0.259596
0.834897 0.208091 0.229312
0.77735 0.178245 0.180779
0.269222 0.154397 0.551286
0.767131 0.298848 0.246728
0.757893 0.164905 0.195855
0.281078 0.18773 0.0946393
0.413129 0.119451 0.307559
0.370812 0.187714 0.24756
0.381225 0.159056 0.154677
0.633624 0.158346 0.147131
0.336102 0.150676 0.243217
0.426704 0.197717 0.115271
0.634322 0.197216 0.164769
0.881818 0.152153 0.210137
0.820206 0.174296 0.178593
0.259434 0.212389 0.341132
0.728217 0.117717 0.135727
0.475834 0.209909 0.281882
0.197675 0.206446 0.34665
0.679844 0.141213 0.280619
0.352084 0.192227 0.280195
0.788668 0.165107 0.190203
0.67196 0.220049 0.174239
0.581807 0.239432 0.231156
0.863448 0.17893 0.265256
0.293179 0.09246 0.202433
0.530826 0.222289 0.0969297
0.653151 0.111715 0.193615
0.169833 0.170905 0.123327
0.64767 0.207188 0.208862
0.341373 0.173014 0.238769
0.139219 0.167979 0.111213
0.356249 0.18667 0.268707
0.0673538 0.157222 0.190658
0.195847 0.225421 0.271094
0.851068 0.217035 0.228166
0.651738 0.202414 0.247156
0.581445 0.221406 0.232309
0.868706 0.170485 0.0978636
0.487673 0.208404 0.282218
0.849062 0.133738 0.163159
0.407254 0.152693 0.217968
0.1327 0.192861 0.222399
0.696266 0.133753 0.193211
0.799102 0.163719 0.17522
0.698471 0.148249 0.149706
0.578165 0.251151 0.116884
0.315997 0.299134 0.435401
0.176812 0.187671 0.213785
0.147854 0.202829 0.135476
0.435244 0.165257 0.188695
0.556455 0.159444 0.154569
0.440522 0.134552 0.232093
0.448377 0.176339 0.215601
0.357056 0.198759 0.233305
0.168609 0.121987 0.21011
0.856403 0.210935 0.120075
0.474885 0.190316 0.343241
0.95031 0.243347 0.141326
0.693949 0.242053 0.172531
0.927851 0.120309 0.248011
0.674702 0.22203 0.148111
0.429321 0.162896 0.185483
0.240213 0.154438 0.402582
0.443516 0.141648 0.101446
0.503589 0.175521 0.0992784
0.887127 0.122084 0.162829
0.585393 0.145662 0.182213
0.53267 0.219034 0.161152
0.745679 0.182988 0.0700976
0.666771 0.148195 0.183433
0.351054 0.236308 0.321808
0.773356 0.196254 0.0686884
0.600857 0.237933 0.286255
0.452661 0.166091 0.250368
0.301249 0.157026 0.29791
0.25416 0.210379 0.162833
0.891808 0.201244 0.241069
0.764974 0.0532196 0.235829
0.789397 0.133769 0.156957
0.246413 0.204161 0.462936
0.837737 0.199161 0.263718
0.782852 0.133748 0.222232
0.345172 0.213734 0.202362
0.373542 0.181878 0.169455
0.146469 0.185457 0.100833
0.436924 0.209209 0.0921753
0.61349 0.167752 0.1775
0.507447 0.173998 0.213438
0.346033 0.110781 0.120709
0.0948454 0.190307 0.204989
0.872698 0.226945 0.212089
0.746581 0.159777 0.163042
0.809667 0.160107 0.0394395
0.640254 0.193507 0.236742
0.454523 0.153821 0.270887
0.244162 0.172076 0.391511
0.381775 0.176822 0.165586
0.487615 0.175479 0.158865
0.37648 0.179143 0.23478
0.655773 0.111715 0.14997
0.451596 0.189266 0.278633
0.385335 0.164388 0.198968
0.362315 0.238246 0.327232
0.459847 0.182017 0.274773
0.429291 0.178422 0.167905
0.405706 0.175372 0.179179
0.0857831 0.192021 0.0429606
0.280996 0.231332 0.363375
0.7349 0.190091 0.179835
0.77469 0.22209 0.230702
0.485919 0.164867 0.222158
0.887476 0.107248 0.105739
0.416412 0.210971 0.0997933
0.677133 0.187606 0.132359
0.374808 0.189384 0.18061
0.277981 0.235435 0.369155
0.692587 0.210346 0.185028
0.427696 0.190586 0.16988
0.450907 0.176281 0.268705
0.482657 0.170852 0.220076
0.615293 0.155175 0.129756
0.626378 0.11203 0.243809
0.210809 0.153735 0.391716
0.643658 0.107035 0.271493
0.296522 0.176658 0.341578
0.651892 0.24199 0.143625
0.378612 0.205165 0.202133
0.331557 0.145498 0.162623
0.876072 0.14936 0.217008
0.43596 0.177797 0.203322
0.718205 0.190562 0.290432
0.833104 0.192518 0.173236
0.497344 0.173224 0.288299
0.829014 0.209959 0.069206
0.648329 0.107308 0.291355
0.216439 0.240234 0.28344
0.481456 0.154122 0.192709
0.193745 0.227763 0.346926
0.191182 0.182543 0.252356
0.870416 0.161145 0.264007
0.68569 0.237699 0.0963994
0.464066 0.125474 0.320865
0.820232 0.223754 0.175154
0.490514 0.189781 0.148084
0.15727 0.189469 0.134945
0.758687 0.219997 0.149819
0.462722 0.197065 0.197788
0.35109 0.161474 0.220678
0.767658 0.299171 0.182409
0.790513 0.158668 0.0327139
0.595035 0.159452 0.182621
0.685831 0.160948 0.27546
0.672468 0.210036 0.256183
0.697689 0.135646 0.254748
0.439999 0.161489 0.158367
0.27084 0.150589 0.151947
0.13958 0.165957 0.128466
0.377657 0.174672 0.185605
0.811776 0.197251 0.27983
0.488022 0.21584 0.101553
0.385114 0.176597 0.252166
0.238576 0.211664 0.150259
0.810874 0.180793 0.139667
0.146685 0.211651 0.227083
0.463432 0.149979 0.247074
0.756869 0.296966 0.165125
0.440514 0.192596 0.148002
0.236173 0.153376 0.180972
0.587804 0.244064 0.237435
0.613704 0.172046 0.113458
0.67908 0.232103 0.252036
0.715171 0.199548 0.287817
0.233663 0.141332 0.378254
0.515322 0.213257 0.305411
0.680267 0.153767 0.193105
0.667576 0.135716 0.216226
0.463081 0.174773 0.168354
0.443667 0.156213 0.1733
0.677591 0.14655 0.264312
0.758181 0.121231 0.274186
0.470861 0.175975 0.227939
0.911387 0.11844 0.107773
0.733007 0.160344 0.270369
0.648546 0.148591 0.20431
0.652625 0.147385 0.25144
0.770772 0.262741 0.125842
0.841366 0.13048 0.116498
0.671559 0.13572 0.210632
0.788288 0.166745 0.0294047
0.130889 0.190167 0.0272974
0.431117 0.162643 0.173995
0.728219 0.124419 0.101643
0.381054 0.188781 0.225636
0.911101 0.0923085 0.131163
0.677962 0.194482 0.245534
0.631571 0.196124 0.145631
0.597371 0.199413 0.191965
0.773811 0.133777 0.15892
0.219284 0.185752 0.129198
0.480382 0.15884 0.252785
0.836921 0.195775 0.162408
0.652879 0.220058 0.121794
0.69044 0.240926 0.143083
0.366624 0.196137 0.302071
0.247475 0.195302 0.454166
0.957513 0.231501 0.117423
0.445264 0.175025 0.188914
0.387374 0.149768 0.281579
0.740705 0.208397 0.24464
0.387517 0.170315 0.226515
0.883152 0.0999333 0.108938
0.452286 0.159153 0.198437
0.0910532 0.183739 0.249889
0.724275 0.296328 0.175963
0.330562 0.148962 0.244471
0.678918 0.0893728 0.265905
0.69903 0.174746 0.206446
0.857558 0.0719373 0.252622
0.780522 0.185081 0.0733047
0.794796 0.210958 0.246908
0.411494 0.115957 0.101558
0.84042 0.0839572 0.266428
0.786258 0.179442 0.0755757
0.176437 0.236673 0.197263
0.732025 0.0546334 0.219265
0.612746 0.18085 0.182006
0.0309958 0.175671 0.107066
0.388118 0.196684 0.222709
0.210341 0.173066 0.321238
0.228668 0.191669 0.0637358
0.322744 0.177088 0.301074
0.461719 0.171087 0.160885
0.23786 0.115255 0.304153
0.66287 0.167559 0.232981
0.399948 0.15667 0.194626
0.678128 0.111715 0.171927
0.105603 0.184085 0.125039
0.864674 0.140675 0.212663
0.38469 0.190649 0.251413
0.227906 0.119178 0.288085
0.892946 0.092482 0.1309
0.650603 0.211014 0.145517
0.354142 0.158027 0.267215
0.428598 0.221472 0.353546
0.452281 0.188722 0.235071
0.269243 0.206545 0.0899758
0.797738 0.195168 0.0341356
0.281078 0.183073 0.0852861
0.128719 0.16752 0.0672846
0.442394 0.17665 0.15881
0.770758 0.204462 0.286773
0.459535 0.159363 0.279301
0.464997 0.146485 0.26553
0.925567 0.24072 0.145978
0.151338 0.17525 0.262148
0.466375 0.179152 0.177175
0.487138 0.168585 0.263692
0.446437 0.145877 0.0987853
0.452268 0.200357 0.225583
0.431501 0.165344 0.194471
0.645491 0.148591 0.223667
0.474531 0.198068 0.193963
0.418175 0.193667 0.316654
0.13676 0.201419 0.237636
0.906011 0.0922159 0.130192
0.649737 0.148591 0.23074
0.627335 0.132645 0.145383
0.144887 0.221672 0.152282
0.400647 0.196569 0.193521
0.248942 0.175114 0.330609
0.748004 0.192865 0.184997
0.107375 0.213652 0.233097
0.275231 0.135551 0.563831
0.71763 0.125971 0.102399
0.712895 0.222021 0.194313
0.179416 0.144119 0.231082
0.473694 0.245171 0.113989
0.878512 0.145169 0.206059
0.168346 0.184875 0.139777
0.332277 0.22319 0.31817
0.634047 0.164003 0.17779
0.882408 0.202326 0.195311
0.361814 0.194322 0.22973
0.301802 0.291209 0.441941
0.685592 0.163704 0.252605
0.189197 0.168922 0.13923
0.100394 0.195639 0.0380773
0.534233 0.156011 0.126793
0.673699 0.0815372 0.233415
0.754795 0.132697 0.217995
0.66763 0.13754 0.293965
0.83459 0.163284 0.270555
0.498646 0.156011 0.104042
0.835241 0.186584 0.142871
0.658089 0.240302 0.267542
0.407476 0.196757 0.0983635
0.856346 0.296916 0.20358
0.166231 0.205695 0.265683
0.274829 0.21438 0.564788
0.636214 0.155243 0.133413
0.657642 0.157439 0.221509
0.0863779 0.172008 0.128933
0.395901 0.162584 0.197488
0.067325 0.166182 0.126448
0.838132 0.135723 0.194609
0.206004 0.259877 0.362832
0.701083 0.222017 0.161804
0.861781 0.215362 0.217099
0.404792 0.155884 0.155354
0.0815669 0.186764 0.0424966
0.0544569 0.17727 0.249729
0.089058 0.177597 0.168677
0.236344 0.200766 0.131287
0.876577 0.293864 0.202416
0.74933 0.263521 0.122306
0.19374 0.163324 0.379123
0.697173 0.173726 0.122968
0.713822 0.230974 0.147911
0.147331 0.192463 0.13531
0.918942 0.244103 0.113884
0.468466 0.165291 0.255998
0.638435 0.200494 0.177359
0.68397 0.128587 0.235835
0.810913 0.205415 0.250992
0.74521 0.166222 0.294547
0.0667242 0.201904 0.209361
0.656738 0.208724 0.0964558
0.409126 0.160858 0.283388
0.762549 0.233878 0.13569
0.717713 0.20953 0.0454907
0.628835 0.205082 0.258141
0.578569 0.138371 0.154816
0.874677 0.164926 0.227634
0.25501 0.212499 0.0943414
0.460443 0.115007 0.112695
0.609273 0.111715 0.208404
0.303051 0.211228 0.281098
0.650329 0.210819 0.16118
0.388557 0.146647 0.140127
0.900522 0.264041 0.125391
0.850163 0.11544 0.103706
0.399383 0.159719 0.0990793
0.0291606 0.192173 0.125256
0.819184 0.231652 0.160097
0.764345 0.151173 0.238747
0.0432091 0.168475 0.081293
0.860243 0.2417 0.104055
0.446375 0.173021 0.276678
0.536197 0.184631 0.157746
0.788135 0.222018 0.191728
0.693506 0.0872572 0.200845
0.175909 0.120059 0.221822
0.650051 0.138947 0.242447
0.381783 0.176355 0.234156
0.401672 0.22848 0.114916
0.393472 0.171216 0.203115
0.371006 0.187994 0.392268
0.0765386 0.185648 0.045884
0.872428 0.06472 0.227026
0.362296 0.189511 0.1935
0.46518 0.139953 0.101504
0.830485 0.194027 0.182105
0.348895 0.180915 0.269298
0.276138 0.159259 0.103898
0.439273 0.18015 0.224428
0.457809 0.182434 0.356733
0.46665 0.176918 0.187495
0.391322 0.186426 0.279825
0.34449 0.160627 0.326629
0.181877 0.177377 0.274439
0.683666 0.183976 0.185176
0.277593 0.205442 0.586447
0.737332 0.123838 0.271076
0.769651 0.0922607 0.123387
0.776918 0.177288 0.0267282
0.175193 0.173338 0.257945
0.0393733 0.192662 0.0934843
0.469745 0.226222 0.329491
0.392336 0.151456 0.233521
0.424437 0.170851 0.366184
0.740843 0.142763 0.282251
0.8457 0.0598839 0.163306
0.832841 0.222038 0.183165
0.0922619 0.153704 0.0634471
0.269982 0.230989 0.393778
0.261716 0.222728 0.501274
0.877166 0.239084 0.11683
0.859043 0.252003 0.10547
0.230299 0.144124 0.131657
0.472765 0.184539 0.194073
0.449529 0.172696 0.176421
0.474255 0.174293 0.237491
0.842014 0.133734 0.209847
0.21283 0.120105 0.299821
0.75042 0.133733 0.25852
0.453471 0.192813 0.137333
0.434483 0.16355 0.097892
0.453832 0.211928 0.238347
0.852062 0.160938 0.225664
0.52117 0.146148 0.126598
0.499466 0.187339 0.29392
0.248942 0.170957 0.350754
0.353772 0.188596 0.204177
0.75317 0.190091 0.200925
0.447249 0.155315 0.0976691
0.485848 0.159758 0.243897
0.713168 0.296259 0.186615
0.863323 0.173141 0.21182
0.530662 0.172664 0.318901
0.30538 0.252348 0.440918
0.386352 0.152029 0.1423
0.409459 0.22229 0.0956906
0.175006 0.186144 0.183464
0.669413 0.111715 0.18157
0.459699 0.20824 0.268988
0.141497 0.165049 0.1519
0.364914 0.186142 0.189665
0.248942 0.191938 0.352008
0.746274 0.150781 0.239477
0.615007 0.131883 0.146981
0.247758 0.131363 0.398569
0.286989 0.264464 0.184476
0.265934 0.181953 0.540849
0.264548 0.194733 0.35117
0.418566 0.161427 0.366634
0.396557 0.161094 0.30511
0.160431 0.198431 0.0353071
0.75575 0.223176 0.226873
0.89819 0.155099 0.251317
0.379512 0.145751 0.369389
0.19334 0.0982905 0.343725
0.629283 0.191079 0.222454
0.358592 0.167463 0.185779
0.296103 0.100772 0.254396
0.726231 0.162488 0.147703
0.795092 0.105025 0.153746
0.432207 0.160388 0.171691
0.212251 0.177442 0.129155
0.141815 0.17162 0.280276
0.460129 0.193603 0.143226
0.602849 0.116378 0.101926
0.699308 0.254519 0.171286
0.439094 0.194523 0.156222
0.415957 0.160338 0.150974
0.651855 0.196483 0.214357
0.770832 0.222028 0.221106
0.776587 0.231434 0.104122
0.484693 0.203066 0.24434
0.136556 0.176312 0.210581
0.481906 0.207563 0.24541
0.430128 0.119307 0.321185
0.389928 0.158981 0.191176
0.698429 0.223483 0.230428
0.218922 0.205755 0.341976
0.233563 0.154188 0.114345
0.57256 0.109501 0.121182
0.38092 0.205104 0.247027
0.432444 0.238688 0.10643
0.84181 0.230798 0.108028
0.636943 0.243729 0.240363
0.123415 0.162849 0.0662835
0.195593 0.216432 0.255754
0.710387 0.164644 0.216546
0.794291 0.138417 0.270787
0.654327 0.111715 0.209738
0.508791 0.146092 0.134302
0.209114 0.238653 0.340041
0.274924 0.222332 0.561172
0.842084 0.233111 0.139269
0.338974 0.210878 0.251558
0.562453 0.12492 0.110599
0.700038 0.119029 0.174361
0.499211 0.147524 0.284082
0.137226 0.180488  0.025
0.714616 0.194171 0.289702
0.358297 0.142307 0.186111
0.483452 0.194063 0.228534
0.286574 0.262992 0.200232
0.1802 0.182328 0.183569
0.466919 0.15655 0.197636
0.582259 0.13269 0.229716
0.0692802 0.158623 0.256995
0.249891 0.142919 0.430372
0.801295 0.135742 0.201351
0.433397 0.189939 0.180756
0.717003 0.163899 0.11576
0.334753 0.180782 0.356276
0.446576 0.203485 0.249397
0.65364 0.210748 0.241044
0.416598 0.263999 0.107018
0.815272 0.164216 0.258675
0.21317 0.128941 0.313815
0.884898 0.0685176 0.223391
0.500196 0.161898 0.232965
0.428543 0.218143 0.258326
0.169911 0.171821 0.187633
0.572182 0.176644 0.146779
0.848667 0.220054 0.157392
0.376823 0.180066 0.21346
0.519837 0.214691 0.153703
0.862705 0.154875 0.263765
0.372026 0.202189 0.227886
0.42998 0.151229 0.102836
0.626005 0.148591 0.160098
0.105025 0.167767 0.0762135
0.309093 0.26659 0.436725
0.277759 0.160797 0.588947
0.801527 0.121399 0.269324
0.493828 0.165253 0.278045
0.451682 0.175046 0.138019
0.718814 0.135735 0.222773
0.503114 0.136246 0.307979
0.88203 0.0777872 0.238851
0.440645 0.126537 0.293723
0.64304 0.198776 0.194906
0.422572 0.20158 0.155953
0.688192 0.264058 0.114392
0.355543 0.172982 0.217202
0.743911 0.188582 0.127832
0.174898 0.23127 0.182083
0.808807 0.292646 0.149011
0.867455 0.170604 0.0952036
0.875999 0.215387 0.195082
0.863923 0.118831 0.159499
0.915065 0.162209 0.236573
0.443912 0.16335 0.312757
0.522159 0.188304 0.297612
0.767828 0.301474 0.236379
0.325192 0.200054 0.331756
0.632956 0.228075 0.144654
0.759262 0.133755 0.21691
0.37951 0.209861 0.267985
0.472106 0.168758 0.296177
0.690017 0.227811 0.192636
0.189763 0.178925 0.136979
0.353587 0.129341 0.146977
0.525942 0.13268 0.136476
0.428703 0.158431 0.184884
0.236868 0.218776 0.357504
0.669181 0.238099 0.104494
0.619526 0.153492 0.111029
0.109324 0.19401 0.274404
0.839385 0.297997  0.221
0.631027 0.136587 0.134692
0.498532 0.167974 0.19879
0.604684 0.135264 0.158287
0.919078 0.121271 0.118279
0.379192 0.185903 0.261165
0.812129 0.0960535 0.27463
0.420576 0.17603 0.373315
0.59415 0.159452 0.207728
0.583368 0.191498 0.312531
0.914063 0.104005 0.116073
0.120139 0.177192 0.143311
0.375578 0.216104 0.22105
0.673997 0.13573 0.179789
0.753669 0.21804 0.148078
0.649743 0.229792 0.142478
0.662855 0.241433 0.234744
0.525157 0.222365 0.176037
0.522588 0.178445 0.287414
0.866315 0.091856 0.125374
0.494939 0.19001 0.225487
0.851992 0.204564 0.250261
0.47599 0.157274 0.200193
0.481341 0.238848 0.113003
0.771961 0.165689 0.116006
0.176341 0.160255 0.221779
0.826377 0.0563734 0.192856
0.410901 0.107011 0.106329
0.295417 0.177436 0.393121
0.356017 0.195708 0.220469
0.747527 0.124855 0.269003
0.395998 0.1953 0.297657
0.252563 0.175743 0.480099
0.78111 0.22001 0.150131
0.247231 0.182829 0.201914
0.878426 0.205294 0.209605
0.754461 0.133766 0.195167
0.381622 0.205832 0.231191
0.730956 0.171608 0.145218
0.446691 0.16343 0.31198
0.385853 0.187973 0.173694
0.474306 0.198771 0.199477
0.168847 0.165936 0.156867
0.91264 0.289323 0.172638
0.105005 0.202446 0.052106
0.0819842 0.17775 0.244904
0.232548 0.151212 0.237112
0.856375 0.220067 0.181807
0.192536 0.170216 0.270567
0.678728 0.222039 0.208217
0.29816 0.136858 0.265313
0.657666 0.215263 0.240319
