0.277804 0.233345 0.355141
0.323023 0.462926 0.700259
0.290236 0.301887 0.211391
0.232185 0.258758 0.696403
0.191283 0.267534 0.117572
0.225118 0.165635 0.81763
0.267044 0.148012 0.7097
0.341487 0.155875 0.61272
0.166729 0.211412 0.142998
0.228775 0.19639 0.918159
0.198532 0.052452 0.797551
0.322977 0.46527 0.19787
0.311401 0.333735 0.742132
0.204714 0.494579 0.752885
0.248837 0.160548 0.8347
0.283333 0.595746 0.704898
0.273788 0.510778 0.0775309
0.328145 0.44329 0.458262
0.260097 0.0939211 0.7085
0.347021 0.379396 0.73115
0.234828 0.261624 0.605369
0.32833 0.443065 0.463597
0.195827 0.457551 0.456083
0.260037 0.256293 0.186019
0.255131 0.277819 0.494786
0.158433  0.398 0.816775
0.29947 0.2607 0.317785
0.200295 0.298097 0.54383
0.224112 0.289904 0.182942
0.306724 0.248358 0.592185
0.246032 0.164921 0.028249
0.170757 0.142681 0.660415
0.122712 0.264078 0.470727
0.158922 0.596549 0.652076
0.180398 0.333652 0.177336
0.207727 0.150689 0.351518
0.202718 0.136428 0.572373
0.261332 0.237192 0.568907
0.257206 0.0631243 0.867494
0.251431 0.624329 0.659177
0.27611 0.354003 0.591992
0.327981 0.602892 0.604956
0.26996 0.362031 0.609957
0.146163 0.195157 0.384401
0.265542 0.29135 0.603862
0.327436 0.414203 0.780492
0.338371 0.329678 0.776749
0.188788 0.48722 0.782274
0.327791 0.45162 0.755433
0.195827 0.32582 0.277511
0.124171 0.354648 0.404116
0.10835 0.410204 0.249863
0.301592 0.328197 0.168248
0.16838 0.485296 0.829827
0.223572 0.177611 0.851976
0.25859 0.32277 0.877298
0.10789 0.390201 0.193984
0.229401 0.304844 0.476208
0.180513 0.148672 0.293548
0.245511 0.2061 0.664903
0.26029 0.128579 0.345522
0.271943 0.320983 0.533113
0.294565 0.469115 0.48754
0.122398 0.447485 0.748237
0.285314 0.244696 0.185642
0.142336 0.455394 0.246185
0.188233 0.213021 0.122258
0.151579 0.404018 0.779477
0.216791 0.504803 0.168574
0.336384 0.477041 0.625782
0.299957 0.341213 0.759875
0.241503 0.142478 0.852692
0.200193 0.388139 0.832953
0.262513 0.272135 0.510701
0.189275 0.0995972 0.07467
0.240791 0.127194 0.812773
0.131806 0.448321 0.491426
0.280738 0.20603 0.14602
0.253064 0.35727 0.545459
0.288069 0.271573 0.315168
0.366122 0.455501 0.759771
0.166858 0.247774 0.308227
0.119201 0.261498 0.682023
0.18612 0.112199 0.19374
0.210991 0.461431 0.0757075
0.21812 0.196563 0.293338
0.320711 0.175802 0.824302
0.222909 0.0925234 0.189965
0.302882 0.218088 0.397095
0.238728 0.13908 0.661397
0.119715 0.298803 0.468157
0.216139 0.223449 0.570216
0.274971 0.474212 0.70526
0.214059 0.168427 0.59989
0.259715 0.276809 0.715333
0.29044 0.478171 0.245003
0.239597 0.166591 0.213229
0.231872 0.277534 0.526604
0.259428 0.29369 0.624261
0.210632 0.221077 0.561989
0.139822 0.19762 0.263548
0.297219 0.249409 0.576255
0.217628 0.0930893 0.205531
0.110846 0.310425 0.532428
0.366241 0.32462 0.56563
0.188035 0.18248 0.959414
0.201827 0.173933 0.488908
0.353716 0.260419 0.536128
0.190593 0.0722472 0.737932
0.247795 0.28365 0.535662
0.227519 0.466674 0.757527
0.331592 0.254625 0.790312
0.223571 0.253456 0.601332
0.195455 0.632522 0.612442
0.372018 0.374006 0.245918
0.278434 0.185489 0.347273
0.230323 0.24035 0.565009
0.250423 0.185921 0.878687
0.351044 0.474012 0.745693
0.166943 0.223017 0.813624
0.237996 0.615227 0.689764
0.220329 0.311871 0.498316
0.0956363 0.388738 0.602361
0.257688 0.210018 0.674726
0.285314 0.185514  0.157
0.280738 0.147215 0.155162
0.333854 0.478598 0.568442
0.300851 0.183887 0.821757
0.214505 0.122754 0.425489
0.156072 0.422291 0.865131
0.252544 0.362589 0.146788
0.199522 0.607066 0.694358
0.234604 0.352633 0.584502
0.22632 0.138786 0.891309
0.365193 0.24765 0.294439
0.297304 0.319827 0.762904
0.195724 0.127808 0.411191
0.213616 0.289464 0.846721
0.309766 0.428243 0.867219
0.253156 0.274876 0.87509
0.147922 0.258517 0.797429
0.278312 0.310783 0.841594
0.204746 0.261088 0.0455184
0.336199 0.159056 0.424776
0.308668 0.446935 0.383565
0.320783 0.473081 0.127437
0.257316 0.305016 0.888813
0.228752 0.27656 0.581845
0.276282 0.0400281 0.162558
0.242267 0.292148 0.532315
0.22393 0.232601 0.205093
0.260449 0.297194 0.755098
0.230448 0.12606 0.847591
0.370102 0.353273 0.673929
0.105514 0.401256 0.690543
0.194995 0.0629516 0.887969
0.265903 0.303031 0.490648
0.163446 0.128861 0.352681
0.158278 0.482967 0.133449
0.322692 0.222414 0.814496
0.159778 0.302947 0.759263
0.283408 0.513802 0.81354
0.254728 0.290248 0.702667
0.132893 0.213412 0.404118
0.225877 0.132365 0.843462
0.245584 0.354244 0.11892
0.236832 0.306523 0.485538
0.252676 0.180182 0.804855
0.292863 0.587523 0.709594
0.359374 0.277405 0.692917
0.220589 0.12542 0.443878
0.361992 0.410219 0.518998
0.241129 0.22729 0.73468
0.262734 0.163872 0.289496
0.211164 0.100962 0.704259
0.346932 0.260711 0.452122
0.227213 0.265582 0.833844
0.259257 0.258269 0.345826
0.168276 0.261749 0.194786
0.340787 0.407115 0.838399
0.205636 0.200744 0.294127
0.197619 0.510167 0.0769092
0.213063 0.104242 0.0533226
0.345868 0.442844 0.744436
0.196686 0.212166 0.51643
0.154521 0.562967 0.715464
0.197476 0.139958 0.690822
0.304291 0.176513 0.660696
0.244366 0.204602 0.808718
0.143673 0.197101 0.824062
0.233282 0.31294 0.764797
0.177336 0.467759 0.485638
0.198744 0.564727 0.762882
0.341647 0.165606 0.341855
0.276804 0.297211 0.308967
0.100249 0.442433 0.590233
0.329994 0.306257 0.763177
0.272746 0.297677 0.524577
0.120012 0.415691 0.490841
0.179141 0.119333 0.311879
0.283474 0.0444378 0.820605
0.370579 0.367577 0.691294
0.291627 0.314985 0.123425
0.329969 0.127612 0.525983
0.171315 0.173135 0.564447
0.255082 0.35423 0.149788
0.263742 0.0977773 0.228129
0.171131 0.466302 0.847536
0.341234 0.359811 0.440437
0.225118 0.139576 0.7339
0.106873 0.292624 0.665556
0.246879 0.318473 0.508461
0.292245 0.120842 0.278271
0.219993 0.219818 0.0277251
0.285314 0.172314 0.265825
0.202065 0.454762 0.346512
0.232519 0.278214 0.528209
0.271486 0.224908 0.0939691
0.121191 0.419073 0.293657
0.337772 0.478453 0.586601
0.232752 0.136654 0.447177
0.107857 0.327865 0.523242
0.271521 0.203363 0.352975
0.190446 0.234912 0.718077
0.218365 0.288949 0.538519
0.235922 0.125745 0.92337
0.130783 0.478658 0.812606
0.255123 0.0524711 0.908683
0.352052 0.426593 0.210136
0.224768 0.194796 0.166842
0.193214 0.206508 0.488999
0.202209 0.134981 0.566165
0.105245 0.389099 0.526528
0.174398 0.207649 0.614104
0.348829 0.283985 0.448995
0.324066 0.441799 0.854844
0.210111 0.48551 0.674026
0.254121 0.197467 0.834885
0.119368 0.420245 0.175696
0.289544 0.107198 0.307513
0.30678 0.164512 0.826259
0.186671 0.207867 0.0455043
0.238602 0.146786 0.684509
0.139822 0.183704 0.262317
0.222872 0.501233 0.188906
0.289519 0.125488 0.278485
0.361771 0.236554 0.306109
0.136381 0.285933 0.430689
0.127774 0.548532 0.704254
0.168155 0.248195 0.307359
0.174694 0.250227 0.626929
0.293572 0.457781 0.321086
0.267453 0.254923 0.616151
0.208426 0.332894 0.106781
0.147412 0.30918 0.757578
0.242289 0.149564 0.870528
0.169682 0.328748 0.191559
0.168276 0.24612 0.159164
0.35543 0.249739 0.567244
0.232625 0.237312 0.740858
0.352544 0.399623 0.751431
0.222804 0.288418 0.6158
0.163868 0.150007 0.172064
0.179683 0.10299 0.300612
0.217276 0.0402502 0.88762
0.194425 0.0483806 0.812038
0.179522 0.262593 0.104305
0.341234 0.376069 0.384473
0.208602 0.150521 0.82465
0.226049 0.326546 0.55198
0.147995 0.430183 0.859075
0.303913 0.466703 0.845762
0.27236 0.294299 0.583338
0.16152 0.483774 0.827083
0.230466 0.308732 0.485515
0.285163 0.176713 0.824529
0.361787 0.433005 0.532454
0.222769 0.333747 0.293482
0.335178 0.110816 0.383889
0.246936 0.164435 0.720473
0.174108 0.295347 0.775362
0.340927 0.186674 0.487025
0.270133 0.145162 0.659737
0.256554 0.131724 0.111353
0.199377 0.223981 0.940436
0.225127 0.133397 0.889073
0.249138 0.460795 0.319294
0.292031 0.30251 0.280223
0.257772 0.297004 0.555361
0.167614 0.281195 0.771526
0.240254 0.179431 0.798591
0.289728 0.202754 0.689948
0.369761 0.353221 0.19531
0.280208 0.215036 0.955897
0.365412 0.217469 0.3048
0.193725 0.334811 0.129169
0.232752 0.198886 0.525895
0.267653 0.297753 0.758118
0.371421 0.38705 0.589987
0.221318 0.300002 0.583035
0.266607 0.254633 0.918517
0.25424 0.0657995 0.79152
0.19672 0.361873 0.851322
0.166729 0.217583 0.139619
0.2257 0.258587 0.826022
0.257955 0.309895 0.534676
0.350631 0.182966 0.637866
0.234425 0.0713918 0.789646
0.267231 0.278673 0.924809
0.172757 0.498801 0.763904
0.246065 0.297317 0.550823
0.262496 0.0871082 0.743977
0.232951 0.355153 0.583879
0.180172 0.180348 0.546167
0.151303 0.478859 0.826328
0.285314 0.226601 0.170073
0.260688 0.320673 0.537816
0.311327 0.599478 0.646849
0.20956 0.156101 0.659995
0.218735 0.472722 0.794034
0.280314 0.312826 0.794622
0.236923 0.153971 0.797751
0.243365 0.208059 0.0924566
0.203477 0.316531 0.818138
0.256128 0.0632004 0.871086
0.34786 0.466808 0.652537
0.177213 0.314809 0.25373
0.340869 0.218428 0.421547
0.137778 0.440207 0.851362
0.21298 0.484035 0.681456
0.196718 0.312033 0.785506
0.285314 0.246991 0.250963
0.258455 0.249296 0.276425
0.245411 0.175178 0.832167
0.305832 0.279623 0.788452
0.144078 0.228472 0.419048
0.176273 0.194033 0.662614
0.273401 0.310817 0.495452
0.130754 0.411484 0.764453
0.296544 0.16182 0.315637
0.242403 0.263626 0.263597
0.247481 0.187327 0.0914309
0.215484 0.265177 0.896379
0.295898 0.0654423 0.162814
0.175648 0.488037 0.0875677
0.190696 0.171503 0.144716
0.245898 0.219855 0.926201
0.288772 0.266056 0.72588
0.264774 0.364319 0.186561
0.21676 0.268313 0.589394
0.186787 0.459513 0.785654
0.148537 0.203291 0.400395
0.183024 0.446697 0.750876
0.239105 0.400672 0.833837
0.246488 0.135041 0.764197
0.280645 0.307359 0.84322
0.337828 0.175266 0.432721
0.232752 0.188229 0.474873
0.125413 0.204173 0.664538
0.187588 0.319085 0.5189
0.167939 0.462253 0.479964
0.251167 0.293576 0.619123
0.354657 0.382396 0.410888
0.11155 0.310798 0.703293
0.355159 0.405724 0.155188
0.205897 0.0329017 0.860508
0.225118 0.232567 0.739278
0.258905 0.454645 0.349378
0.182859 0.467665 0.291021
0.134981 0.448278 0.285475
0.250279 0.292997 0.745103
0.151948 0.181362 0.400123
0.116777 0.388697 0.409136
0.187028 0.197635 0.611633
0.312408 0.286067 0.767142
0.30635 0.246268 0.803702
0.227842 0.318484 0.0821877
0.226368 0.12351 0.927943
0.223642 0.2497 0.887397
0.163983 0.272832 0.774105
0.329527 0.154206 0.65993
0.343431 0.402253 0.766633
0.200069 0.457093 0.780955
0.161289 0.121248 0.265925
0.26727 0.360635 0.155655
0.269066 0.348442 0.148949
0.122891 0.394072 0.345292
0.285221 0.278408 0.325754
0.18612 0.13989 0.188496
0.117525 0.455355 0.707261
0.134627 0.469076 0.734319
0.313559 0.45092 0.451852
0.229002 0.255029 0.75387
0.418427 0.451302 0.684262
0.301892 0.620408 0.600633
0.186408 0.348063 0.155963
0.2911 0.106575 0.261716
0.182624 0.049784 0.180226
0.258716 0.313904 0.315529
0.159115 0.277345 0.789719
0.32232 0.446881 0.464882
0.244101 0.140353 0.911447
0.256787 0.348754 0.253016
0.280738 0.248239 0.151488
0.25912 0.275278 0.767127
0.191543 0.338802 0.594335
0.212429 0.210855 0.628405
0.247059 0.304362 0.578225
0.209769 0.4691  0.771
0.240896 0.503959 0.0499386
0.210825 0.26226 0.0432079
0.226616 0.204749 0.800216
0.23368 0.294422 0.582752
0.280659 0.491222 0.559968
0.207837 0.13046 0.546776
0.260868 0.241537 0.926329
0.241001 0.221814 0.676516
0.122726 0.272382 0.460926
0.288242 0.290913 0.757496
0.20839 0.195047 0.186565
0.20865 0.246354 0.190589
0.224007 0.27594 0.607526
0.179652 0.288799 0.250671
0.245645 0.129049 0.739016
0.254166 0.388913 0.835226
0.125212 0.423482 0.297836
0.100892 0.353671 0.586896
0.248552 0.22115 0.0955754
0.216498 0.29165 0.16831
0.262657 0.269682 0.608408
0.176706 0.25689 0.0743255
0.23423 0.288983 0.635236
0.323838 0.171976 0.66054
0.408582 0.432643 0.676298
0.347943 0.224315 0.521372
0.262447 0.284432 0.781927
0.290432 0.169864 0.0530202
0.228907 0.32613 0.588463
0.177418 0.23973 0.0642941
0.268902 0.489647 0.840011
0.244608 0.162488 0.224293
0.271663 0.285593 0.516575
0.280738 0.166081 0.153609
0.264313 0.625488 0.647889
0.235195 0.633833 0.626163
0.0981318 0.389028 0.604486
0.37665 0.403411 0.642043
0.18612 0.183847 0.25774
0.219126 0.169219 0.618233
0.226472 0.452651 0.375232
0.295039 0.204328 0.326416
0.245645 0.171996 0.841823
0.190696 0.162078 0.232191
0.224342 0.301538 0.898219
0.353018 0.401412 0.710447
0.297881 0.228088 0.806582
0.228776 0.294379 0.582818
0.109788 0.30843 0.541857
0.186953 0.283624 0.135471
0.211943 0.276904 0.886202
0.215562 0.195279 0.171749
0.178519 0.406428 0.874854
0.220396 0.234406 0.959868
0.155412 0.203906 0.302751
0.121073 0.409834 0.733735
0.353936 0.262801 0.535469
0.296369 0.0872441 0.265342
0.240793 0.147055 0.890965
0.334331 0.112699 0.369987
0.203183 0.232469 0.671043
0.229826 0.156305 0.238081
0.239918 0.150867 0.819912
0.142755 0.186761 0.817597
0.127647 0.430614 0.298985
0.231425 0.269073 0.704909
0.245645 0.150835 0.788772
0.192068 0.32239 0.289826
0.130852 0.205717 0.440002
0.152666 0.161575 0.397416
0.290231 0.456517 0.777439
0.18612 0.124777 0.162415
0.28446 0.0455142 0.210305
0.312296 0.21866 0.302335
0.302731 0.555896 0.746956
0.117968 0.469313 0.579989
0.135377 0.15572 0.427978
0.325692 0.454287 0.750528
0.243209 0.199798 0.828231
0.206826 0.0566326 0.102502
0.200302 0.487674 0.780519
0.288172 0.492432 0.079848
0.203526 0.493994 0.571404
0.373225 0.315295 0.252589
0.322328 0.237663 0.673007
0.219422 0.295119 0.588812
0.199717 0.285707 0.323908
0.190696 0.15601 0.120819
0.211198 0.0277304 0.190081
0.373371 0.357662 0.550536
0.235869 0.336756 0.107088
0.109786 0.308459 0.69472
0.191483 0.282659 0.328373
0.372866 0.410588 0.572972
0.241653 0.138705 0.836717
0.261966 0.248413 0.106439
0.139127 0.436141 0.737012
0.209955 0.0563855 0.855598
0.25597 0.334594 0.0837125
0.197457 0.212226 0.582544
0.188626 0.0575308 0.883561
0.245645 0.133354 0.813906
0.285296 0.439258 0.097185
0.329728 0.165907 0.379681
0.245645 0.168073 0.844488
0.132813 0.451496 0.703235
 0.337 0.432108 0.365524
0.173073 0.484091 0.652144
0.124575 0.196627 0.562383
0.179693 0.194292 0.391269
0.257303 0.147067 0.352596
0.35368 0.498611 0.772596
0.187202 0.15316 0.816832
0.213938 0.238158 0.767065
0.327727 0.228848 0.412177
0.252898 0.265429 0.890743
0.293547 0.103021 0.0896166
0.316641 0.173275 0.653709
0.320956 0.399208 0.803672
0.173731 0.158142 0.660065
0.177579 0.184771 0.306319
0.247569 0.438505 0.768945
0.190696 0.154941 0.234664
0.222134 0.336869 0.28895
0.317329 0.195685 0.426922
0.232485 0.282231 0.556272
0.145875 0.44555 0.450924
0.111072 0.232477 0.653635
0.272667 0.276989 0.514721
0.160226 0.246344 0.299319
0.170409 0.494376 0.119318
0.35125 0.3935 0.753283
0.245645 0.0953777 0.811689
0.23157 0.0543465 0.0992446
0.257941 0.277642 0.579477
0.280738 0.208945 0.219368
0.168276 0.146234 0.149994
0.190696 0.243066 0.252178
0.285314 0.115046 0.167858
0.243488 0.188584 0.839396
0.234072 0.108409 0.833248
0.319527 0.115512 0.439861
0.234109 0.227923 0.747961
0.227525 0.238629 0.102645
0.166286 0.242431 0.24082
0.190009 0.0446357 0.869954
0.191533 0.209799 0.665605
0.236113 0.159829 0.028774
0.367754 0.362896 0.702844
0.227526 0.177588 0.803927
0.284516 0.0617182 0.893918
0.190696 0.210683 0.192101
0.348077 0.342745 0.485827
0.253755 0.0658747 0.793674
0.228687 0.292587 0.556981
0.27911 0.126221 0.945169
0.194687 0.289815 0.32666
0.118671 0.425004 0.212589
0.206881 0.16179 0.66019
0.134799 0.461479 0.684621
0.134028 0.141316 0.599817
0.177711 0.146063 0.65965
0.245212 0.102625 0.805364
0.215181 0.305001 0.324812
0.23725 0.41442 0.84633
0.112696 0.364021 0.368317
0.337638 0.312565 0.422701
0.232138 0.250963 0.573543
0.216351 0.282136 0.859634
0.216365 0.274381 0.624797
0.314508 0.114582 0.57152
0.235295 0.245987 0.762612
0.24597 0.264977 0.554158
0.341562 0.238585 0.40651
0.322198 0.184867 0.395415
0.241503 0.138127 0.832758
0.199631 0.298097 0.559641
0.348905 0.358598 0.767334
0.214518 0.255138 0.826221
0.20166 0.276865 0.76263
0.23021 0.453556 0.363786
0.295477 0.310481 0.177128
0.229796 0.148192 0.281636
0.364626 0.291741 0.620549
0.295721 0.503082 0.133175
0.245645 0.0726749 0.879964
0.175623 0.0981735 0.119392
0.188598 0.304813 0.561901
0.28204 0.215193 0.685397
0.199888 0.131446 0.66348
0.225118 0.271583 0.886931
0.137943 0.479506 0.744102
0.195878 0.484494 0.774692
0.173231 0.188604 0.819826
0.285314 0.137582 0.172593
0.240501 0.105394 0.837834
0.135626 0.151652 0.465885
0.259748 0.0384086 0.880036
0.225118 0.0726059 0.824243
0.307918 0.275686 0.772311
0.29854 0.466385 0.848283
0.261652 0.272106 0.499248
0.139822 0.186862 0.344887
0.146301 0.472627 0.777156
0.237029 0.163154 0.792343
0.232904 0.222712 0.776697
0.260337 0.427059 0.881799
0.112456 0.328249 0.491765
0.225118 0.139299 0.93353
0.177362 0.257244 0.542625
0.176613 0.266727 0.0800575
0.296566 0.291659 0.112951
0.207647 0.331588 0.29226
0.170533 0.251623 0.320145
0.183133 0.193239 0.428982
0.223351 0.0932197 0.706713
0.232619 0.328948 0.839996
0.218638 0.246473 0.757902
0.296799 0.212111 0.813332
0.263221 0.343042 0.479252
0.225969 0.457737 0.332574
0.227772 0.133293 0.816296
0.117001 0.414788 0.29001
0.107466 0.337541 0.505724
0.245645 0.0813102 0.781091
0.231823 0.130072 0.535033
0.117167 0.417868 0.499638
0.306718 0.251063 0.540324
0.20056 0.311241 0.0849596
0.337899 0.476037 0.75352
0.0947863 0.399804 0.636258
0.131292 0.448863 0.731564
0.280738 0.153861 0.143282
0.116235 0.415258 0.199395
0.197154 0.506958 0.144256
0.365157 0.399841 0.679979
0.190696 0.215282 0.241861
0.365905 0.346948 0.531777
0.29073 0.0611986 0.140932
0.352864 0.279375 0.505081
0.222837 0.250531 0.55964
0.371598 0.34744 0.558708
0.279197 0.340901 0.754197
0.220293 0.0424603 0.265751
0.317936 0.211716 0.41079
0.230978 0.192324 0.913422
0.108826 0.441148 0.702807
0.269472 0.342172 0.614855
0.353198 0.378854 0.464255
0.185696 0.324618 0.2598
0.232752 0.208744 0.61991
0.0997551 0.372136 0.235518
0.213356 0.278333 0.716915
0.218548 0.341965 0.26844
0.35199 0.315555 0.440578
0.351698 0.221422 0.574485
0.263103 0.311249 0.767899
0.172903 0.335735 0.190267
0.135115 0.479425 0.741969
0.232489 0.491825 0.842271
0.223287 0.213449 0.593614
0.274271 0.0706747 0.756577
0.100096 0.378165 0.24586
0.211811 0.294685 0.621571
0.280738 0.195566 0.208351
0.333497 0.478506 0.566189
0.280738 0.217792 0.223504
0.225118 0.23107 0.781978
0.229474 0.463798 0.863182
0.222268 0.211704 0.92921
0.246609 0.281893 0.519639
0.24063 0.184418 0.0254274
0.289363 0.311879 0.0847252
0.240784 0.253011 0.889928
0.240912 0.0774264 0.841127
0.23579 0.399103 0.846024
0.212913 0.220716 0.96377
0.257453 0.175263 0.358354
0.226871 0.477046 0.771867
0.0984739 0.375504 0.286266
0.190904 0.491956 0.614732
0.253278 0.26776 0.608198
0.184255 0.467104 0.48282
0.217929 0.0724741 0.308353
0.201827 0.175224 0.497368
0.190474 0.500279 0.0773378
0.331087 0.207062 0.665086
0.291273 0.23603 0.651861
0.268512 0.289388 0.911605
0.176466 0.120664 0.100181
0.153718 0.328369 0.744843
0.245645 0.0889475 0.883433
0.190696 0.208788 0.241601
0.279064 0.233305 0.950508
0.147676 0.174268 0.29231
0.207396 0.495362 0.76266
0.212858 0.293868 0.202436
0.214845 0.263162 0.0426004
0.206199 0.285627 0.917108
0.245645 0.176556 0.765711
0.233288 0.2762 0.347034
0.350136 0.38079 0.791768
0.194766 0.38875 0.87059
0.264369 0.322199 0.656807
0.2705 0.151107 0.707798
0.177113 0.194912 0.541467
0.187916 0.342473 0.203881
0.304051 0.189561 0.370347
0.234072 0.138345 0.834127
0.168276 0.229561 0.366841
0.284589 0.192078 0.0442788
0.248422 0.307331 0.54226
0.129801 0.34319 0.779536
0.362019 0.40005 0.735777
0.24656 0.207887 0.665242
0.166729 0.231914 0.180319
0.270073 0.301416 0.624925
0.137185 0.474267 0.647309
0.304083 0.249805 0.786218
0.23846 0.183918 0.7613
0.164132 0.340288 0.740516
0.245645 0.280253 0.810327
0.232752 0.169657 0.506552
0.216268 0.133386 0.466086
0.287671 0.158193 0.81047
0.215627 0.220489 0.205038
0.129178 0.232581 0.427593
0.348708 0.297301 0.414304
0.121477 0.519781 0.746315
0.344289 0.480026 0.744671
0.229349 0.169617 0.203409
0.168276 0.221799 0.413881
0.245645 0.220691 0.728577
0.377635 0.433984 0.695989
0.237361 0.304002 0.553112
0.348895 0.14732 0.34403
0.253765 0.167464 0.940038
0.268092 0.170009 0.851559
0.280738 0.184664 0.163971
0.227092 0.494478 0.559368
0.158905 0.310766 0.774484
0.291037 0.123646 0.316295
0.393898 0.389016 0.143122
0.280738 0.212395 0.198264
0.280738 0.15778 0.211587
0.282863 0.455335 0.446896
0.364966 0.321439 0.664198
0.303075 0.48687 0.0996024
0.105746 0.398935 0.27774
0.209561 0.334208 0.668683
0.252857 0.177317 0.850747
0.233998 0.266927 0.180436
0.320662 0.181982 0.202769
0.33353 0.382888 0.754738
0.263338 0.3067 0.774862
0.2469 0.283733 0.608167
0.168276 0.192617 0.130725
0.176276 0.390644 0.815318
0.364418 0.384662 0.65989
0.181145 0.169131 0.0529472
0.248869 0.315629 0.664872
0.280794 0.232502 0.692232
0.257717 0.0926389 0.80264
0.189943 0.224408 0.341852
0.201862 0.202401 0.664202
0.150532 0.487634 0.815132
0.327389 0.454133 0.76699
0.348736 0.286633 0.444754
0.166729 0.194001 0.1381
0.217664 0.231109 0.356257
0.312029 0.177511 0.3418
0.215738 0.2482 0.563573
0.133546 0.32044 0.408134
0.269126 0.325143 0.655151
0.247542 0.364141 0.529302
0.308354 0.176386 0.324738
0.206794 0.209083 0.630692
0.226323 0.279364 0.578345
0.160226 0.12414 0.246079
0.246026 0.413719 0.843789
0.131131 0.176967 0.491021
0.350966 0.431126 0.270447
0.161523 0.552939 0.739764
0.25896 0.536427 0.80166
0.237637 0.486415 0.679574
0.223533 0.247863 0.607627
0.119587 0.377972 0.751564
0.219403 0.281587 0.182966
0.216821 0.182925 0.591729
0.190388 0.298797 0.848824
0.176281 0.0801833 0.224438
0.205941 0.327992 0.531946
0.131773 0.199267 0.430043
0.201827 0.141991 0.56783
0.113947 0.45426 0.82066
0.272541 0.0767194 0.906252
0.222484 0.29394 0.190308
0.250731 0.314488 0.52324
0.146792 0.211489 0.192583
0.104105 0.452242 0.582603
0.270498 0.321738 0.584909
0.241503 0.194699 0.859534
0.123164 0.433374 0.216849
0.36055 0.281167 0.578088
0.245645 0.093322 0.77095
0.232385 0.0914445 0.878498
0.256999 0.273322 0.890539
0.214079 0.169771 0.804652
0.295184 0.500853 0.147737
0.107696 0.323247 0.677308
0.181791 0.585643 0.718235
0.239398 0.274814 0.52012
0.319883 0.165149 0.384341
0.264528 0.280919 0.590678
0.269927 0.0336098 0.212677
0.103658 0.372474 0.641835
0.269551 0.267832 0.263086
0.35911 0.399672 0.172689
0.25703 0.168065 0.170855
0.350687 0.283873 0.472492
0.161537 0.142528 0.153856
0.332768 0.122843 0.633843
0.22749 0.0982538 0.864114
0.252819 0.290924 0.48981
0.242639 0.338884 0.582362
0.209693 0.111885 0.0500554
0.258553 0.176612 0.6607
0.175052 0.197231 0.663221
0.238119 0.359892 0.176019
0.237284 0.299609 0.322664
0.335801 0.453928 0.493348
0.205198 0.198115 0.823795
0.245645 0.219238 0.791739
0.273775 0.308548 0.72884
0.139548 0.467844 0.773101
0.24192 0.219272 0.780299
0.314402 0.100558 0.587022
0.179924 0.453571 0.440757
0.215921 0.294176 0.194296
0.304478 0.189772 0.359818
0.185867 0.450868 0.405704
0.131906 0.179864 0.465865
0.216883 0.156001 0.800879
0.262813 0.0615712 0.738072
0.372386 0.30804 0.260255
0.320662 0.179221 0.333648
0.21438 0.366118 0.198438
0.161648 0.136352 0.167226
0.147629 0.197295 0.39918
0.247181 0.327725 0.830314
0.293318 0.279761 0.754969
0.225118 0.110958 0.74585
0.327491 0.472064 0.739267
0.357251 0.400529 0.743686
0.251906 0.238897 0.91563
0.320136 0.214586 0.356309
0.245371 0.157496 0.277427
0.205892 0.350905 0.594072
0.192331 0.217029 0.40821
0.223376 0.170593 0.188119
0.346672 0.415602 0.312569
0.280738 0.233917 0.225816
0.138582 0.211684 0.665962
0.232686 0.281732 0.574967
0.268537 0.350591 0.253171
0.257904 0.288726 0.337392
0.174013 0.301999 0.769018
0.238277 0.0982465 0.767098
0.277499 0.30366 0.495516
0.217643 0.271487 0.612698
0.208862 0.482089 0.246214
0.174877 0.153815 0.313396
0.230351 0.150729 0.722671
0.105602 0.359297 0.509338
0.227548 0.193621 0.907719
0.394304 0.335102 0.189176
0.211676 0.0797602 0.314799
0.186836 0.293827 0.784073
0.197062 0.276044 0.25422
0.20447 0.183858 0.610053
0.250373 0.251601 0.58036
0.247643 0.32592 0.589102
0.294154 0.0603948 0.225252
0.231971 0.208846 0.628096
0.16431 0.205076 0.82284
0.225118 0.076346 0.775565
0.24023 0.315342 0.501095
0.236675 0.296752 0.333688
0.356615 0.305901 0.511363
0.167021 0.29152 0.704487
0.180871 0.176054 0.66068
0.312031 0.484446 0.140512
0.165239 0.137922 0.165805
0.212368 0.286981 0.536783
0.256835 0.244823 0.703534
0.264707 0.34301 0.259146
0.21936 0.268801 0.582932
0.272523 0.232433 0.347712
0.210285 0.338106 0.618748
0.245092 0.245248 0.352183
0.204681 0.316688 0.815476
0.292341 0.608671 0.663529
0.219173 0.355937 0.580164
0.225897 0.206059 0.852115
0.209724 0.1597 0.134923
0.355086 0.483591 0.792953
0.346871 0.190422 0.574512
0.234871 0.471697 0.76132
0.137357 0.143964 0.407571
0.132802 0.443329 0.226998
0.312724 0.475285 0.211251
0.216009 0.146186 0.87704
0.133227 0.354129 0.792853
0.234072 0.20328 0.876533
0.197898 0.472429 0.710279
0.187269 0.316737 0.83613
0.280125 0.041011 0.797428
0.274181 0.365257 0.538349
0.0986371 0.375025 0.261414
0.20623 0.132169 0.691428
0.160156 0.474066 0.232164
0.251094 0.181074 0.766716
0.190696 0.182002 0.213604
0.177039 0.162907 0.845051
0.0398203 0.450741 0.733476
0.213213 0.192438 0.843945
0.238942 0.210622 0.851765
0.18612 0.203561 0.192131
0.128574 0.475964 0.613785
0.169286 0.491193 0.179793
0.307739 0.48179 0.205935
0.118538 0.395267 0.325299
0.325105 0.467988 0.159764
0.166729 0.197323 0.136589
0.267349 0.297337 0.597357
0.372072 0.391335 0.147873
0.176048 0.31137 0.191279
0.332119 0.263125 0.419989
0.225614 0.322559 0.795496
0.323573 0.261761 0.795638
0.136834 0.146715 0.483342
0.19194 0.309155 0.806754
0.308528 0.188964 0.828522
0.339492 0.43283 0.128653
0.346926 0.352651 0.769165
0.117853 0.200983 0.636705
0.360183 0.268995 0.593152
0.269317 0.227121 0.0949319
0.320662 0.183769 0.241518
0.269393 0.363915 0.591503
0.225118 0.0670426 0.847537
0.327564 0.219509 0.813765
0.253838 0.358878 0.213883
0.166729 0.183022 0.156368
0.182176 0.0507704 0.173607
0.175246 0.115489 0.0888394
0.27786 0.348221 0.193906
0.216624 0.245266 0.759127
0.313286 0.111216 0.548571
0.184334 0.491853 0.830578
0.183238 0.150872 0.822944
0.369402 0.412609 0.691491
0.285314 0.239577 0.136165
0.191242 0.479294 0.250802
0.152015 0.325366 0.76825
0.280738 0.237024 0.234109
0.23928 0.178401 0.760764
0.318278 0.616151 0.572611
0.222671 0.285147 0.534804
0.241045 0.200767 0.817021
0.285314 0.142645 0.20802
0.17149 0.497738 0.144332
0.258578 0.291079 0.165802
0.164814 0.401652 0.802344
0.113711 0.215346 0.65543
0.213876 0.0920096 0.19989
0.234985 0.289185 0.608785
0.281769 0.220485 0.294373
0.127084 0.480302 0.746808
0.238925 0.147696 0.778297
0.28184 0.113937 0.165264
0.232243 0.321789 0.789739
0.217381 0.499971 0.189254
0.252847 0.204444 0.664589
0.17945 0.30757 0.290955
0.106071 0.333965 0.529853
0.248948 0.291812 0.531468
0.259283 0.199818 0.943649
0.273534 0.030573 0.82157
0.199048 0.0918893 0.0705989
0.24134 0.412223 0.845058
0.239335 0.0941717 0.208375
0.277043 0.322582 0.523276
0.17896 0.501702 0.817606
0.370584 0.342564 0.573566
0.242886 0.169851 0.202884
0.166036 0.461828 0.762426
0.223619 0.451959 0.390321
0.337986 0.161105 0.50975
0.113852 0.343866 0.51031
0.189397 0.201453 0.510984
0.174573 0.328813 0.748872
0.339475 0.16748 0.52812
0.212313 0.27606 0.336499
0.232807 0.273955 0.339864
0.275625 0.38834 0.821821
0.269134 0.281522 0.518597
0.102713 0.375021 0.525243
0.218155 0.181499 0.937467
0.219714 0.342559 0.478406
0.18612 0.173715 0.273403
0.235847 0.190095 0.840496
0.266983 0.303354 0.60142
0.243357 0.493099 0.634157
0.239868 0.216123 0.783596
0.26455 0.308286 0.625676
0.249543 0.202236 0.940201
0.0933696 0.376107 0.605728
0.0750198 0.453322 0.714564
0.186211 0.160136 0.483847
0.361843 0.450783 0.666422
0.197096 0.441205 0.0956134
0.217031 0.307815 0.557017
0.283647 0.293786 0.227181
0.290546 0.500474 0.820176
0.353906 0.387789 0.705926
0.177039 0.165971 0.823579
0.203668 0.323855 0.832052
0.234377 0.145465 0.890085
0.375839 0.374777 0.670005
0.280738 0.148687 0.257497
0.421406 0.448361 0.681229
0.127382 0.156116 0.647839
0.234072 0.218231 0.852499
0.311446 0.142775 0.63346
0.338968 0.3183 0.439446
0.288369 0.0929208 0.235615
0.24797 0.461069 0.7892
0.354895 0.393629 0.747259
0.361417 0.401822 0.511161
0.345532 0.480289 0.750188
0.190696 0.239041 0.144787
0.285314 0.169783 0.246064
0.293719 0.15174 0.828052
0.140942 0.379774 0.767108
0.275795 0.498962 0.0675573
0.114404 0.316149 0.502468
0.297026 0.209495 0.66379
0.106623 0.471345 0.716585
0.336213 0.472342 0.733367
0.241186 0.137707 0.76282
0.367802 0.369293 0.711825
0.230588 0.523192 0.10387
0.266883 0.234191 0.933225
0.312945 0.236231 0.808799
0.261391 0.272386 0.638531
0.209164 0.32532 0.543873
0.206474 0.321775 0.626083
0.188696 0.455593 0.339313
0.256061 0.279844 0.579604
0.214389 0.17006 0.660474
0.195819 0.12837 0.412953
0.194879 0.493188 0.609821
0.37611 0.367672 0.133381
0.241503 0.129681 0.81958
0.231279 0.274855 0.339336
0.235043 0.252398 0.952213
0.245645 0.0812575 0.764425
0.341234 0.358163 0.42372
0.217456 0.284544 0.606024
0.226717 0.0927538 0.188233
0.245645 0.240202 0.752526
0.208119 0.206315 0.967354
0.194293 0.0524898 0.900197
0.370604 0.34728 0.533815
0.231324 0.549762 0.788495
0.190696 0.216327 0.239811
0.18612 0.260781 0.207029
0.132573 0.15861 0.560271
0.226835 0.306932 0.611568
0.362811 0.406282 0.27783
0.257759 0.248406 0.61372
0.18612 0.227331 0.180347
0.219446 0.0645553 0.816877
0.247525 0.220497 0.0274936
0.250011 0.231871 0.772711
0.216469 0.395292 0.881119
0.177525 0.121828 0.281913
0.253694 0.122326 0.693431
0.102099 0.347929 0.538606
0.192092 0.0504854 0.24964
0.224737 0.252706 0.706099
0.118114 0.27081 0.520536
0.177842 0.111344 0.303091
0.232752 0.172926 0.600009
0.378285 0.369146 0.607955
0.373885 0.368653 0.274608
0.2516 0.143871 0.886295
0.234129 0.137509 0.816426
0.245892 0.282893 0.824623
0.256588 0.288431 0.806131
0.285314 0.206113 0.180946
0.139822 0.181483 0.277522
0.128232 0.194797 0.519716
0.268796 0.042905 0.888171
0.112323 0.384065 0.683029
0.222262 0.457498 0.780557
0.245451 0.100672 0.854462
0.315163 0.187598 0.655431
0.341166 0.426195 0.4699
0.225118 0.256991 0.872752
0.301207 0.494185 0.166548
0.22524 0.29202 0.524843
0.226043 0.280708 0.52885
0.209188 0.137126 0.495857
0.117966 0.375685 0.77547
0.324474 0.302455 0.760673
0.344748 0.17975 0.571837
0.190696 0.236214 0.23875
0.208233 0.235022 0.285206
0.23954 0.258951 0.745247
0.263895 0.339977 0.266083
0.209798 0.47611 0.487693
0.225118 0.11189 0.919253
0.214759 0.272314 0.504458
0.212969 0.316292 0.805915
0.215901 0.134527 0.767787
0.193652 0.0977409 0.315043
0.294007 0.601136 0.677484
0.22156 0.352054 0.586447
0.220817 0.27265 0.783736
0.18612 0.150737 0.168832
0.278934 0.512474 0.10439
0.230857 0.422072 0.843473
0.209132 0.136065 0.715024
0.245618 0.125708 0.923446
0.223555 0.0947342 0.328414
0.22116 0.0994371 0.703463
0.116777 0.379042 0.401218
0.3666 0.363166 0.708212
0.250119 0.0273366 0.842195
0.31348 0.11019 0.541316
0.355853 0.429801 0.510545
0.223065 0.157976 0.823116
0.217334 0.303005 0.586809
0.304732 0.484729 0.637561
0.176299 0.265509 0.0998128
0.258382 0.255466 0.560137
0.268441 0.0326417 0.211782
0.208435 0.115041 0.257459
0.226728 0.202405 0.797105
0.193239 0.312501 0.817578
0.239999 0.489102 0.667428
0.161251 0.237671 0.67301
0.170204 0.327177 0.21756
0.280738 0.169683 0.163466
0.183322 0.197467 0.0833521
0.204817 0.127935 0.716274
0.216509 0.181246 0.39212
0.23128 0.285769 0.536221
0.12455 0.403514 0.327275
0.268732 0.346795 0.26175
0.268078 0.492355 0.628092
0.236771 0.175756 0.742474
0.199051 0.503747 0.067794
0.344372 0.36232 0.394143
0.311633 0.394137 0.793285
0.206338 0.364227 0.558181
0.291578 0.267735 0.108707
0.166729 0.199679 0.209775
0.221451 0.270857 0.25595
0.201827 0.148814 0.474014
0.255373 0.308947 0.551378
0.217223 0.471044 0.749884
0.207169 0.191551 0.0289672
0.191735 0.205355 0.96078
0.142251 0.178001 0.349224
0.256407 0.32157 0.796263
0.286556 0.169445 0.660453
0.256658 0.421774 0.832981
0.215576 0.233581 0.774604
0.270306 0.455956 0.746018
0.216585 0.506667 0.776765
0.141514 0.440595 0.453889
0.260601 0.0635481 0.0908339
0.366848 0.391449 0.713027
0.334068 0.453549 0.134774
0.244155 0.187862 0.817343
0.279218 0.0430388 0.160866
0.198839 0.29544 0.178475
0.277698 0.310958 0.509326
0.230185 0.523635 0.100605
0.217501 0.244786 0.587992
0.195266 0.0325805 0.849622
0.261332 0.255956 0.589747
0.245645 0.264443 0.86925
0.285119 0.517333 0.809053
0.335389 0.339838 0.755433
0.230974 0.0661663 0.807514
0.243132 0.293149 0.53468
0.285314 0.126612 0.228017
0.0503895 0.452314 0.690472
0.30725 0.545611 0.754721
0.258616 0.161308 0.971549
0.195859 0.0839622 0.718376
0.298786 0.301082 0.284917
0.1302 0.375728 0.409491
0.316817 0.211926 0.199267
0.378737 0.360604 0.612786
0.152162 0.181856 0.407593
0.257722 0.180803 0.945865
0.227155 0.328193 0.555164
0.312856 0.0903074 0.490779
0.180397 0.126515 0.102953
0.290025 0.550452 0.765554
0.276353 0.328131 0.748201
0.35766 0.248699 0.595497
0.232926 0.258924 0.606436
0.205704 0.331022 0.511486
0.0980463 0.373012  0.276
0.164472 0.227439 0.435489
0.26029 0.465397 0.731227
0.267181 0.466549 0.77139
0.185101 0.47663 0.497311
0.117306 0.313864 0.734599
0.364554 0.450091 0.65981
0.389179 0.330817 0.230168
0.228517 0.281674 0.81593
0.322216 0.231679 0.810136
0.197253 0.314814 0.845392
0.318011 0.469922 0.205782
0.365896 0.33223 0.54014
0.298495 0.24862 0.677152
0.127561 0.442328 0.193366
0.109227 0.412272 0.521624
0.360488 0.34922 0.480821
0.122724 0.27791 0.454533
0.163639 0.190584 0.829848
0.264426 0.267022 0.587487
0.263073 0.0581677 0.865375
0.229347 0.349738 0.266674
0.242371 0.296784 0.736502
0.24234 0.263453 0.791429
0.211627 0.208012 0.674352
0.332872 0.405162 0.784238
0.303068 0.484985 0.638959
0.263796 0.259667 0.0433106
0.260372 0.159073 0.660097
0.265441 0.294829 0.648245
0.285314 0.219418 0.229441
0.175607 0.0758326 0.218487
0.263034 0.290559 0.50779
0.239476 0.489676 0.774897
0.371987 0.366192 0.680972
0.271546 0.364681 0.530418
0.265873 0.283494 0.627805
0.240525 0.286489 0.601581
0.282371 0.0442619 0.796227
0.272155 0.0438877 0.767596
0.152798 0.184429 0.169646
0.252364 0.256281 0.756221
0.305072 0.194429 0.257332
0.280738 0.210379 0.146823
0.259628 0.251346 0.548882
0.146431 0.324921 0.747265
0.31635 0.207687 0.665204
0.228474 0.0468658 0.903022
0.351371 0.389994 0.752919
0.223824 0.300385 0.581559
0.287133 0.486516 0.651431
0.195833 0.127407 0.694796
0.25284 0.123491 0.265597
0.320588 0.20288 0.346016
0.197759 0.134958 0.27797
0.260477 0.138612 0.689225
0.112971 0.364518 0.745059
0.320662 0.197065 0.184594
0.23894 0.404278 0.845369
0.312976 0.48353 0.765044
0.225118 0.196001 0.814529
0.295745 0.210101 0.310518
0.289483 0.490457 0.191848
0.347982 0.345639 0.408681
0.285314 0.153311 0.224241
0.296551 0.274853 0.096112
0.136878 0.380253 0.776938
0.136065 0.494854 0.795018
0.227867 0.134819 0.886668
0.395858 0.453806 0.687715
0.243621 0.218224 0.868848
0.178803 0.202214 0.61172
0.267037 0.356261 0.189282
0.235209 0.131411 0.349285
0.177168 0.0956509 0.129669
0.186145 0.452565 0.362144
0.192744  0.321 0.292811
0.304873 0.206222 0.34887
0.229533 0.307762 0.483225
0.368339 0.389921 0.23215
0.363554 0.395223 0.728681
0.166729 0.132591 0.198143
0.240888 0.190409 0.883577
0.316371 0.107442 0.5284
0.388999 0.339394 0.218598
0.288821 0.343928 0.221058
0.234072 0.161111 0.883339
0.260638 0.326192 0.848637
0.346116 0.405674 0.828854
0.281216 0.0479548 0.149511
0.217721 0.480099 0.739974
0.29602 0.322673 0.752554
0.219395 0.303339 0.474723
0.292711 0.471008 0.489211
0.137981 0.57843 0.661574
0.270777 0.485295 0.231997
0.151525 0.444818 0.398592
0.215337 0.304006 0.599521
0.320662 0.199947 0.266743
0.187203 0.625376 0.62263
0.219423 0.196974 0.819201
0.244512 0.21275 0.915777
0.275088 0.298558 0.826401
0.268859 0.331489 0.634852
0.190696 0.203629 0.141975
0.249098 0.0398186 0.888188
0.146797 0.452493 0.757234
0.192953 0.10342 0.0671526
0.107863 0.410292 0.257551
0.32139 0.470433 0.116044
0.196035 0.205892 0.628943
0.24673 0.244627 0.539184
0.216621 0.185737 0.885914
0.141574 0.481998 0.757897
0.213787 0.115231 0.929544
0.19387 0.102628 0.932105
0.237826 0.275895 0.522687
0.244112 0.222898 0.872462
0.144577 0.448494 0.318016
0.249971 0.0944805 0.328005
0.280454 0.61387 0.672028
0.306251 0.467955 0.844124
0.116777 0.374686 0.407626
0.256952 0.10956 0.134762
0.294243 0.0754563 0.260713
0.104974 0.424794 0.545044
0.243803 0.286531 0.635748
0.245645 0.11976 0.733023
0.255023 0.193413 0.220563
0.207419 0.128328 0.395125
0.228095 0.270164 0.937746
0.364801 0.33653 0.516875
0.19757 0.041246 0.236728
0.190091 0.350734 0.152843
0.247707 0.0341222 0.244514
0.26456 0.303921 0.656997
0.266206 0.275739 0.131272
0.29632 0.195708 0.659156
0.243241 0.0947984 0.213715
0.310398 0.409698 0.796163
0.389634 0.276921 0.275631
0.242642 0.360133 0.206551
0.241503 0.134275 0.794444
0.18612 0.151712 0.129473
0.368422 0.32811 0.630664
0.179306 0.11332 0.112799
0.255047 0.152353 0.0993032
0.201482 0.217018 0.571069
0.322741 0.242351 0.805242
 0.365 0.335383 0.522171
0.267376 0.60507 0.701227
0.31876 0.170525 0.235022
0.118873 0.454649 0.675813
0.344779 0.420168 0.391153
0.259609 0.172524 0.217032
0.13352 0.440613 0.724233
0.272676 0.237931 0.357124
0.167759 0.126648 0.32185
0.139785 0.266548 0.786215
0.222388 0.273596 0.533025
0.238773 0.0326539 0.240923
0.280738 0.248059 0.251855
0.309804 0.18264 0.419476
0.18612 0.249719 0.175704
0.228299 0.27408 0.513134
0.279959 0.238496 0.946134
0.245645 0.280708 0.811351
0.350838 0.330096 0.746065
0.29698 0.237443 0.801946
0.331924 0.125032 0.595451
0.139539 0.448189 0.745193
0.131717 0.328532 0.430644
0.359794 0.472432 0.756305
0.306751 0.617261 0.599051
0.261858 0.318113 0.526396
0.130268 0.440508 0.279782
0.218346 0.332479 0.632144
0.23676 0.319757 0.552848
0.178393 0.34199 0.749693
0.230036 0.171099 0.359567
0.216585 0.151479 0.115587
0.347911 0.393757 0.453751
0.244666 0.144551 0.792786
0.336147 0.298417 0.424025
0.183982 0.491029 0.570359
0.330581 0.583241 0.653518
0.241293 0.264931 0.614814
0.173069 0.286452 0.773775
0.2432 0.34755 0.847757
0.106484 0.35729 0.706893
0.306939 0.616688 0.60087
0.226946 0.19403 0.828698
0.290926 0.303976 0.873172
0.224048 0.0253586 0.197059
0.173148 0.449007 0.412914
0.182229 0.294058 0.0904869
0.205804 0.356965 0.532828
0.194271 0.345501 0.843727
0.233437 0.203678 0.803511
0.296564 0.0965336 0.110717
0.15653 0.192128 0.352196
0.225118 0.15294 0.816724
0.341939 0.448086 0.495061
0.234115 0.210192 0.915379
0.269246 0.103263 0.929308
0.187407 0.288829 0.890605
0.190469 0.513116 0.816011
0.190696 0.22696 0.216106
0.245645 0.182936 0.881459
0.213478 0.267658 0.261183
0.262176 0.517915 0.098816
0.280738 0.133375 0.226636
0.278345 0.0480708 0.848219
0.346346 0.423062 0.297806
0.330015 0.322965 0.764554
0.16615 0.230693 0.403274
0.240461 0.246528 0.954776
0.127017 0.155906 0.659988
0.32659 0.276115 0.774381
0.24027 0.363533 0.855946
0.261834 0.287544 0.540197
0.245645 0.118062 0.909163
0.254224 0.183011 0.830371
0.342074 0.447442 0.731014
0.18612 0.177812 0.212061
0.348845 0.36155 0.490741
0.225118 0.208699 0.729374
0.241116 0.13524 0.90395
0.13048 0.449408 0.757669
0.331137 0.471312 0.734568
0.293272 0.457083 0.4698
0.225118 0.18304 0.764209
0.219889 0.291467 0.523575
0.270369 0.46413 0.306284
0.161153 0.406046 0.821656
0.295287 0.338707 0.758162
0.314568 0.123974 0.608339
0.194873 0.0314618 0.822486
0.208496 0.226094 0.354562
0.148067 0.492897 0.807225
0.242323 0.101475 0.233818
0.16038 0.474337 0.232082
0.104773 0.32186 0.653745
0.201827 0.163785 0.498797
0.218951 0.2248 0.783092
0.236763 0.12148 0.932094
0.236483 0.332401 0.672036
0.309137 0.481565 0.195859
0.198712 0.263803 0.937526
0.220957 0.0265521 0.182773
0.259279 0.283509 0.53066
0.277308 0.285119 0.241226
0.245645 0.0740351 0.858374
0.235293 0.291076 0.517199
0.356762 0.207559 0.3219
0.254282 0.31547 0.506598
0.101821 0.399627 0.546419
0.234582 0.208743 0.82889
0.235773 0.32914 0.847103
0.249746 0.3024 0.55655
0.0941175 0.457455 0.725772
0.239653 0.300865 0.755287
0.190096 0.232304 0.599455
0.325155 0.575762 0.682422
0.181049 0.339822 0.751736
0.227293 0.2009 0.814206
0.302864 0.110956 0.591772
0.190696 0.119861 0.189931
0.265225 0.270646 0.0492746
0.185644 0.201833 0.423495
0.258018 0.339814 0.62036
0.18612 0.229678 0.122167
0.243634 0.277468 0.617666
0.230432 0.566217 0.769825
0.218126 0.416314 0.830002
0.268732 0.186161 0.089422
0.224536 0.334855 0.552756
0.328971 0.263604 0.782203
0.280738 0.166931 0.130311
0.252445 0.135342 0.274734
0.124439 0.469699 0.64229
0.227022 0.185984 0.360472
0.334388 0.455771 0.177413
0.166209 0.161453 0.660179
0.130249 0.440924 0.276907
0.137889 0.492432 0.800249
0.183216 0.226936 0.630605
0.361426 0.455089 0.756964
0.178449 0.303116 0.8717
0.102779 0.329975 0.641724
0.175668 0.471869 0.276514
0.21851 0.193067 0.828777
0.110451 0.282324 0.581401
0.234804 0.520683 0.123813
0.25398 0.331527 0.539317
0.367967 0.403152 0.708325
0.230282 0.225078 0.20691
0.134226 0.461265 0.684246
0.108295 0.28725 0.607183
0.1616 0.449044 0.347376
0.278953 0.0433464 0.230007
0.286087 0.307628 0.100694
0.223266 0.291815 0.511013
0.374244 0.353682 0.586988
0.241503 0.137056 0.793583
0.170566 0.173186 0.824287
0.232752 0.139473 0.540601
0.139822 0.192704 0.228911
0.232752 0.14338 0.511126
0.280738 0.232889 0.216676
0.101699 0.411171 0.69066
0.315001 0.225812 0.814003
0.291205 0.47851 0.842108
0.228272 0.137246 0.771976
0.253029 0.177711 0.80432
0.121471 0.215449 0.564518
0.186607 0.209806 0.703979
0.352367 0.507147 0.761534
0.246659 0.329478 0.639459
0.234072 0.133166 0.858473
0.271641 0.137844 0.965725
0.361379 0.265011 0.616068
0.325516 0.214648 0.388936
0.184029 0.20098 0.663932
0.3401 0.117897 0.361368
0.160226 0.262712 0.189233
0.260025 0.488785 0.220517
0.305688 0.168887 0.666753
0.245645 0.084162 0.810865
0.282655 0.449158 0.866464
0.231896 0.264803 0.26247
0.165123 0.126068 0.281959
0.182676 0.477944 0.50258
0.352512 0.235166 0.558041
0.1613 0.121703 0.260223
0.186577 0.201502 0.440834
0.221811 0.28307 0.623175
0.277535 0.461162 0.472529
0.367048 0.467818 0.76568
0.152579 0.184387 0.169649
0.135615 0.581689 0.649257
0.27058 0.0939393 0.220016
0.296544 0.183993 0.318265
0.184757 0.456694 0.738498
0.139344 0.384972 0.757337
0.201827 0.139182 0.556134
0.112751 0.235843 0.628232
0.381111 0.382974 0.641314
0.295346 0.299058 0.140184
0.214743 0.622947 0.663531
0.332233 0.394444 0.784791
0.227508 0.302108 0.530037
0.190306 0.187936 0.391651
0.201561 0.513299 0.751664
0.332752 0.33617 0.789878
0.374925 0.356938 0.615622
0.17986 0.213056 0.597304
0.177856 0.336914 0.747613
0.0967631 0.379604 0.566619
0.268195 0.0595647 0.741712
0.211406 0.494335   0.57
0.256873 0.248735 0.540967
0.170732 0.192415 0.814014
0.206589 0.476514 0.703034
0.255751 0.114906 0.927715
0.36699 0.390998 0.286053
0.265253 0.340351 0.582445
0.202728 0.293044 0.740249
0.225686 0.0491422 0.107216
0.240166 0.115722 0.341616
0.201827 0.188755 0.558349
0.234072 0.124903 0.818372
0.190696 0.146709 0.167079
0.241503 0.145414 0.85873
0.188082 0.0921353 0.932281
0.222698 0.0939344 0.706407
0.189781 0.338089 0.23696
0.30286 0.258542 0.796004
0.210773 0.174995 0.177916
0.239108 0.475978 0.272776
0.314762 0.417647 0.813315
0.185705 0.350126 0.196277
0.263385 0.265467 0.608369
0.209568 0.505386 0.744183
0.201827 0.136531 0.51944
0.313709 0.460886 0.300935
0.295755 0.502079 0.127977
0.264602 0.145465 0.036688
0.222143 0.243635 0.104877
0.217371 0.102772 0.237322
0.193718 0.0908717 0.216131
0.244127 0.152436 0.854478
0.336092 0.294501 0.43291
0.18612 0.177067 0.124789
0.323223 0.416361 0.85949
0.110355 0.471634 0.758293
0.305072 0.205383 0.244123
0.160226 0.229575 0.384729
0.145312 0.472542 0.519471
0.264924 0.0304247 0.17681
0.28395 0.235163 0.189827
0.245645 0.135176 0.889836
0.225118 0.231514 0.870338
0.320968 0.117332 0.616355
0.279408 0.120414 0.943238
0.201615 0.0468394 0.895262
0.127173 0.174992 0.582556
0.24655 0.365353 0.215452
0.285314 0.151644 0.20711
0.249665 0.353059 0.116358
0.115311 0.333858 0.730873
0.1867 0.2041 0.421497
0.232752 0.190268 0.569033
0.240143 0.13017 0.840286
0.280738 0.113249 0.192329
0.254512 0.286527 0.542424
0.233863 0.167296 0.130746
0.242308 0.127225 0.913603
0.244787 0.282916 0.522073
0.293724 0.218589 0.658646
0.285173 0.338315 0.162286
0.273407 0.0414557 0.882423
0.267641 0.423023 0.881365
0.190696 0.209991 0.216529
0.329216 0.29979 0.775871
0.221833 0.177612 0.814028
0.365223 0.303987 0.675232
0.125089 0.426064 0.484316
0.217584 0.140787 0.840538
0.220972 0.323661 0.520915
0.119639 0.246884 0.529324
0.322005 0.483182 0.604642
0.183726 0.491066 0.606523
0.338993 0.150876 0.590617
0.240471 0.0374031 0.130988
0.32919 0.364978 0.821274
0.119082 0.318741 0.452989
0.347083 0.436364 0.207094
0.256239 0.150714 0.831912
0.353071 0.39112 0.356704
0.168547 0.248704 0.520489
0.366047 0.403912 0.532373
0.0663692 0.448246 0.750057
0.177223 0.307964 0.0882417
0.362012 0.460395 0.622355
0.270229 0.307265 0.487066
0.227234 0.226131 0.866725
0.232281 0.0667426 0.0829052
0.280738 0.234437 0.126564
0.252142 0.135793 0.662294
0.105747 0.337794 0.521928
0.304616 0.0996457 0.56695
0.352845 0.275412 0.509449
0.335996 0.411876 0.764071
0.276312 0.14265 0.692337
0.26369 0.13845 0.105977
0.279935 0.317337 0.862605
0.268762 0.26842 0.346511
0.268677 0.289768 0.638996
0.209019 0.364227 0.547015
0.245744 0.295562 0.580653
0.109451 0.373903 0.670011
0.340507 0.337458 0.778397
0.321205 0.102255 0.522562
0.204617 0.342147 0.274604
0.18612 0.165086 0.213072
0.270717 0.0325767 0.194369
0.326093 0.475838 0.746315
0.224111 0.17996 0.778602
0.307613 0.398658 0.863599
0.133434 0.318775 0.415138
0.151925 0.349082 0.820544
0.327947 0.217352 0.814601
0.112135 0.274223 0.690703
0.108136 0.385785 0.590639
0.194219 0.292489 0.160517
0.223571 0.0459163 0.756625
0.195079 0.210425 0.561502
0.237041 0.118484 0.964387
0.37008 0.450576 0.596582
0.260742 0.450393 0.753507
0.189028 0.150592 0.484312
0.239905 0.202922 0.942786
0.221933 0.282117 0.606496
0.218557 0.498874 0.759229
0.165324 0.242165 0.205384
0.107482 0.446934 0.670646
0.3355 0.452798 0.704112
0.155454 0.323013 0.769053
0.264882 0.0734302 0.725423
0.137603 0.449092 0.240946
0.276589 0.507368 0.139435
0.232343 0.245369 0.763208
0.279873 0.468856 0.768892
0.262528 0.262001 0.621893
0.25138 0.303846 0.636087
0.320662 0.205092 0.187538
0.233064 0.104011 0.698794
0.212365 0.31328 0.865836
0.320662 0.178356 0.228014
0.162892 0.160494 0.147896
0.125837 0.42626 0.482536
0.162522 0.247971 0.264507
0.241283 0.464024 0.469857
0.19398 0.477529 0.26025
0.1499 0.463728 0.275003
0.216345 0.160598 0.23533
0.17238 0.304858 0.771839
0.29528 0.238794 0.659618
0.223428 0.29933 0.528819
0.201827 0.130604 0.544869
0.232209 0.492023 0.223443
0.279025 0.625284 0.633864
0.198958 0.21198 0.390421
0.325937 0.162003 0.400177
0.373954 0.414086 0.583216
0.156505 0.210037 0.350719
0.217145 0.223431 0.729062
0.370824 0.424268 0.677062
0.357752 0.451616 0.740632
0.190297 0.297434 0.176868
0.226554 0.0904287 0.858017
0.280011 0.107642 0.945918
0.348622 0.194017 0.589268
0.36337 0.366637 0.590565
0.273222 0.303646 0.503845
0.234349 0.31629 0.315229
0.201827 0.194579 0.615079
0.227258 0.0768022 0.71844
0.255889 0.275543 0.557904
0.130845 0.186289 0.479357
0.356877 0.231228 0.615299
0.260865 0.498911 0.834306
0.121635 0.539681 0.713152
0.305072 0.181185 0.244683
0.281389 0.354077 0.186533
0.365679 0.310754 0.594603
0.187319 0.331056 0.13607
0.195939 0.290507 0.327284
0.175169 0.476958 0.503294
0.18612 0.187628 0.141125
0.214319 0.0857217 0.800266
0.264278 0.269677 0.7225
0.294945 0.241319 0.318027
0.231214 0.251772 0.573691
0.332478 0.437312 0.340948
0.245375 0.301099 0.580629
0.342155 0.243101 0.393013
0.258727 0.271095 0.577803
0.326116 0.213334 0.817242
0.271099 0.0661478 0.890195
0.166729 0.182547 0.133792
0.258119 0.301928 0.584053
0.197842 0.349179 0.166371
0.203255 0.300939 0.530238
0.173464 0.282466 0.775691
0.127364 0.444966 0.259819
0.186278 0.268652 0.914254
0.243849 0.0255598 0.192089
0.254107 0.278616 0.787114
0.107955 0.350975 0.704175
0.233281 0.22542 0.668568
0.166296 0.197288 0.414834
0.130594 0.173249 0.534652
0.263655 0.465527 0.475426
0.164407 0.257158 0.188764
0.205471 0.340226 0.64475
0.23644 0.240773 0.958809
0.121946 0.478659 0.805607
0.196401 0.123595 0.269743
0.221625 0.162076 0.720606
0.313035 0.349204 0.756717
0.31882 0.201983 0.389689
0.267255 0.629339 0.631349
0.252925 0.321096 0.552466
0.113701 0.288387 0.541867
0.223091 0.28697 0.182793
0.244507 0.442605 0.093182
0.212981 0.559875 0.775189
0.164658 0.487628 0.573227
0.280477 0.211552 0.707861
0.218905 0.232509 0.871367
0.265417 0.289784 0.540153
0.180678 0.610752 0.66179
0.214243 0.239391 0.877329
0.24349 0.252992 0.57702
0.212768 0.451739 0.393722
0.175942 0.222882 0.307094
0.32998 0.559095 0.703224
0.182796 0.0856582 0.211979
0.225236 0.0612616 0.868676
0.190696 0.158584 0.153393
0.09561 0.418485 0.626517
0.139822 0.172678 0.206979
0.316775 0.168072 0.197485
0.109114 0.365457 0.491202
0.149688 0.480344 0.543863
0.208257 0.160578 0.660149
0.18612 0.163943 0.231176
0.270897 0.295279 0.180177
0.212367 0.451788 0.403804
0.20738 0.312603 0.639797
0.280738 0.127486 0.166965
0.295299 0.335016 0.143371
0.297881 0.238098 0.798271
0.223319 0.358266 0.545028
0.297612 0.44947 0.416739
0.168276 0.178549 0.128254
0.281664 0.238518 0.189171
0.205429 0.623919 0.652241
0.167947 0.255941 0.257499
0.1031 0.455331 0.782891
0.231733 0.145138 0.883705
0.333315 0.45308 0.274261
0.342225 0.240848 0.415531
0.268028 0.243918 0.280957
0.236904 0.190079 0.894366
0.234072 0.206778 0.791837
0.253275 0.196841 0.836869
0.340057 0.194223 0.450091
0.127959 0.255045 0.397019
0.239703 0.226089 0.678011
0.173503 0.250964 0.790455
0.139822 0.169196 0.201533
0.252445 0.131946 0.689688
0.105654 0.449462 0.656452
0.282175 0.431222 0.876995
0.251618 0.302324 0.551058
0.222525 0.209862 0.0267997
0.317518 0.100635 0.583486
0.155412 0.195347 0.25687
0.176092 0.123417 0.0967013
0.273114 0.0986767 0.728948
0.13186 0.151511 0.597689
0.1629 0.594442 0.664578
0.250572 0.152983 0.867659
0.333503 0.442382 0.316691
0.171097 0.496458 0.126253
0.26334 0.335859 0.088636
0.260419 0.502421 0.171363
0.124638 0.465461 0.740757
0.231225 0.486447 0.514061
0.109131 0.275654 0.6917
0.341234 0.352403 0.409073
0.232429 0.244261 0.87992
0.355225 0.347187 0.523545
0.33385 0.14336 0.454953
0.265001 0.292627 0.646126
0.130687 0.172773 0.522611
0.141584 0.272466 0.778393
0.139245 0.202292 0.664181
0.280738 0.253008 0.23438
0.343404 0.474741 0.623125
0.301672 0.186991 0.429233
0.251364 0.258615 0.680933
0.292189 0.0738386 0.119928
0.213931 0.288969 0.846534
0.235014 0.17996 0.778608
0.245645 0.260733 0.887511
0.285314 0.182304 0.242274
0.245138 0.492493 0.640313
0.333719 0.479803 0.74838
0.259015 0.282628 0.59195
0.224301 0.170321 0.560273
0.271857 0.471887 0.712334
0.352635 0.267255 0.51626
0.316694 0.481215 0.540828
0.317549 0.186699 0.422173
0.280329 0.150354 0.828996
0.280424 0.344834 0.176678
0.2909 0.228978 0.296731
0.238449 0.237151 0.682817
0.293266 0.0695014 0.253985
0.210545 0.173579 0.851769
0.341234 0.349062 0.445614
0.140372 0.124126 0.582862
0.273683 0.457327 0.782719
0.202707 0.305516 0.762078
0.261138 0.300082 0.543694
0.340163 0.334298 0.426228
0.233065 0.233343 0.694149
0.148091 0.239871 0.673842
0.278336 0.458748 0.77515
0.271542 0.353993 0.134785
0.268957 0.337391 0.74619
0.245645 0.076968 0.767063
0.232537 0.523719 0.0703003
0.184186 0.190363 0.845843
0.320135 0.482521 0.76052
0.241199 0.119562 0.812502
0.227349 0.328361 0.836762
0.258552 0.482019 0.247581
0.241294 0.521123 0.765399
0.330032 0.460024 0.129965
0.220104 0.217161 0.633179
0.256912 0.263009 0.552478
0.275143 0.324533 0.469487
0.207239 0.280451 0.720635
0.190696 0.128391 0.166715
0.215151 0.164725 0.261762
0.322908 0.460488 0.284994
0.245217 0.270737 0.508185
0.225673 0.279164 0.50168
0.242408 0.100824 0.804821
0.317554 0.450113 0.4551
0.221098 0.193607 0.722281
0.374577 0.378217 0.565467
0.216372 0.519729 0.100994
0.219777 0.181911 0.777535
0.375139 0.237866 0.304956
0.204234 0.489831 0.651592
0.255308 0.446632 0.758384
0.312596 0.169476 0.660454
0.198834 0.158545 0.950446
0.281328 0.614253 0.669819
0.139822 0.178124 0.208185
0.241305 0.290266 0.546807
0.230842 0.247227 0.0344546
0.274802 0.202146 0.0362337
0.12211 0.470836 0.564773
0.231635 0.167694 0.923741
0.307182 0.611108 0.622841
0.163411 0.186379 0.661162
0.305497 0.335176 0.765347
0.103038 0.379464 0.53058
0.133594 0.184753 0.413891
0.250924 0.483362 0.243672
0.193452 0.236922 0.693298
0.236072 0.357067 0.62149
0.228974 0.208718 0.804544
0.249114 0.128534 0.664275
0.130554 0.217921 0.42285
0.220262 0.28355 0.525732
0.119917 0.400485 0.358746
0.311474 0.166892 0.647085
0.13743 0.144487 0.520316
0.363792 0.197293 0.316566
0.275371 0.203709 0.66445
0.159042 0.215961 0.43891
0.115259 0.281896 0.534661
0.290419 0.566834 0.743985
0.241503 0.221952 0.799731
0.211541 0.286596 0.338261
0.258693 0.313019 0.0785278
0.110794 0.368452 0.559055
0.190696 0.189068 0.188857
0.190923 0.15228 0.49236
0.360931 0.347333 0.534456
0.256723 0.302558 0.763056
0.38063 0.28643 0.282674
0.318852 0.164494 0.826267
0.368857 0.378181 0.302548
0.285314 0.245487 0.132861
0.18612 0.264582 0.204417
0.190696 0.149605 0.244386
0.275714 0.259234 0.93959
0.23193 0.276122 0.523264
0.262234 0.0559459 0.284401
0.194957 0.23173 0.598784
0.155412 0.171679 0.198271
0.232752 0.183089 0.617303
0.111552 0.261557 0.601448
0.307124 0.620474 0.585631
0.236972 0.253164 0.831206
0.262427 0.0396958 0.252293
0.205143 0.0967499 0.156575
0.300014 0.462089 0.0910129
0.143441 0.164236 0.660274
0.264027 0.226117 0.6687
0.171357 0.494404 0.113529
0.272439 0.0614098 0.773677
0.367795 0.341792 0.177559
