0.170951 0.0565763 0.284398
0.153724 0.158195 0.0294462
0.170951 0.330264 0.281417
0.160383 0.214104 0.648739
0.151782 0.271943 0.763861
0.159821 0.170867 0.12126
0.170951 0.306911 0.0807224
0.170951 0.280654 0.934829
0.152185 0.557927 0.374371
0.159605 0.234746 0.176994
0.184524 0.368539 0.738063
0.183642 0.335991 0.747898
0.157461 0.0513389 0.290784
0.154267 0.0343861 0.855686
0.164532 0.0674087 0.260288
0.164856 0.137537 0.745859
0.181568 0.205452 0.381446
0.163021 0.374062 0.222684
0.169794 0.310963 0.596364
0.167913 0.0489954 0.709217
0.153724 0.153173 0.647578
0.121635 0.230409 0.50068
0.158157 0.107771 0.0756111
0.11513 0.18535 0.457973
0.121635 0.201702 0.473931
0.170951 0.0442915 0.762341
0.162537 0.213392 0.255128
0.196482 0.239046 0.222273
0.153724 0.29031 0.330585
0.153724 0.354685 0.265053
0.299218 0.556906 0.685648
0.160763 0.214656 0.441518
0.153724 0.135201 0.359421
0.165522 0.267137 0.936381
0.187477 0.393934 0.319504
0.141002 0.434409 0.346946
0.164901 0.143461 0.849666
0.170951 0.361943 0.803196
0.139511 0.19207 0.394134
0.181937 0.276365 0.762892
0.159996 0.274086 0.710206
0.166839 0.48339 0.577226
0.180871 0.190344 0.321881
0.153724 0.106877 0.65633
0.153724 0.349851 0.280381
0.153724 0.248343 0.957075
0.227978 0.223563 0.353968
0.116061 0.17376 0.506197
0.160884 0.144974 0.965107
0.154881 0.322494 0.428299
0.170951 0.272455 0.04522
0.169727 0.350385 0.1838
0.169794 0.290788 0.545833
0.169794 0.470326 0.675675
0.170304 0.362508 0.257949
0.168488 0.211926 0.372239
0.154881 0.478156 0.381764
0.154881 0.481786 0.379267
0.159695 0.189076 0.184974
0.156384 0.557927 0.291792
0.189859 0.347293 0.279536
0.170951 0.0468926 0.752543
0.162126 0.520974 0.356611
0.153724 0.356104 0.231681
0.214403 0.221407 0.372311
0.0536702 0.193649 0.548434
0.105548 0.192166 0.524407
0.130732 0.186429 0.242124
0.166568 0.410393 0.398174
0.132836 0.225493 0.207923
0.11513 0.20723 0.424804
0.163664 0.155491 0.630636
0.169794 0.323421 0.406403
0.164968 0.165308 0.852423
0.165212 0.194534 0.812872
0.167719 0.251618 0.535934
0.154881 0.407754 0.672882
0.170951 0.265217 0.353803
0.161109 0.122276 0.956679
0.173414 0.331886 0.754381
0.169794 0.478632 0.450047
0.170951 0.357184 0.259378
0.1452 0.335181 0.75358
0.170951 0.305263 0.0726017
0.173504 0.18313 0.192472
0.199239 0.202777 0.39432
0.192553 0.186921 0.255401
0.16481 0.285585 0.16711
0.103306 0.206814 0.462292
0.160612 0.350683 0.789568
0.159599 0.168798 0.774914
0.153724 0.105829 0.932571
0.169794 0.34768 0.631671
0.160647 0.337931 0.144105
0.185538 0.193046 0.420445
0.135594 0.391231 0.31038
0.11513 0.238139 0.496668
0.162464 0.109511 0.923758
0.169794 0.257337 0.44886
0.169794 0.317364 0.595486
0.170951 0.27988 0.342978
0.169794 0.247662 0.450269
0.165428 0.0478128 0.196239
0.159784 0.0846569 0.93022
0.169221 0.224016 0.349943
0.170951 0.340798 0.718661
0.195849 0.199866 0.461433
0.113469 0.218215 0.455409
0.167236 0.508081 0.357771
0.164509 0.0870497 0.701668
0.16494 0.170971 0.139622
0.154881 0.350797 0.633406
0.150824 0.212468  0.438
0.159126 0.419887 0.394842
0.157541 0.321456 0.677797
0.134945 0.216478 0.211263
0.170362 0.108922 0.675917
0.169794 0.474131 0.477919
0.132302 0.191603 0.260089
0.130669 0.395496 0.309741
0.137129 0.543104 0.696159
0.156245 0.335886 0.133649
0.155803 0.0352074 0.74635
0.11384 0.20352 0.500502
0.136321 0.213546 0.46718
0.159489 0.179007 0.200453
0.207712 0.224318 0.345112
0.164695 0.212431 0.253217
0.126304 0.198059 0.472085
0.153724 0.195584 0.367172
0.170951 0.212341 0.637201
0.169794 0.476058 0.480668
0.170951 0.0412194 0.796154
0.164615 0.0477369 0.194765
0.169794 0.475698 0.707808
0.164652 0.110188 0.884624
0.200018 0.207691 0.355533
0.154881 0.276004 0.432475
0.153724 0.0821439 0.694458
0.151063 0.227602 0.776007
0.153724 0.205859 0.961667
0.169794 0.541513 0.69194
0.170951 0.112315 0.064943
0.163379 0.243457 0.527453
0.180918 0.216967 0.788808
0.153971 0.352344 0.221823
0.163071 0.410275 0.735873
0.158852 0.309865 0.335703
0.121635 0.185415 0.451792
0.170951 0.0461447 0.20919
0.153724 0.306364 0.31953
0.171146 0.32244 0.748381
0.159506 0.214101 0.817922
0.088181 0.183811 0.563491
0.132484 0.554165 0.689425
0.161273 0.221379 0.371753
0.154881 0.275243 0.534401
0.11513 0.205388 0.405934
0.169794 0.47487 0.554883
0.154881 0.260645 0.533588
0.153724 0.247192 0.361195
0.170951 0.157769 0.961213
0.162029 0.267165 0.520149
0.154881 0.316437 0.420035
0.153724 0.339851 0.299562
0.162579 0.295665 0.683389
0.153724 0.305333 0.0779661
0.132512 0.329071 0.268532
0.154969 0.263512 0.360821
0.161167 0.151213 0.868782
0.176452 0.200134 0.195182
0.154881 0.348853 0.408859
0.153724 0.339216 0.739706
0.170951 0.0465566 0.272938
0.169794 0.206332 0.470641
0.169481 0.197513 0.201343
0.170951 0.355026 0.777549
0.170951 0.152126 0.363448
0.135962 0.357632 0.292555
0.131903 0.195908 0.232421
0.153724 0.262977 0.650206
0.155284 0.425069 0.393023
0.161123 0.468477 0.546829
0.121635 0.223454 0.459818
0.224387 0.554165 0.68831
0.164016 0.516228 0.358242
0.167865 0.461968 0.722659
0.159629 0.468477 0.434868
0.163502 0.347154 0.420369
0.121635 0.233491 0.428058
0.141869 0.557927 0.289085
0.170951 0.327282 0.704817
0.159463 0.207338 0.792831
0.159653 0.533581 0.704415
0.170951 0.0418139 0.167027
0.158769 0.284153 0.928581
0.153724 0.345453 0.115902
0.167236 0.491438 0.35069
0.154881 0.472329 0.381354
0.166007 0.0827623 0.103063
0.170951 0.319759 0.318866
0.146857 0.225346 0.776398
0.153724 0.091473 0.330057
0.175814 0.460448 0.367613
0.134339 0.200284 0.260642
0.170553 0.160827 0.0503658
0.168717 0.0340571 0.854969
0.164704 0.304967 0.16013
0.170951 0.319462 0.922022
0.12949 0.433115 0.337291
0.15774 0.182129 0.187319
0.162903 0.25068 0.863055
0.164973 0.315148 0.601953
0.16568 0.468477 0.618376
0.121635 0.191344 0.499768
0.153862 0.462756 0.372713
0.170951 0.349751 0.861004
0.134793 0.183587 0.192506
0.170951 0.235837 0.95086
0.156576 0.282653 0.0706158
0.170951 0.0991493 0.0585906
0.159773 0.149367 0.855071
0.11513 0.160438 0.481879
0.170951 0.330753 0.709915
0.159261 0.48339 0.37947
0.153724 0.176475 0.641123
0.154495 0.214747 0.0472056
0.141873 0.203289 0.346637
0.154262 0.310401 0.302792
0.164813 0.141105 0.362463
0.161824 0.354034 0.88199
0.121635 0.242617 0.480193
0.157721 0.0773694 0.923455
0.164122 0.0796568 0.267282
0.167698 0.109021 0.350952
0.121635 0.195658 0.488622
0.161433 0.0690402 0.718879
0.0772301 0.540364 0.692812
0.12054 0.549828 0.68867
0.169392 0.468477 0.511129
0.159132 0.220325 0.626847
0.163786 0.350431 0.638618
0.165029 0.323847 0.88948
0.181669 0.570115 0.271075
0.164549 0.0928312 0.706837
0.166462 0.297979 0.0552884
0.134109 0.182818 0.183094
0.159494 0.18291 0.81249
0.153724 0.287911 0.667939
0.132093 0.402676 0.312057
0.132924 0.297042 0.258038
0.167236 0.526004 0.339475
0.167957 0.411862 0.671889
0.161914 0.48339 0.44939
0.163667 0.0499602 0.237507
0.147551 0.209044 0.445981
0.153724 0.0568912 0.893858
0.169794 0.473507 0.353486
0.163884 0.48339 0.565122
0.169794 0.24372 0.443057
0.19657 0.372866 0.30169
0.11513 0.219678 0.452329
0.159879 0.14178 0.660734
0.175223 0.192657 0.409971
0.106349 0.199149 0.56647
0.188962 0.194378 0.333803
0.182697 0.301055 0.750606
0.160006 0.25364 0.305533
0.15984 0.164714 0.120006
0.153724 0.324184 0.684679
0.130517 0.189341 0.230643
0.164629 0.348659 0.710696
0.189698 0.215861 0.444529
0.111524 0.205419 0.523646
0.169794 0.43164 0.701895
0.153724 0.0451268 0.826173
0.169794 0.249037 0.525849
0.158412 0.242665 0.457042
0.158622 0.0392762 0.265432
0.170951 0.0825384 0.076068
0.163751 0.554506 0.327888
0.169794 0.478497 0.377698
0.170457 0.191932 0.456197
0.159913 0.274751 0.868287
0.169794 0.489077 0.70101
0.149904 0.424978 0.340158
0.162693 0.276467 0.932104
0.166895 0.132026 0.0400986
0.153989 0.0808666 0.325552
0.15134 0.313621 0.75882
0.165801 0.341567 0.252236
0.171465 0.311344 0.758675
0.169794 0.471583 0.717403
0.179092 0.189051 0.802916
0.169794 0.481745 0.696671
0.170951 0.303233 0.678066
0.121635 0.170958 0.444575
0.154881 0.482197 0.399426
0.15375 0.0535118 0.244971
0.199554 0.213434 0.404333
0.112915 0.19582 0.52458
0.178394 0.207789 0.430526
0.163439 0.153485 0.0798834
0.169794 0.328939 0.593087
0.165077 0.243071 0.494882
0.153724 0.0871007 0.675582
0.169794 0.30804 0.430402
0.165168 0.222524 0.809053
0.153724 0.147301 0.636536
0.161392 0.332297 0.146941
0.157651 0.153354 0.366814
0.169794 0.356798 0.616402
0.154236 0.054029 0.703234
0.154881 0.33536 0.602306
0.169794 0.538928 0.698175
0.159463 0.207199 0.20278
0.159988 0.256153 0.300513
0.153724 0.164211 0.954617
0.170951 0.351527 0.241418
0.152953 0.35804 0.741229
0.168298 0.441374 0.702838
0.153724 0.048583 0.23858
0.170951 0.290841 0.670966
0.170678 0.564892 0.271075
0.134879 0.191171 0.210569
0.159979 0.0987554 0.252356
0.191815 0.192429 0.275319
0.153724 0.0727784 0.310747
0.164855 0.468477 0.50947
0.153724 0.32426 0.707057
0.160187 0.48339 0.442916
0.153724 0.201928 0.0303064
0.169794 0.461898 0.708859
0.181742 0.265007 0.767385
0.130586 0.402686 0.320613
0.159605 0.17606 0.164889
0.172597 0.557927 0.347994
0.170951 0.19952 0.647294
0.170951 0.161121 0.036748
0.199732 0.193544 0.449475
0.169794 0.443053 0.379467
0.121635 0.215918 0.508209
0.154881 0.258399 0.520641
0.12961 0.188749 0.213253
0.170925 0.329334 0.742698
0.153724 0.35427 0.803813
0.160635 0.418348 0.330253
0.170951 0.117637 0.657949
0.16172 0.196923 0.627718
0.170951 0.107372 0.342337
0.187266 0.404602 0.327128
0.160765 0.284267 0.672807
0.11513 0.194743 0.446628
0.169794 0.455137 0.715505
0.164035 0.12811 0.0712159
0.153724 0.0707322 0.688241
0.153724 0.36246 0.150593
0.161527 0.346597 0.758147
0.159747 0.222821 0.264799
0.156614 0.267065 0.520044
0.165134 0.220419 0.78062
0.155388 0.557927 0.29874
0.164573 0.102746 0.898369
0.170951 0.332371 0.0933827
0.195465 0.208849 0.462562
0.121635 0.239584 0.455529
0.170951 0.0544912 0.704479
0.121635 0.233799 0.428281
0.166422 0.195854 0.351392
0.153724 0.348417 0.265975
0.170951 0.155191 0.363084
0.164742 0.153426 0.105394
0.169794 0.477134 0.701085
0.153724 0.0990126 0.333237
0.170951 0.266593 0.661412
0.135248 0.19206 0.323004
0.16878 0.0971158 0.688636
0.11513 0.22863 0.483887
0.190112 0.348147 0.279177
0.169794 0.199467 0.476843
0.164948 0.234519 0.254956
0.158878 0.449121 0.726262
0.153724 0.0493119 0.112271
0.153724 0.35132 0.777994
0.151281 0.247556 0.766809
0.162956 0.0754623 0.921685
0.227104 0.213569 0.373238
0.163474 0.0501031 0.88997
0.15955 0.226282 0.184197
0.155471 0.28119 0.929939
0.161243 0.357022 0.645467
0.18516 0.557927 0.311757
0.200716 0.209758 0.37279
0.161926 0.0276757 0.226111
0.153814 0.244786 0.97044
0.165474 0.468477 0.667935
0.169084 0.262067 0.546793
0.154881 0.285381 0.54258
0.156963 0.180908 0.0489486
0.170951 0.0458653 0.756611
0.180307 0.204774 0.41819
0.170951 0.0576934 0.279847
0.160115 0.0715421 0.256506
0.170951 0.35873 0.792727
0.156846 0.351787 0.819326
0.178622 0.574723 0.343766
0.159487 0.217629 0.194228
0.153724 0.270109 0.345402
0.131753 0.207414 0.469122
0.159839 0.124714 0.243903
0.160008 0.249347 0.308057
0.170951 0.157191 0.0512538
0.160161 0.301048 0.5873
0.169794 0.407078 0.37941
0.164458 0.468477 0.521326
0.154881 0.301065 0.574259
0.159889 0.23497 0.950985
0.168005 0.473181 0.353348
0.166041 0.126758 0.667622
0.0461954 0.545085 0.70045
0.165083 0.231496 0.823668
0.169794 0.273017 0.545948
0.170049 0.360538 0.743704
0.154881 0.21552 0.493903
0.170951 0.360644 0.800624
0.170951 0.139781 0.659163
0.295434 0.551217 0.698758
0.170951 0.0428865 0.263698
0.273533 0.547088 0.687528
0.154881 0.534647 0.702513
0.169794 0.377045 0.403182
0.159719 0.177558 0.139814
0.159948 0.241814 0.298733
0.170951 0.254958 0.648309
0.133141 0.391051 0.30385
0.156084 0.48339 0.55333
0.154881 0.481021 0.63531
0.170951 0.322672 0.686847
0.135901 0.299647 0.261859
0.153724 0.339626 0.302065
0.0899292 0.199649 0.56222
0.170466 0.208565 0.951967
0.170951 0.0423618 0.784511
0.181425 0.189181 0.310755
0.153724 0.364098 0.777965
0.16501 0.0601414 0.306855
0.164369 0.226022 0.477003
0.169794 0.471136 0.404332
0.169794 0.472665 0.563186
0.165845 0.334421 0.308482
0.164786 0.232477 0.290613
0.153724 0.0589461 0.291785
0.121635 0.175451 0.456893
0.173923 0.212092 0.794986
0.144848 0.557927 0.277733
0.169794 0.309771 0.422373
0.105182 0.207206 0.507485
0.121635 0.22006 0.466924
0.167217 0.312066 0.567235
0.164671 0.242831 0.738095
0.159735 0.220416 0.263307
0.170951 0.22882 0.0307298
0.15982 0.276703 0.168534
0.174339 0.3443 0.751364
0.170951 0.284531 0.663173
0.134187 0.351836 0.279904
0.164884 0.265908 0.159023
0.153724 0.0760037 0.296401
0.175469 0.214262 0.784637
 0.159 0.329238 0.404032
0.159595 0.233185 0.778152
0.157204 0.364692 0.251798
0.17343 0.191552 0.462406
0.153724 0.354512 0.772001
0.170218 0.298493 0.055752
0.188902 0.271421 0.238712
0.17677 0.19806 0.407298
0.157604 0.22018 0.350141
0.170951 0.0639412 0.303568
0.277971 0.550288 0.686645
0.153724 0.311599 0.332494
0.170951 0.0418032 0.837709
0.152828 0.348414 0.744229
0.162821 0.0495458 0.22992
0.161736 0.363956 0.855274
0.157026 0.0490627 0.827255
0.164251 0.48339 0.488312
0.159904 0.410879 0.670858
0.159529 0.187119 0.774997
0.169794 0.391127 0.657926
0.166632 0.223732 0.0250689
0.166833 0.335186 0.0888509
0.136783 0.191936 0.357381
0.0305841 0.540364 0.695863
0.163551 0.217304 0.0253998
0.153724 0.189887 0.646365
0.155846 0.574723 0.277312
0.154881 0.464641 0.705989
0.154881 0.4769 0.528721
0.246703 0.540364 0.698772
0.161431 0.257651 0.0595421
0.157418 0.340646 0.143653
0.160151 0.332015 0.135832
0.182805 0.196423 0.318802
0.190501 0.214624 0.422754
0.169794 0.22556 0.490239
0.170951 0.345646 0.731602
0.154686 0.418907 0.722913
0.164813 0.283622 0.164157
0.11513 0.155954 0.446989
0.158381 0.312858 0.300069
0.160149 0.105611 0.913637
0.168545 0.26756 0.358895
0.164597 0.109754 0.898564
0.140637 0.202546 0.359808
0.0463555 0.54917 0.699323
0.170951 0.35201 0.869209
0.170951 0.360751 0.153544
0.156964 0.48339 0.625648
0.160149 0.144259 0.0635858
0.158045 0.279165 0.329402
0.161212 0.468477 0.422604
0.180417 0.193106 0.449615
0.165195 0.208054 0.214631
0.154881 0.346797 0.624401
0.167369 0.294991 0.345845
0.165891 0.48339 0.601002
0.162497 0.116185 0.904874
0.170951 0.0352672 0.196875
0.162331 0.372536 0.411461
0.1668 0.425522 0.686214
0.158168 0.353277 0.283944
0.121635 0.191803 0.459527
0.165085 0.230322 0.82427
0.153724 0.339172 0.128671
0.11513 0.19188 0.441733
0.159463 0.186773 0.197035
0.154881 0.364252 0.622027
0.183306 0.323571 0.743385
0.162262 0.344229 0.899341
0.121635 0.162602 0.442937
0.170951 0.175739 0.641513
0.159704 0.256423 0.178186
0.11513 0.241161 0.493675
0.170951 0.314292 0.902152
0.121635 0.21659 0.428409
0.16354 0.130209 0.890424
0.156472 0.215326 0.627033
0.169794 0.328767 0.602078
0.153724 0.181453 0.367965
0.164999 0.164484 0.843315
0.121635 0.247549 0.460746
0.16295 0.251873 0.331589
0.170951 0.365557 0.765094
0.112268 0.191147 0.561015
0.16101 0.0705147 0.11664
0.195129 0.294819 0.257243
0.164682 0.113815 0.880121
0.164752 0.295711 0.161993
0.162647 0.574723 0.348061
0.153724 0.247452 0.959168
0.147477 0.215934 0.452878
0.162887 0.457895 0.723802
0.159014 0.03558 0.858291
0.142251 0.271502 0.76202
0.166536 0.120025 0.670708
0.181048 0.189672 0.317264
0.170951 0.254134 0.349035
0.160049 0.252527 0.315411
0.153724 0.359143 0.849019
0.13687 0.192017 0.460639
0.169521 0.257279 0.339815
0.181917 0.213859 0.465009
0.160953 0.0274037 0.827298
0.154253 0.353082 0.884553
0.160046 0.294075 0.885173
0.173411 0.300247 0.76207
0.155768 0.0957327 0.940503
0.162755 0.181933 0.183531
0.153724 0.351033 0.72667
0.170951 0.356764 0.221319
0.168567 0.386978 0.676597
0.163146 0.106565 0.914786
0.149531 0.201746 0.438601
0.170951 0.118719 0.95237
0.195858 0.193353 0.197541
0.16453 0.131664 0.0704552
0.159547 0.202908 0.952177
0.172766 0.25353 0.76798
0.156138 0.105864 0.653389
0.195816 0.331424 0.275312
0.153724 0.276535 0.0531001
0.160107 0.118067 0.902934
0.170384 0.0315142 0.249118
0.169794 0.221915 0.475183
0.161923 0.343098 0.900559
0.179361 0.557927 0.288081
0.0536702 0.186373 0.563609
0.104247 0.19419 0.488531
0.15656 0.248964 0.0334861
0.159611 0.48339 0.372595
0.275555 0.556906 0.689407
0.157219 0.468477 0.603106
0.158213 0.373733 0.216295
0.160027 0.137998 0.0928007
0.190262 0.414146 0.330782
0.172561 0.267998 0.768015
0.194227 0.339179 0.277915
0.165706 0.285265 0.648009
0.153075 0.367512 0.73429
0.149902 0.189398 0.195842
0.121635 0.178581 0.49369
0.166762 0.395296 0.654517
0.151988 0.28612 0.760336
0.0941839 0.554165 0.694509
0.112829 0.187428 0.50275
0.159892 0.256488 0.540994
0.143909 0.379754 0.724401
0.0583759 0.191382 0.541508
0.132676 0.190974 0.271073
0.153724 0.29605 0.67123
0.154881 0.389095 0.667215
0.131707 0.302544 0.254035
0.170951 0.300325 0.324461
0.156542 0.569178 0.271075
0.244643 0.223725 0.352595
0.169375 0.48339 0.666182
0.195581 0.543456 0.690169
0.162606 0.265069 0.314609
0.153724 0.0878109 0.911296
0.134891 0.283608 0.243484
0.157621 0.0771327 0.678346
0.247182 0.223577 0.353854
0.160116 0.329702 0.146963
0.153724 0.228269 0.367941
0.116769 0.171139 0.505758
0.153724 0.343421 0.13092
0.162321 0.364679 0.251836
0.167236 0.52031 0.354185
0.191739 0.205054 0.388243
0.163404 0.35218 0.640436
0.145861 0.202553 0.793285
0.11513 0.238008 0.482035
0.154932 0.339566 0.302778
0.191765 0.562234 0.295005
0.160532 0.212655 0.0473134
0.170951 0.2543 0.953031
0.159726 0.243472 0.753039
0.153724 0.233439 0.362093
0.161881 0.468477 0.540477
0.161739 0.160507 0.143386
0.153724 0.132054 0.336684
0.169794 0.428784 0.718379
0.159708 0.15073 0.763295
0.153724 0.0432595 0.161593
0.240362 0.555396 0.697605
0.170951 0.0336022 0.757376
0.165714 0.10541 0.679701
0.153724 0.180074 0.971957
0.170951 0.0538416 0.849951
0.154539 0.169923 0.0495144
0.153724 0.132865 0.0607045
0.153724 0.361331 0.248428
0.164761 0.136083 0.879729
0.153724 0.342573 0.109719
0.164572 0.0954285 0.710728
0.164318 0.302195 0.704272
0.153724 0.114366 0.936501
0.11513 0.228653 0.422331
0.170951 0.189801 0.359548
0.160127 0.351155 0.80228
0.145759 0.213092 0.467324
0.166969 0.48339 0.350767
0.160251 0.194133 0.824559
0.159477 0.213208 0.189386
0.154881 0.300024 0.423137
0.16303 0.056962 0.700075
0.155087 0.0912164 0.663175
0.154881 0.475449 0.48184
0.178569 0.212415 0.79686
0.163817 0.351577 0.813658
0.153724 0.336182 0.133594
0.165122 0.16871 0.787979
0.238419 0.207808 0.354536
0.154881 0.403452 0.383928
0.170951 0.344615 0.150541
0.153724 0.135907 0.656488
0.116422 0.148994 0.469542
0.160732 0.242905 0.494708
0.136326 0.18627 0.237846
0.158677 0.052837 0.293933
0.173873 0.557927 0.28282
0.121635 0.173025 0.469686
0.11193 0.200296 0.556716
0.114385 0.192739 0.483041
0.165899 0.203461 0.428378
0.121635 0.215124 0.468636
0.159957 0.155717 0.0993238
0.176117 0.203917 0.419354
0.150807 0.214286 0.787614
0.153724 0.297844 0.327246
0.164977 0.142982 0.218564
0.137055 0.191448 0.36551
0.160371 0.25479 0.725773
0.154881 0.472545 0.655276
0.158998 0.449766 0.384355
0.112191 0.215754 0.473156
0.121635 0.254708 0.451426
0.199928 0.209193 0.461763
0.159662 0.219542 0.248137
0.196535 0.216827 0.44235
0.169794 0.476556 0.697396
0.169794 0.472594 0.456546
0.182032 0.192263 0.313938
0.180262 0.574723 0.328897
0.170951 0.169032 0.044536
0.152535 0.192017 0.467453
0.170588 0.232401 0.371186
0.157439 0.555451 0.334598
0.137762 0.434546 0.335566
0.16759 0.48339 0.59711
0.230064 0.543104 0.692305
0.153724 0.237438 0.36466
0.11513 0.219145 0.425665
0.170951 0.0368088 0.156675
0.19279 0.198033 0.225402
0.167772 0.269814 0.357822
0.161493 0.0486749 0.816822
0.165009 0.101619 0.655335
0.163904 0.147429 0.737581
0.112268 0.191921 0.559427
0.166173 0.128818 0.065597
0.168226 0.27085 0.958492
0.187647 0.574723 0.308157
0.160123 0.0913287 0.709269
0.170951 0.182067 0.0488794
0.117416 0.171172 0.505763
0.165059 0.162541 0.776778
0.154881 0.473394 0.353562
0.190049 0.201212 0.246146
0.153724 0.258999 0.359208
0.170951 0.147099 0.349417
0.161718 0.218171 0.800875
0.165004 0.229234 0.24552
0.156941 0.362248 0.740342
0.168049 0.48339 0.621932
0.167977 0.267588 0.42567
0.134324 0.335569 0.271061
0.153724 0.352837 0.824617
0.169794 0.469267 0.652805
0.235857 0.545426 0.687987
0.155857 0.468477 0.404431
0.154881 0.212602 0.494173
0.155799 0.0984426 0.687206
0.11513 0.25345 0.465839
0.171523 0.557927 0.339108
0.154881 0.535787 0.68967
0.170951 0.0804436 0.686486
0.159732 0.48339 0.436242
0.153724 0.141922 0.96296
0.164993 0.167579 0.15248
0.169794 0.270511 0.53744
0.160172 0.0661163 0.270761
0.136392 0.19154 0.350503
0.165181 0.030412 0.158871
0.169794 0.471974 0.521031
0.164798 0.233124 0.287731
0.14148 0.299898 0.749755
0.194663 0.217434 0.447352
0.189672 0.215501 0.445187
0.153724 0.0903112 0.310543
0.156222 0.34114 0.854534
0.153724 0.281644 0.649114
0.170951 0.192935 0.0431055
0.170951 0.354189 0.173579
0.162874 0.234098 0.652098
0.153724 0.0944773 0.661783
0.153724 0.0594078 0.894769
0.170951 0.0479178 0.269544
0.167926 0.407384 0.717802
0.130298 0.261472 0.231777
0.193861 0.240832 0.220297
0.139384 0.187146 0.261448
0.162582 0.35446 0.723352
0.170807 0.435136 0.329037
0.163195 0.413858 0.673983
0.157439 0.513624 0.344524
0.156594 0.221569 0.973145
0.11513 0.182793 0.413893
0.148272 0.557927 0.312382
0.170951 0.350577 0.283013
0.170951 0.111248 0.929817
0.170951 0.0595577 0.122902
0.160106 0.297079 0.899033
0.168754 0.338164 0.400899
0.159598 0.226806 0.231076
0.0862558 0.556906 0.685728
0.159894 0.525304 0.691513
0.169794 0.272751 0.545437
0.154881 0.26597 0.539064
0.155328 0.335483 0.307305
0.170951 0.26877 0.0541074
0.1632 0.0334811 0.853712
0.167523 0.334048 0.273408
0.165044 0.169204 0.765408
0.170103 0.346838 0.706725
0.164926 0.243906 0.854818
0.199697 0.21279 0.408204
0.15026 0.452123 0.352271
0.154881 0.474499 0.658019
0.162201 0.284433 0.724275
0.164875 0.162236 0.129806
0.154881 0.469834 0.457019
0.170951 0.0455054 0.120378
0.153724 0.0559992 0.701539
0.162393 0.1498 0.633246
0.15019 0.256702 0.775136
0.250931 0.210345 0.364545
0.170951 0.234274 0.967604
0.154175 0.321992 0.891478
0.121635 0.178074 0.458166
0.170951 0.087576 0.908285
0.157473 0.335525 0.132891
0.126172 0.543104 0.690849
0.16537 0.169395 0.372511
0.169283 0.305559 0.591988
0.161657 0.211342 0.047381
0.163886 0.468477 0.510452
0.13399 0.193707 0.450837
0.155914 0.557927 0.335511
0.189286 0.187235 0.263862
0.159746 0.226933 0.262658
0.154311 0.290464 0.324026
0.170951 0.306391 0.935131
0.153724 0.225383 0.355261
0.165746 0.0813926 0.296875
0.0412751 0.556906 0.6902
0.158877 0.0894009 0.304099
0.173582 0.191343 0.47049
0.165741 0.354695 0.27995
0.154611 0.209211 0.372378
0.177238 0.456333 0.355764
0.11513 0.162748 0.468632
0.160193 0.207533 0.182174
0.160746 0.204089 0.627451
0.165469 0.48339 0.621715
0.170951 0.0538333 0.105382
0.164735 0.280057 0.870118
0.168824 0.15996 0.0283521
0.163618 0.574723 0.319389
0.154881 0.286912 0.41939
0.170951 0.174606 0.0321237
0.153724 0.0516346 0.262504
0.168102 0.408208 0.668057
0.121635 0.206537 0.417579
0.170951 0.295826 0.0814393
0.153724 0.0620586 0.292862
0.128461 0.405333 0.320507
0.153724 0.107041 0.331637
0.190688 0.345637 0.290432
0.164844 0.574723 0.315203
0.160086 0.297099 0.707965
0.159824 0.232724 0.847111
0.168707 0.48339 0.574689
0.169794 0.469411 0.430713
0.188052 0.191282 0.370215
0.0987077 0.198998 0.567753
0.170951 0.0468051 0.259262
0.160459 0.349173 0.397035
0.153724 0.179089 0.959882
0.169168 0.203522 0.0477838
0.154948 0.350794 0.715354
0.160164 0.100279 0.912548
0.187032 0.200832 0.20381
0.121635 0.183739 0.482699
0.169794 0.470808 0.370498
0.0393725 0.545314 0.700387
0.114429 0.196046 0.482485
0.153724 0.365303 0.814536
0.236271 0.224247 0.348154
0.154881 0.480321 0.691703
0.1758 0.27018 0.757718
0.155524 0.350284 0.290898
0.249582 0.222832 0.360188
0.159746 0.151638 0.849835
0.167535 0.0416034 0.270323
0.1564 0.293394 0.948157
0.159655 0.244481 0.827383
0.169794 0.363215 0.630313
0.200354 0.223309 0.356136
0.130756 0.403352 0.314236
0.153724 0.349371 0.154836
0.164397 0.262788 0.547542
0.165066 0.236892 0.179701
0.164864 0.129884 0.242139
0.160325 0.0488867 0.82252
0.15499 0.240625 0.492317
0.15975 0.427847 0.324298
0.170128 0.346572 0.295012
0.192744 0.220056 0.399572
0.164547 0.0718896 0.262732
0.191503 0.218892 0.444329
0.138292 0.203055 0.31222
 0.025 0.547855 0.693957
0.170951 0.157824 0.362801
0.170951 0.0541688 0.257541
0.130734 0.435609 0.339539
0.169794 0.32173 0.598327
0.169794 0.480717 0.352778
0.165133 0.574723 0.317413
0.164594 0.258812 0.31921
0.135723 0.408462 0.321178
0.170951 0.319733 0.0982114
0.176976 0.19159 0.381218
0.159843 0.25817 0.866087
0.165084 0.16876 0.824948
0.138108 0.200961 0.287005
0.135181 0.186073 0.232542
0.157688 0.369406 0.736362
0.158523 0.257931 0.451684
0.159929 0.154918 0.105623
0.132653 0.359417 0.286017
0.157096 0.30289 0.912053
0.17101 0.327153 0.750939
0.170951 0.0994801 0.319145
0.130494 0.229249 0.217359
0.170951 0.0515029 0.887457
0.153724 0.101677 0.330024
0.165212 0.20119 0.195596
 0.165 0.153863 0.231419
0.153724 0.352311 0.886254
0.163654 0.0854328 0.930941
0.170951 0.0437604 0.209226
0.139848 0.360073 0.733121
0.1635 0.189732 0.217872
0.131946 0.18865 0.186892
0.161953 0.21758 0.500563
0.170951 0.0351896 0.146222
0.154881 0.33026 0.598015
0.152505 0.325475 0.754424
0.159488 0.193758 0.181556
0.170951 0.0403058 0.175123
0.127497 0.377959 0.303676
0.195605 0.219653 0.391974
0.170079 0.437953 0.330868
0.154881 0.469686 0.492234
0.18154 0.252544 0.770843
0.0497461 0.556906 0.685006
0.159466 0.190105 0.213453
0.170951 0.22731 0.0377466
0.11513 0.232606 0.493379
0.193787 0.203055 0.384674
0.169794 0.399738 0.735694
0.165171 0.222074 0.195947
0.154964 0.399596 0.738563
0.194688 0.188043 0.227997
0.121635 0.170425 0.474295
0.159635 0.225109 0.807946
0.164895 0.153177 0.860284
0.17547 0.317682 0.742625
0.170951 0.264965 0.94171
0.195937 0.295176 0.254339
0.183625 0.335334 0.748764
0.167669 0.48339 0.620713
0.170951 0.338228 0.695136
0.083712 0.185479 0.549309
0.170951 0.346489 0.873882
0.16023 0.48339 0.637736
0.158334 0.349994 0.228505
0.168914 0.288093 0.0755228
0.165165 0.201516 0.224215
0.165212 0.185981 0.194292
0.170951 0.0475067 0.111571
0.170951 0.074434 0.693505
0.169794 0.481796 0.391292
0.156745 0.392188 0.682011
0.170951 0.342575 0.29049
0.134221 0.382689 0.298207
0.153724 0.316564 0.302468
0.154881 0.339994 0.619345
0.153724 0.104236 0.0773982
0.154881 0.481173 0.449564
0.153724 0.317812 0.678068
0.159689 0.222323 0.252696
0.179145 0.221014 0.779618
0.161311 0.235757 0.745383
0.162087 0.254983 0.364879
0.159792 0.150531 0.861004
0.170951 0.258725 0.961311
0.183374 0.557927 0.311202
0.136775 0.423322 0.324969
0.166935 0.0811307 0.926947
0.121635 0.200583 0.483292
0.170951 0.0461759 0.145476
0.156825 0.346045 0.239627
0.159939 0.102253 0.241799
0.117786 0.550365 0.697215
0.152405 0.557927 0.327309
0.161495 0.204736 0.203609
0.166129 0.468477 0.431173
0.170951 0.277568 0.045583
0.165667 0.334232 0.272889
0.181857 0.569797 0.339035
0.152643 0.46234 0.372379
0.208908 0.543104 0.697416
0.170951 0.273041 0.0442771
0.117829 0.543104 0.692931
0.153847 0.152092 0.0545223
0.048811 0.540364 0.69737
0.170951 0.368239 0.819175
0.175752 0.574723 0.31929
0.16591 0.557927 0.392537
0.157439 0.546412 0.335645
0.154881 0.327963 0.404687
0.169794 0.302765 0.413789
0.153724 0.314688 0.698777
0.15977 0.129188 0.222115
0.1891 0.3581 0.289046
0.160772 0.201515 0.97389
0.153756 0.329223 0.685009
0.116279 0.221874 0.508077
0.11513 0.223576 0.498844
0.11513 0.170871 0.494918
0.159821 0.135884 0.855118
0.154881 0.48107 0.55063
0.161434 0.231618 0.628087
0.104177 0.186876 0.540978
0.159561 0.232057 0.191386
0.153724 0.306493 0.66991
0.170951 0.269673 0.665286
0.170799 0.557927 0.319979
0.153724 0.0639405 0.708005
0.153724 0.318193 0.314698
0.164304 0.202087 0.649186
0.153724 0.339306 0.262291
0.154881 0.373231 0.394141
0.169794 0.483299 0.654865
0.154881 0.261219 0.44446
0.162088 0.557927 0.377177
0.192818 0.289473 0.247364
0.170951 0.329419 0.282125
0.18736 0.237363 0.224522
0.194395 0.545053 0.698465
0.153724 0.241842 0.955033
0.165148 0.223075 0.187594
0.153724 0.290272 0.67462
0.15381 0.0473629 0.282428
0.165191 0.178991 0.806124
0.170951 0.166031 0.355126
0.121635 0.169684 0.472507
0.164852 0.274704 0.162871
0.246051 0.54886 0.687039
0.174855 0.200893 0.439891
0.169123 0.48339 0.42291
0.190127 0.21238 0.432574
0.169794 0.474006 0.385685
0.169794 0.461134 0.708911
0.184998 0.202837 0.349753
0.167742 0.0579021 0.146146
0.189011 0.337009 0.276642
0.164888 0.252698 0.0577827
0.155253 0.468477 0.490384
0.177348 0.194116 0.799303
0.153724 0.251783 0.355163
0.170951 0.139961 0.349753
0.170951 0.111057 0.65943
0.130215 0.199911 0.448873
0.190384 0.195498 0.219478
0.186976 0.434751 0.334955
0.164858 0.229749 0.276367
0.170951 0.040296 0.759675
0.160147 0.260205 0.332694
0.170344 0.117571 0.0469766
0.170951 0.302688 0.0804499
0.161556 0.345317 0.398388
0.155069 0.345218 0.898275
0.16414 0.0567923 0.149271
0.170951 0.0867912 0.904595
0.281148 0.548928 0.69939
0.162376 0.574723 0.357744
0.169477 0.292431 0.948599
0.159463 0.186682 0.204225
0.169794 0.223714 0.475034
0.161156 0.364235 0.744677
0.157377 0.372749 0.800465
0.159463 0.187878 0.794676
0.121635 0.163952 0.440821
0.181603 0.25517 0.76744
0.201295 0.205784 0.453573
0.169794 0.469927 0.433553
0.11513 0.222726 0.491052
0.211998 0.543104 0.697634
0.14957 0.363864 0.728195
0.165205 0.375372 0.633624
0.154881 0.289583 0.554306
0.165546 0.285903 0.441867
0.153724 0.125786 0.0449026
0.158782 0.4055 0.665218
0.153724 0.209958 0.955169
0.104177 0.198612 0.571033
0.131052 0.57041 0.28675
0.170951 0.289867 0.665695
0.160781 0.339276 0.092541
0.166803 0.423707 0.339331
0.160774 0.468477 0.614902
0.176524 0.383431 0.723668
0.215586 0.223348 0.355796
0.167236 0.513363 0.345754
0.11513 0.223747 0.434842
0.154881 0.310284 0.568931
0.149717 0.192517 0.40618
0.196485 0.41222 0.324742
0.170951 0.353981 0.869485
0.153724 0.348194 0.24335
0.156312 0.48339 0.4514
0.159977 0.557927 0.378242
0.160918 0.085186 0.300297
0.196871 0.243581 0.22594
0.132762 0.200398 0.216273
0.154593 0.110323 0.95224
0.161108 0.267429 0.520426
0.159624 0.165291 0.771537
0.188577 0.56531 0.309171
0.170951 0.317996 0.324356
0.174371 0.461011 0.356303
0.170951 0.3519 0.749279
0.157964 0.574723 0.316826
0.1649 0.226029 0.269237
0.161333 0.260362 0.661851
0.159573 0.225195 0.824913
0.147778 0.346451 0.750841
0.199012 0.197789 0.42188
0.154826 0.194295 0.473277
0.160451 0.15427 0.832799
0.121635 0.192828 0.482338
0.153724 0.0526463 0.886305
0.176708 0.192565 0.45021
0.18883 0.275805 0.241504
0.155232 0.0470156 0.180746
0.184547 0.378268 0.728968
0.193701 0.558458 0.271075
0.157822 0.0260076 0.193693
0.153724 0.0813241 0.312021
0.169794 0.478572 0.480907
0.17838 0.377534 0.743643
0.170951 0.0453466 0.121308
0.182057 0.571527 0.338148
 0.025 0.546721 0.698137
0.153724 0.365953 0.815226
0.16466 0.361418 0.261017
0.164179 0.248109 0.0331823
0.154881 0.474198 0.41839
0.157439 0.54478 0.345603
0.165796 0.433211 0.694278
0.163306 0.133657 0.0835731
0.159862 0.133018 0.738763
0.154881 0.37103 0.631708
0.170951 0.329739 0.287788
0.161297 0.187726 0.195059
0.153724 0.355247 0.794152
0.193827 0.219362 0.405741
0.166343 0.143224 0.964457
0.169794 0.312785 0.58564
0.165479 0.0773676 0.923453
0.169801 0.353956 0.282031
0.160378 0.245485 0.165135
0.194296 0.218757 0.416491
0.103452 0.204789 0.467745
0.165163 0.217974 0.815343
0.169794 0.392755 0.398295
0.153724 0.204457 0.973082
0.16005 0.151818 0.772041
0.169794 0.4761 0.466321
0.151521 0.206401 0.206232
0.157865 0.274952 0.0656865
0.168606 0.253432 0.0580435
0.138838 0.195435 0.382566
0.154881 0.524058 0.697317
0.170951 0.0831135 0.680077
0.162817 0.331801 0.125066
0.121635 0.186264 0.447701
0.153724 0.143789 0.651442
0.165085 0.209696 0.237422
0.159539 0.17862 0.352278
0.155574 0.0675131 0.914305
0.164979 0.165943 0.849992
0.121635 0.214279 0.441266
0.163156 0.557927 0.314013
0.250931 0.221474 0.358258
0.159698 0.144878 0.222816
0.159565 0.22979 0.782998
0.170951 0.0533893 0.29357
0.18074 0.20794 0.796025
0.155243 0.170061 0.0495073
0.230821 0.548636 0.697622
0.182759 0.189252 0.318214
0.187467 0.545088 0.689785
0.187534 0.439951 0.334123
0.159884 0.266938 0.73333
0.163566 0.192017 0.459777
0.117406 0.187493 0.408923
0.15675 0.0303178 0.246604
0.204324 0.216845 0.344232
0.258495 0.540364 0.69218
0.160077 0.0427322 0.726085
0.170951 0.342468 0.123689
0.170951 0.104104 0.930349
0.173279 0.233458 0.772474
0.0627874 0.190628 0.54142
0.113205 0.188592 0.51517
0.182635 0.194576 0.314452
0.176712 0.197973 0.450845
0.164509 0.256083 0.338568
0.162286 0.468477 0.578125
0.163052 0.228942 0.843753
0.143016 0.276057 0.768249
0.156201 0.202351 0.973859
0.170951 0.321789 0.0824428
0.169794 0.416177 0.70016
0.153724 0.13319 0.657259
0.19093 0.197307 0.273073
0.159804 0.126272 0.231399
0.170951 0.250299 0.039418
0.153724 0.268678 0.335125
0.153724 0.0721163 0.908272
0.190854 0.210399 0.412726
0.170951 0.0841796 0.310215
0.151048 0.298534 0.748608
0.170951 0.196479 0.958344
0.169794 0.469742 0.69427
0.165371 0.253119 0.659162
0.188529 0.18846 0.458515
0.184801 0.574723 0.283013
0.162689 0.411036 0.397948
0.166318 0.468477 0.662392
0.169275 0.306827 0.411897
0.144955 0.571471 0.348532
0.169794 0.480741 0.560479
0.15589 0.261217 0.361912
0.159855 0.120048 0.241407
0.105715 0.20647 0.512414
0.153724 0.309337 0.674922
0.132739 0.191694 0.269314
0.142173 0.203941 0.353685
0.184285 0.558647 0.328246
0.18745 0.273796 0.246294
0.170951 0.366743 0.834246
0.170951 0.22477 0.634476
0.163741 0.341726 0.300385
0.169794 0.351343 0.40222
0.0778943 0.553284 0.698188
0.11513 0.186171 0.419958
0.170951 0.343031 0.710141
0.153724 0.351744 0.246047
0.15634 0.48339 0.409663
0.159311 0.303202 0.0891515
0.164854 0.243483 0.270808
0.104672 0.193977 0.500307
0.19498 0.31796 0.270876
0.182569 0.574723 0.311246
0.154881 0.542514 0.687854
0.153724 0.263557 0.650029
0.153724 0.091334 0.334692
0.164929 0.440834 0.702272
0.153724 0.119808 0.946055
0.163146 0.372799 0.411368
0.133074 0.188253 0.291285
0.170951 0.344632 0.135738
0.166525 0.470765 0.35428
0.165276 0.3501 0.892582
0.163017 0.125288 0.934707
0.153724 0.131598 0.351806
0.190271 0.439148 0.337501
0.165282 0.574723 0.331054
0.15656 0.48339 0.418053
0.169292 0.308123 0.665418
0.159517 0.175725 0.206252
0.165963 0.0708026 0.281311
0.148186 0.574723 0.293958
0.121635 0.158629 0.487949
0.159657 0.165126 0.838916
0.169794 0.476292 0.642624
0.176615 0.241864 0.780415
0.164022 0.48339 0.484519
0.169794 0.470674 0.403506
0.153724 0.244298 0.64201
0.140463 0.215934 0.460661
0.163776 0.306792 0.887225
0.155836 0.520804 0.707623
0.14472 0.449108 0.342982
0.226521 0.214579 0.373357
0.15717 0.0769347 0.322005
0.154881 0.437503 0.723981
0.169794 0.382688 0.654937
0.170951 0.313641 0.919369
0.170951 0.185027 0.0465378
0.0581966 0.185567 0.548565
0.154881 0.263758  0.534
0.169794 0.333199 0.613505
0.185604 0.200884 0.463126
0.192714 0.385019 0.311834
0.156794 0.192346 0.446293
0.153724 0.217684 0.642941
0.0536702 0.187186 0.543063
0.156406 0.48339 0.420037
0.18324 0.546572 0.698107
0.141847 0.215934 0.446241
0.154881 0.481053 0.415829
0.182683 0.444752 0.351509
0.187915 0.304541 0.262605
0.164772 0.195227 0.808953
0.0574735 0.541904 0.701328
0.0849078 0.540364 0.700409
0.160056 0.334332 0.0880807
0.250931 0.218388 0.354844
0.160395 0.371741 0.177627
0.164938 0.345949 0.756734
0.183123 0.200476 0.463318
0.170951 0.344612 0.872803
0.160649 0.235907 0.818427
0.153724 0.0914778 0.675885
0.165185 0.185016 0.788241
0.16559 0.365913 0.748338
0.163642 0.296125 0.876872
0.169794 0.443765 0.707628
0.160027 0.112461 0.71386
0.16872 0.246644 0.455646
0.2258 0.22189 0.3682
0.165572 0.285241 0.04637
0.11513 0.176305 0.493449
0.162414 0.316307 0.328562
0.114677 0.188694 0.474025
0.170951 0.0425012 0.748102
0.165006 0.171543 0.153436
0.170951 0.263716 0.0528705
0.16436 0.363765 0.254409
0.170951 0.0446403 0.268926
0.173603 0.30147 0.74769
0.127852 0.193459 0.198636
0.170069 0.29913 0.657069
0.159675 0.245529 0.831994
0.169497 0.0506585 0.238974
0.159936 0.292484 0.149617
0.168878 0.0444675 0.276342
0.162764 0.307329 0.0637227
0.0566032 0.193332 0.541738
0.154881 0.211541 0.477618
0.121635 0.213388 0.496077
0.170951 0.355054 0.808144
0.220576 0.544316 0.698638
0.160172 0.309388 0.904478
0.155665 0.348848 0.160887
0.159932 0.122446 0.871876
0.169794 0.377495 0.404982
0.161745 0.166254 0.371396
0.161387 0.275917 0.422746
0.169794 0.471448 0.380209
0.160102 0.439264 0.365415
0.187258 0.198109 0.268301
0.142076 0.194354 0.308992
0.109313 0.202102 0.541658
0.170951 0.160602 0.0472532
0.159768 0.103401 0.316729
0.135596 0.439351 0.334327
0.168753 0.33566 0.90857
0.159124 0.305425 0.340625
0.139579 0.386151 0.725741
0.162196 0.246358 0.530468
0.16323 0.167218 0.0496537
0.167972 0.141643 0.660797
0.160465 0.0980032 0.94261
0.168202 0.557927 0.353845
0.130055 0.563194 0.271075
0.15567 0.48339 0.366262
0.164996 0.161928 0.84185
0.163588 0.353574 0.883228
0.163498 0.48339 0.663006
0.153724 0.226521 0.368658
0.164512 0.0913666 0.903949
0.170951 0.341581 0.732971
0.170951 0.103868 0.0642784
0.153724 0.171041 0.350551
0.165212 0.194919 0.804131
0.0536702 0.192338 0.543499
0.165156 0.0802268 0.926108
0.169721 0.193144 0.373205
0.137633 0.196797 0.449858
0.121635 0.216008 0.480386
0.11513 0.20931 0.452475
0.121635 0.181559 0.427932
0.164977 0.226495 0.252552
0.1553 0.058414 0.144705
0.11513 0.189572 0.485785
0.169794 0.395895 0.735051
0.188446 0.202696 0.275255
0.169794 0.325017 0.415186
0.170951 0.234346 0.0414259
0.0672702 0.187809 0.570479
0.153724 0.178042 0.0476793
0.159567 0.373327 0.816016
0.153724 0.340143 0.0974634
0.170951 0.234518 0.968737
0.0974782 0.554165 0.687799
0.17728 0.195597 0.189487
0.162313 0.223415 0.973076
0.193159 0.417557 0.321712
0.112545 0.20881 0.508821
0.166939 0.225525 0.508818
0.170951 0.0395943 0.242387
0.153724 0.0432921 0.793679
0.15208 0.294485 0.761837
0.164574 0.190278 0.805712
0.188954 0.281817 0.244576
0.157269 0.48339 0.661769
0.155248 0.281721 0.670443
0.157651 0.574723 0.392547
0.153724 0.126271 0.65228
0.153724 0.119433 0.935295
0.155325 0.105211 0.318362
0.160813 0.371798 0.774852
0.149886 0.3555 0.730808
0.193337 0.305048 0.25704
0.145232 0.22711 0.775087
0.159531 0.177021 0.785174
0.169794 0.462132 0.708967
0.235553 0.542358 0.691162
0.157789 0.217754 0.0470507
0.162585 0.107639 0.702255
0.121635 0.234478 0.437547
0.159624 0.327736 0.917106
0.170951 0.152834 0.951423
0.162556 0.313523 0.299332
0.110362 0.204907 0.523696
0.153724 0.0793899 0.904488
0.169794 0.476783 0.640356
0.153724 0.226692 0.357165
0.154149 0.237309 0.653291
0.157174 0.48339 0.690384
0.161504 0.292536 0.71515
0.153724 0.244574 0.0499399
0.15385 0.225081 0.973014
0.167113 0.193146 0.649519
0.128174 0.27843 0.244358
0.170951 0.0294057 0.22038
0.202554 0.221271 0.373461
0.152626 0.334197 0.752147
0.163875 0.26038 0.871667
0.152792 0.345626 0.745414
0.0536702 0.191367 0.559768
0.141923 0.201072 0.395356
0.153724 0.0402083 0.751027
0.153724 0.210675 0.0284311
0.169794 0.356992 0.636752
0.170951 0.1578 0.648387
0.154881 0.44583 0.724616
0.258575 0.556906 0.693153
0.170951 0.276131 0.341707
0.164872 0.267175 0.156009
0.154881 0.235412 0.506519
0.22155 0.223678 0.345036
0.156865 0.528753 0.690647
0.169794 0.401701 0.68965
0.174881 0.208588 0.427106
0.163366 0.346098 0.239476
0.185719 0.562282 0.321874
0.156829 0.337882 0.0912831
0.170951 0.351549 0.724826
0.160814 0.0264423 0.801441
0.209376 0.205968 0.370184
0.145532 0.190283 0.337162
0.169794 0.479814 0.539993
0.157028 0.237703 0.34913
0.187641 0.18593 0.228695
0.166342 0.48339 0.585396
0.169694 0.208423 0.42563
0.170089 0.574723 0.306459
0.121635 0.166783 0.438024
0.154881 0.236474 0.508956
0.161286 0.48339 0.565518
0.157799 0.170606 0.349971
0.153724 0.105812 0.340523
0.165667 0.0778063 0.0762401
0.162952 0.239422 0.348312
0.169794 0.311073 0.578785
0.193657 0.216364 0.211191
0.164276 0.281206 0.862393
0.189465 0.557927 0.279018
0.153724 0.348644 0.14476
0.169794 0.286141 0.433254
0.193621 0.262924 0.232887
0.159463 0.187196 0.805616
0.170822 0.121914 0.669842
0.170951 0.360278 0.241386
0.170415 0.351188 0.199389
0.103306 0.210129 0.459181
0.15246 0.205012 0.2035
0.162034 0.121386 0.899516
0.169794 0.443398 0.373758
0.11513 0.219802 0.446246
0.156841 0.338502 0.260866
0.167935 0.200866 0.351134
0.154881 0.350878 0.404402
0.15974 0.574723 0.364981
0.159463 0.201507 0.193642
0.170951 0.313651 0.321283
0.153724 0.217278 0.966053
0.121635 0.224014 0.486573
0.165003 0.198547 0.225631
0.153724 0.053939 0.247933
0.121635 0.231538 0.457477
0.11513 0.174334 0.4778
0.169693 0.349504 0.229887
0.170951 0.136884 0.654279
0.189617 0.386656 0.303753
0.145685 0.191137 0.369009
0.11513 0.195702 0.406068
0.152164 0.297539 0.754546
0.195283 0.561892 0.279372
0.11513 0.233125 0.482943
0.154881 0.233728 0.510378
0.153724 0.0582944 0.302139
0.181889 0.433663 0.345689
0.159611 0.213147 0.768678
0.163498 0.106882 0.255061
0.199916 0.214958 0.414542
0.153724 0.0518776 0.858551
0.170951 0.0474564 0.844288
0.128605 0.269957 0.23881
0.153724 0.118021 0.652572
0.170951 0.284371 0.337532
0.168225 0.368411 0.626323
0.11513 0.219343 0.505016
0.154881 0.475042 0.63154
0.0891221 0.553585 0.697412
0.169794 0.405946 0.694095
0.16257 0.258615 0.300229
0.182971 0.311188 0.746683
0.130533 0.572314 0.284445
0.169794 0.309947 0.589101
0.163285 0.334357 0.872798
0.164346 0.231752 0.460872
0.153724 0.263633 0.347904
0.154881 0.472263 0.550967
0.164825 0.265603 0.74089
0.153724 0.201658 0.966105
0.170951 0.338623 0.290083
0.133278 0.350879 0.28033
0.171966 0.201567 0.469418
0.161575 0.0538771 0.846262
0.156587 0.048426 0.810125
0.154219 0.557927 0.351972
0.155998 0.452295 0.383468
0.159991 0.0978063 0.255644
0.153724 0.350955 0.261833
0.160784 0.314073 0.894292
0.161322 0.284254 0.53807
0.164877 0.262798 0.848487
0.161928 0.217696 0.468271
0.170951 0.354753 0.839194
0.155529 0.557927 0.356745
0.153724 0.0331087 0.236034
0.164544 0.0921631 0.706076
0.114878 0.197734 0.470294
0.157636 0.0447238 0.118574
0.11513 0.188606 0.507594
0.193854 0.272908 0.238971
0.136474 0.207382 0.206397
0.17549 0.211212 0.786904
0.169794 0.213847 0.496575
0.154881 0.354075 0.633482
0.145119 0.543104 0.695827
0.130739 0.314359 0.267533
0.170951 0.0960446 0.334838
0.167935 0.26383 0.360669
0.190396 0.205793 0.195867
0.153724 0.149577 0.954931
0.153724 0.20703 0.972881
0.166872 0.302601 0.0594578
0.170951 0.0387392 0.846694
0.160114 0.136344 0.0749661
0.153724 0.351759 0.756847
0.160344 0.132287 0.857559
0.159848 0.132651 0.859153
0.153724 0.235081 0.956372
0.153724 0.188281 0.354626
0.107753 0.184695 0.555978
0.161537 0.48339 0.664676
0.153724 0.0611545 0.735032
0.154881 0.427232 0.694799
0.161468 0.228335 0.0491298
0.159741 0.151062 0.848089
0.162737 0.230803 0.171727
0.121635 0.241838 0.45145
0.167108 0.359739 0.64829
0.15979 0.161007 0.132495
0.19328 0.193942 0.430464
0.153724 0.13293 0.956319
0.159566 0.232621 0.0276818
0.121635 0.172411 0.457129
0.166853 0.468477 0.411382
0.144598 0.215934 0.446632
0.164907 0.397229 0.687249
0.11513 0.161513 0.471824
0.169794 0.477188 0.509091
0.153724 0.283156 0.351029
0.170951 0.0490226 0.268791
0.165126 0.48339 0.592723
0.151574 0.257929 0.765129
0.170951 0.368804 0.167979
0.167105 0.19296 0.436811
0.170951 0.367484 0.214899
0.170267 0.574723 0.358443
0.167658 0.378157 0.386862
0.183706 0.189121 0.31467
0.154881 0.359254 0.409375
0.161829 0.428813 0.689666
0.170951 0.0326403 0.789432
0.146489 0.182476 0.185577
0.153724 0.330582 0.913935
0.153724 0.115566 0.333073
0.164882 0.182465 0.137457
0.154881 0.343597 0.405984
0.153724 0.153807 0.65158
0.154787 0.193046 0.426925
0.107918 0.543104 0.696307
0.185712 0.187517 0.250556
0.164545 0.10715 0.909957
0.169794 0.409644 0.723229
0.0600116 0.54911 0.699339
0.149507 0.574723 0.348816
0.154881 0.220082 0.490108
0.159478 0.213619 0.189854
0.187539 0.561773 0.313788
0.150731 0.192017 0.470325
0.154881 0.477473 0.604996
0.170951 0.355545 0.234132
0.162651 0.351365 0.289327
0.154157 0.0274273 0.221284
0.176606 0.301772 0.747596
0.154881 0.301955 0.579069
0.164577 0.104554 0.702141
0.160431 0.191696 0.351605
0.169794 0.478208 0.600986
0.147847 0.43725 0.332299
0.177108 0.196323 0.393789
0.172851 0.563961 0.379058
0.188894 0.419449 0.334771
0.19492 0.220859 0.213513
0.162906 0.295972 0.876724
0.169794 0.301683 0.420146
0.169794 0.265184 0.44613
0.164182 0.324707 0.611886
0.196739 0.220694 0.379911
0.164234 0.468477 0.37801
0.170951 0.289937 0.342813
0.170951 0.132359 0.664494
0.164824 0.115698 0.230447
0.121635 0.223042 0.494311
0.144693 0.570353 0.347367
0.160085 0.286544 0.698446
0.185754 0.193723 0.271901
0.164665 0.119532 0.889708
0.12129 0.182658 0.507688
0.153724 0.272717 0.645724
0.121922 0.546355 0.689487
0.114109 0.210741 0.49415
0.191011 0.197999 0.26782
0.163466 0.344049 0.8467
0.110412 0.187011 0.519309
0.188898 0.206397 0.449674
0.170951 0.279443 0.0491688
0.153724 0.0457286 0.853972
0.169641 0.316394 0.328466
0.154881 0.473536 0.452726
0.170951 0.297366 0.670839
0.160027 0.261339 0.306426
0.164724 0.278081 0.725811
0.172081 0.286891 0.756548
0.157247 0.0252051 0.178096
0.153724 0.0893937 0.674669
0.164402 0.468809 0.355034
0.160367 0.468477 0.439198
0.170951 0.298881   0.93
0.121635  0.224 0.412456
0.154881 0.419405 0.375169
0.172823 0.557927 0.340983
0.184991 0.198493 0.299667
0.159633 0.233664 0.768604
0.153724 0.359122 0.141101
0.169794 0.230155 0.503458
0.16062 0.337472 0.73824
0.121635 0.150353 0.468365
0.164865 0.144967 0.740516
0.158934 0.263999 0.360589
0.165651 0.0678643 0.119578
0.166244 0.363703 0.652409
0.15961 0.17271 0.16546
0.169794 0.289398 0.556624
0.153724 0.0298971 0.207177
0.161272 0.192839 0.438678
0.145357 0.296682 0.749186
0.150329 0.29119 0.764271
0.16515 0.48339 0.576968
0.153724 0.0994261 0.341017
0.154881 0.476701 0.362699
0.151754 0.281032 0.754076
0.160305 0.282284 0.327918
0.153724 0.363333 0.206746
0.166854 0.212806 0.627127
0.153724 0.113998 0.0559755
0.16489 0.155781 0.863966
0.121635 0.218509 0.509176
0.164751 0.148377 0.109809
0.121635 0.236826 0.494898
0.154881 0.41383 0.683351
0.160053 0.0816854 0.249663
0.150603 0.198482 0.806632
0.159893 0.156821 0.112352
0.158904 0.29331 0.948196
0.17348 0.574723 0.32788
0.170427 0.383731 0.723608
0.170951 0.202669 0.628078
0.192333 0.216843 0.366025
0.153724 0.304821 0.922733
0.159587 0.209168 0.237072
0.17361 0.21963 0.788389
0.169794 0.260565 0.534465
0.170951 0.0651233 0.904498
0.153724 0.363426 0.835716
0.164065 0.464125 0.379315
0.164822 0.122311 0.245123
0.198652 0.192252 0.456312
0.153724 0.177086 0.0469178
0.159934 0.241476 0.525395
0.169794 0.473419 0.377749
0.157485 0.112112 0.674337
0.159592 0.528314 0.354087
0.161548 0.135109 0.639981
0.140528 0.336445 0.741316
0.178324 0.190299 0.467765
0.153724 0.184125 0.957027
0.170597 0.334332 0.731389
0.156771 0.301784 0.436293
0.170951 0.0612353 0.889984
0.170951 0.352257 0.825339
0.164196 0.165864 0.371257
0.144735 0.194164 0.340706
0.11513 0.181374 0.421282
0.153724 0.0377991 0.240417
0.165176 0.180766 0.811906
0.170951 0.0511699 0.867995
0.153724 0.0659004 0.295501
0.232483 0.550034 0.688622
0.170688 0.372152 0.784389
0.164828 0.279455 0.162265
0.153724 0.304827 0.0845646
0.161567 0.263311 0.427171
0.164279 0.48339 0.662289
0.170951 0.117062 0.931044
0.153724 0.264741 0.339707
0.160196 0.468477 0.669026
0.154292 0.367043 0.148749
0.161009 0.0263009 0.199393
0.153724 0.140229 0.040589
0.135982 0.371723 0.30094
0.168269 0.18362 0.192659
0.170951 0.128261 0.952531
0.157062 0.0273974 0.220704
0.180837 0.200688 0.366552
0.165168 0.209956 0.779739
0.153724 0.359907 0.238845
0.170951 0.34255 0.132747
0.0720242 0.540364 0.701337
0.164595 0.0282835 0.237924
0.153724 0.11972 0.348099
0.168361 0.468477 0.616707
0.164568 0.435349 0.69652
0.16485 0.146862 0.866447
0.15655 0.48339 0.504946
0.17527 0.567385 0.368307
0.0551664 0.199093 0.542415
0.148988 0.574723 0.277411
0.167302 0.468477 0.680157
0.169794 0.323046 0.59619
0.170129 0.45396 0.364704
0.16476 0.127537 0.872161
0.165186 0.202131 0.177493
0.153724 0.17698 0.0356252
0.164545 0.0720049 0.263858
0.168768 0.067196 0.273732
0.155417 0.421032 0.681506
0.154881 0.295508 0.430539
0.130388 0.310466 0.260209
0.170262 0.0985256 0.943095
0.170855 0.343369 0.247161
0.170951 0.0456078 0.824602
0.158522 0.468477 0.617048
0.16193 0.557545 0.687691
0.169794 0.230436 0.496653
0.159443 0.153032 0.968099
0.15953 0.222882 0.815087
0.121635 0.171314 0.457107
0.204859 0.22239 0.363949
0.159725 0.257532 0.170846
0.169794 0.235429 0.513172
0.194173 0.195373 0.205235
0.132557 0.557927 0.278869
0.165447 0.0975606 0.31146
0.178556 0.559712 0.353706
0.0770919 0.200739 0.542609
0.170951 0.29806 0.0628339
0.209304 0.543104 0.697533
0.114112 0.191199 0.490337
0.169794 0.229798 0.458845
0.160088 0.109118 0.900695
0.0561773 0.201428 0.547098
0.170951 0.354943 0.164288
0.184258 0.35874 0.736933
0.235308 0.21811 0.373773
0.126916 0.205231 0.447188
0.154881 0.480954 0.646898
0.187027 0.202266 0.291995
0.121635 0.159619 0.456375
0.181771 0.275792 0.755713
0.158926 0.266001 0.448852
0.15639 0.574723 0.368654
0.160078 0.293076 0.895442
0.153724 0.0673463 0.102137
0.159498 0.292836 0.0506494
0.170951 0.0684742 0.899643
0.182222 0.284694 0.757516
0.154881 0.478499 0.562075
0.154823 0.562901 0.392386
0.170951 0.269836 0.948235
0.164853 0.23853 0.273325
0.153724 0.0502543 0.273144
0.159568 0.183253 0.83223
0.164712 0.341472 0.0950153
0.163606 0.468477 0.619395
0.170951 0.0942044 0.33089
0.112687 0.195249 0.530663
0.133935 0.557927 0.29047
0.234533 0.216251 0.373554
0.175828 0.198029 0.451008
0.170951 0.28805 0.0739078
0.156365 0.0484679 0.811252
0.170951 0.197831 0.361753
0.153308 0.390824 0.722273
0.187735 0.437004 0.33276
0.159924 0.262328 0.337413
0.153724 0.0964556 0.327368
0.169794 0.234085 0.497276
0.168855 0.264302 0.549114
0.153724 0.159035 0.354244
0.16467 0.286807 0.881464
0.159827 0.259807 0.859804
0.158966 0.468477 0.552374
0.163861 0.287891 0.720381
0.153724 0.33009 0.708603
0.163243 0.146387 0.341368
0.168594 0.297194 0.918188
0.165187 0.205914 0.821406
0.112268 0.186747 0.559164
0.168887 0.48339 0.693354
0.18332 0.191542 0.295061
0.170951 0.351757 0.238284
0.164917 0.255203 0.845129
0.153724 0.289259 0.333512
0.165138 0.180306 0.177507
0.170951 0.325864 0.0951909
0.160873 0.455956 0.705545
0.121635 0.214727 0.443271
0.170951 0.0458736 0.272671
0.170951 0.290831 0.942598
0.218344 0.207124 0.360356
0.159497 0.220985 0.19698
0.16272 0.279671 0.353133
0.121635 0.203722 0.508241
0.165018 0.168626 0.842225
0.163533 0.0893603 0.905051
0.164821 0.22972 0.284402
0.165103 0.220831 0.228242
0.16493 0.263454 0.174363
0.159962 0.244435 0.300467
0.156548 0.557927 0.3894
0.135986 0.333337 0.28255
0.101119 0.551459 0.696958
0.165766 0.468477 0.498185
0.173167 0.231665 0.780037
0.154809 0.141271 0.940642
0.156527 0.48339 0.647661
0.168162 0.383815 0.642477
0.175427 0.386593 0.739094
0.157903 0.0478318 0.283413
0.169794 0.290543 0.570712
0.154186 0.284366 0.647675
0.164968 0.307281 0.562218
0.14057 0.198091 0.304306
0.170951 0.0543532 0.117625
0.141177 0.18969 0.282152
0.15298 0.360121 0.739755
0.164506 0.300637 0.689252
0.155228 0.56114 0.394184
0.15977 0.133846 0.231868
0.160002 0.303785 0.143803
0.153724 0.146548 0.643182
0.165645 0.184997 0.048738
0.28348 0.543632 0.688482
0.163585 0.045826 0.880641
0.154779 0.37159 0.769237
0.163276 0.341362 0.0947829
0.178508 0.209502 0.788175
0.178711 0.192198 0.198241
0.170951 0.255576 0.956613
0.153724 0.0969674 0.922397
0.155885 0.260324 0.512975
0.274994 0.556906 0.695634
0.1344 0.194241 0.294764
0.163601 0.331266 0.881122
0.164672 0.118284 0.886791
0.169794 0.21947 0.502109
0.162539 0.159059 0.34587
0.163173 0.0339454 0.148922
0.168889 0.129946 0.0410882
0.155579 0.174154 0.628565
0.199589 0.209751 0.404862
0.160843 0.369406 0.734507
0.133617 0.195833 0.270516
0.167238 0.468477 0.543999
0.169315 0.232214 0.651399
0.16461 0.373331 0.830031
0.154591 0.205034 0.801958
0.141273 0.319434 0.742077
0.153724 0.0536638 0.112183
0.153724 0.0753831 0.899429
0.170951 0.236805 0.631243
0.168996 0.064974 0.126235
0.168846 0.0904703 0.935617
0.169794 0.387591 0.730563
0.11513 0.169685 0.500764
0.16177 0.265236 0.426495
0.170951 0.232103 0.354559
0.167808 0.557927 0.304423
0.153724 0.294253 0.660558
0.170028 0.086734 0.932149
0.153724 0.308166 0.669749
0.158335 0.0522215 0.16214
0.190309 0.414116 0.330728
0.153724 0.0647114 0.906327
0.153724 0.0423067 0.817513
0.170437 0.41739 0.331271
0.169794 0.337625 0.616879
0.172953 0.325572 0.740159
0.163539 0.48339 0.553145
0.154881 0.354945 0.403586
0.165055 0.164048 0.227963
0.13831 0.186863 0.237623
0.250931 0.218903 0.36571
0.160662 0.489752 0.367342
0.195734 0.292284 0.25242
0.16455 0.299939 0.901324
0.157407 0.252358 0.943156
0.155152 0.408435 0.398861
0.157439 0.536121 0.348694
0.153724 0.368969 0.81146
0.165141 0.186401 0.774315
0.153724 0.171402 0.955922
0.121635 0.161982 0.459348
0.16519 0.184926 0.812017
0.161095 0.342893 0.148373
0.157167 0.145795 0.965412
0.277939 0.556906 0.688047
0.17499 0.336577 0.736721
0.170081 0.0629804 0.733737
0.161968 0.205469 0.487977
0.165091 0.170441 0.225126
0.162213 0.216686 0.261673
0.141338 0.323829 0.740704
0.168172 0.23604 0.972607
0.153724 0.0856495 0.700021
0.137167 0.338947 0.286943
0.170951 0.103865 0.071726
0.112268 0.186846 0.547442
0.153724 0.28588 0.940196
0.154881 0.395669 0.384406
0.153724 0.0309908 0.79616
0.169566 0.186916 0.0486391
0.165997 0.291586 0.948986
0.161948 0.0370524 0.260758
0.163315 0.468477 0.6122
0.121635 0.228754 0.445045
0.153724 0.187423 0.972651
0.174536 0.375713 0.744006
0.165081 0.220452 0.835923
0.165146 0.397912 0.657261
0.170951 0.331487 0.109453
0.154881 0.26824 0.445266
0.16732 0.0779346 0.293755
0.170951 0.280416 0.934227
0.164081 0.379129 0.724525
