0.666074 0.139182 0.118263
0.0317518 0.201747 0.11719
0.0427888 0.125479 0.111862
0.208996 0.175399 0.136113
0.791604 0.176434 0.115171
0.249236 0.340584 0.0878551
0.0428114 0.246681 0.11323
0.319516 0.0953667 0.11995
0.198215 0.196636 0.15863
0.169363 0.0344437 0.109497
0.37835 0.396039 0.104871
0.355519 0.187197 0.117688
0.95124 0.136065 0.110142
0.319637 0.291576 0.112439
0.382021 0.331529 0.118406
0.239096 0.191923 0.150108
0.278498 0.0508587 0.112733
0.755094 0.280737 0.1317
0.432486 0.188162 0.154045
0.212089 0.182746 0.087833
0.943232 0.250259 0.1159
0.0466824 0.14432 0.120447
0.217622 0.348282 0.121748
0.0311739 0.188961 0.111201
0.215796 0.264325 0.14942
0.196121 0.191481 0.115741
0.81697 0.516831 0.038205
0.255386 0.333939 0.112087
0.0400351 0.237604 0.120306
0.351584 0.225288 0.109532
0.193448 0.215146 0.0798376
0.691122 0.320924 0.11467
0.77522 0.359102 0.119035
0.193082 0.26196 0.116356
0.0582164 0.113064 0.121867
0.96149 0.167134 0.119476
0.873156 0.0868156 0.11533
0.0558321 0.109178 0.117597
0.724981 0.397606 0.121464
0.931771 0.178781 0.116206
0.303732 0.0733428 0.109951
0.953765 0.260928 0.119745
0.208364 0.20318 0.135185
0.0540295 0.257161 0.117974
0.833338 0.359795 0.115258
0.219977 0.216383 0.148636
0.295408 0.416187 0.127163
0.41678 0.139332 0.139817
0.158685 0.351094 0.120938
0.755079 0.290651 0.0971011
0.0484698 0.129279 0.117019
0.0565569 0.290985 0.117034
0.42087 0.277989 0.0277819
0.280361 0.187084 0.140009
0.37432 0.411968 0.120843
0.904572 0.0693206 0.110276
0.955638 0.153423 0.120438
0.0927234 0.326721 0.119382
0.553752 0.295711 0.119113
0.664428 0.51984 0.115818
0.282494 0.0537682 0.120055
0.168324 0.0371299 0.111547
0.757957 0.0538543 0.116433
0.323998 0.29072 0.122101
0.795893 0.206391 0.0810366
0.340541 0.188309 0.129658
0.736832 0.394547 0.0868633
0.878477 0.159466 0.116258
0.0861165 0.320664 0.113082
0.336141 0.500003 0.116824
0.444526 0.508793 0.118294
0.278929 0.381139 0.0899884
0.307072 0.0830334 0.116635
0.207272 0.244953 0.155656
0.420223 0.277989 0.0855858
0.425458 0.194253 0.108771
0.357218 0.465479 0.112477
0.383197 0.584839 0.122149
0.724434 0.379673 0.13529
0.447365 0.102509 0.211032
0.807515 0.0382357 0.117829
0.257763 0.341483 0.115079
0.422133 0.241555 0.103399
0.252268 0.350369 0.115409
0.471585 0.167721 0.138887
0.402992 0.0999158 0.212544
0.2083 0.240697 0.159003
0.960871 0.149492 0.112507
0.170804 0.191123 0.134644
0.611532 0.326581 0.116924
0.0423812 0.135385 0.114719
0.707656 0.56987 0.116439
0.287322 0.222273 0.141177
0.383138 0.356653 0.120424
0.183317 0.175903 0.115018
0.0905645 0.0723497 0.122163
0.427676 0.283652 0.0945753
0.762602 0.26872 0.088945
0.190578 0.18632 0.141897
0.90412 0.0710405 0.115612
0.123207 0.338379 0.114747
0.639802 0.190458 0.114384
0.24567 0.164006 0.116293
0.389144 0.183113 0.132476
0.778366 0.3596 0.112026
0.808669 0.203615 0.115422
0.676934 0.387377 0.106956
0.878454 0.345061 0.113073
0.797734 0.196625 0.116046
0.387725 0.32832 0.120948
0.396494 0.39749 0.102491
0.19285 0.140114 0.115615
0.298956 0.0712042 0.122101
0.3651 0.589126 0.125339
0.440571 0.0900776 0.18574
0.851363 0.175905 0.115411
0.226096 0.347708 0.109704
0.24234 0.298956 0.0817938
0.315062 0.45034 0.127246
0.285269 0.41902 0.0971972
0.887263 0.0592588 0.120675
0.959589 0.164271 0.110287
0.659471 0.249981 0.115307
0.778714 0.574848 0.0311717
0.4368 0.146577 0.13876
0.233626 0.280345 0.153763
0.747256 0.337241 0.0907418
0.422113 0.185048 0.140276
0.713447 0.473147 0.106961
0.528294 0.507555 0.115507
0.0433715 0.258899 0.11028
0.72279 0.394362 0.112725
0.351782 0.207064 0.119062
0.429663 0.0900776 0.16486
0.20936 0.236208 0.116466
0.0917261 0.308361 0.115989
0.770213 0.356304 0.110022
0.11658 0.0474118 0.119813
0.267905 0.207324 0.115541
0.682862 0.312802 0.115863
0.716825 0.0660556 0.110618
0.304714 0.310556 0.122008
0.430016 0.195233 0.104095
0.722464 0.383475 0.1021
0.402992 0.0955625 0.212837
0.0820371 0.0808771 0.116087
0.423429 0.277989 0.0943563
0.725126 0.570578 0.120102
0.757949 0.57585 0.113726
0.896352 0.335943 0.119961
0.795438 0.201188 0.139457
0.811332 0.202456 0.118423
0.53381 0.508852 0.118511
0.680379 0.0993541 0.110931
0.890935 0.271262 0.115174
0.03103 0.230789 0.116739
0.338835 0.57927 0.12443
0.180946 0.193709 0.133709
0.646107 0.186988 0.121149
0.42143 0.51742 0.109535
0.918073 0.313605 0.116427
0.050864 0.12458 0.117176
0.248013 0.0405139 0.113848
0.667123 0.282379 0.113818
0.287065 0.579979 0.127158
0.241988 0.180937 0.0858408
0.206759 0.215047 0.149278
0.32763 0.509477 0.106688
0.776895 0.574698 0.191503
0.198273 0.224129 0.115491
0.438843 0.188764 0.11392
0.727233 0.246504 0.11494
0.647132 0.208245 0.118957
0.787406 0.197097 0.115803
0.404865 0.182149 0.128625
0.871642 0.163433 0.116258
0.38802 0.391399 0.131057
0.32277 0.484246 0.119016
0.0842572 0.317467 0.111514
0.27709 0.611666 0.0829959
0.193481 0.203843 0.130669
0.330715 0.10797 0.11199
0.151999 0.265039 0.116526
0.270818 0.606241 0.133391
0.743601 0.30987 0.0850019
0.11838 0.0511441 0.109733
0.0328148 0.208459 0.115223
0.343642 0.139185 0.115018
0.846774 0.355073 0.117192
0.394659 0.283383 0.117989
0.746569 0.579086 0.0304963
0.167107 0.216248 0.116374
0.0526152 0.115492 0.121273
0.762422 0.269456 0.0905588
0.32463 0.475582 0.107548
0.246003 0.0382759 0.121864
0.154916 0.0380292 0.109497
0.280319 0.379245 0.132488
0.402741 0.33655 0.123258
0.31533 0.602182 0.102304
0.44066 0.0968502 0.1554
0.323547 0.298489 0.117821
0.674084 0.38588 0.122463
0.816965 0.359792 0.111199
0.289417 0.0672871 0.109777
0.0531445 0.272805 0.116979
0.769343 0.302615 0.116238
0.949693 0.262027 0.110656
0.270534 0.368331 0.132162
0.156657 0.225247 0.116158
0.379821 0.33836 0.11149
0.973814 0.201469 0.118904
0.325746 0.1156 0.114383
0.549993 0.294182 0.113871
0.302724 0.45513 0.106214
0.647259 0.224935 0.115993
0.899589 0.331499 0.120159
0.357371 0.431662 0.109215
0.419933 0.137965 0.136855
0.828132 0.357064 0.121022
0.741793 0.303545 0.135597
0.853923 0.0402025 0.114551
0.294291 0.423902 0.0933109
0.331167 0.490294 0.105093
0.245566 0.337595 0.115148
0.788095 0.562681 0.030147
0.803918 0.557255 0.197349
0.0321677 0.154496 0.119329
0.647036 0.194479 0.112064
0.306372 0.235167 0.115265
0.955379 0.257935 0.112394
0.716885 0.428009 0.119648
0.73169 0.391889 0.0887171
0.304348 0.310386 0.120259
0.432486 0.126261 0.148254
0.865902 0.25185 0.115684
0.213831 0.0337561 0.109962
0.788234 0.197727 0.116229
0.422133 0.276594 0.098658
0.767814 0.259144 0.0891923
0.419509 0.197553 0.140276
0.413929 0.212092 0.111306
0.721615 0.388305 0.0921165
0.196697 0.190739 0.11603
0.795422 0.359704 0.120758
0.199152 0.185088 0.0869276
0.298745 0.304954 0.115244
0.387908 0.347592 0.11079
0.710342 0.120247 0.116219
0.29414 0.608262 0.097442
0.670959 0.288529 0.110022
0.932462 0.103016 0.11719
0.766198 0.0923626 0.115798
0.808337 0.19309 0.105847
0.180958 0.211497 0.132315
0.415984 0.227344 0.13876
0.678068 0.296699 0.119003
0.0333757 0.195538 0.113882
0.823429 0.036305 0.112282
0.454017 0.519243 0.111707
0.728342 0.246845 0.115882
0.860895 0.108105 0.115598
0.732235 0.366119 0.143686
0.243868 0.180995 0.0859848
0.333531 0.49277 0.120455
0.761601 0.262294 0.134261
0.739694 0.350321 0.0858661
0.185911 0.213648 0.133709
0.216245 0.251405 0.0733734
0.0408553 0.134214 0.109983
0.956863 0.254847 0.119003
0.0455558 0.134823 0.113699
0.303677 0.187898 0.105387
0.694662 0.57005 0.111734
0.194368 0.184712 0.0737448
0.320903 0.466924 0.130948
0.717062 0.436572 0.121769
0.382827 0.371849 0.107529
0.803697 0.204568 0.125423
0.288128 0.22217 0.141258
0.955434 0.144295 0.114742
0.550011 0.514356 0.108513
0.811316 0.196457 0.103933
0.256439 0.340945 0.0836535
0.302767 0.319422 0.114336
0.189326 0.347957 0.116964
0.124227 0.341048 0.121639
0.644015 0.166892 0.113079
0.653442 0.154017 0.118156
0.328916 0.180419 0.103839
0.206565 0.200865 0.134306
0.756985 0.571584 0.130447
0.690135 0.158851 0.11624
0.247777 0.187257 0.0955626
0.75087 0.211521 0.115404
0.332006 0.270885 0.117295
0.224764 0.188452 0.149949
0.422654 0.237233 0.141368
0.807459 0.192867 0.0961632
0.0439619 0.249113 0.120055
0.299145 0.574071 0.0928132
0.246984 0.332998 0.0927095
0.792396 0.226109  0.115
0.410181 0.0900775 0.196196
0.327295 0.28013 0.119261
0.615768 0.329835 0.116561
0.791419 0.228548 0.0879109
0.235837 0.350433 0.121968
0.341009 0.514455 0.127044
0.736302 0.343198 0.118119
0.29546 0.0788249 0.113975
0.220095 0.186666 0.13364
0.753718 0.286858 0.146109
0.676667 0.286593 0.110832
0.822127 0.542553 0.028475
0.782442 0.352348 0.113239
0.259681 0.343954 0.135017
0.358366 0.414782 0.115195
0.0358098 0.210602 0.109437
0.197618 0.194582 0.133709
0.769881 0.237483 0.0880815
0.0371555 0.16816 0.120345
0.769105 0.043987 0.117475
0.756651 0.356161 0.113969
0.646491 0.198437 0.118976
0.101058 0.324301 0.120788
0.636534 0.34789 0.109764
0.381256 0.139979 0.136522
0.67527 0.29252 0.118134
0.590022 0.30903 0.114679
0.723932 0.409603 0.108292
0.519086 0.254448 0.109823
0.965678 0.199222 0.121036
0.336422 0.108077 0.11791
0.482769 0.233181 0.106864
0.712884 0.339937 0.114084
0.0376435 0.20646 0.110043
0.673211 0.111435 0.121149
0.63776 0.508339 0.117734
0.421909 0.0910268 0.223576
0.649387 0.24799 0.110271
0.257707 0.346004 0.0967044
0.286716 0.193035 0.115292
0.676331 0.516437 0.1203
0.356273 0.192742 0.108617
0.458144 0.51812 0.110146
0.050945 0.268293 0.110983
0.185847 0.185919 0.1568
0.410508 0.147612 0.139812
0.819045 0.540589 0.1864
0.422133 0.201612 0.100211
0.0718372 0.299508 0.11759
0.167526 0.0425575 0.115031
0.227864 0.191981 0.158848
0.650253 0.141038 0.115435
0.414289 0.291295 0.040827
0.432188 0.512517 0.120757
0.411361 0.180635 0.125337
0.170907 0.352939 0.117682
0.855582 0.200864 0.114936
0.352378 0.203815 0.116292
0.755211 0.576889 0.1869
0.648706 0.144224 0.11616
0.772833 0.0459688 0.121149
0.971433 0.219583 0.118009
0.691134 0.0857649 0.110509
0.187894 0.199636 0.134306
0.28018 0.182093 0.0906084
0.664436 0.142395 0.117456
0.200743 0.184911 0.115019
0.724211 0.412077 0.122455
0.237465 0.347051 0.112412
0.213932 0.353382 0.120114
0.805455 0.201187 0.114937
0.171237 0.194185 0.115571
0.317645 0.148449 0.115027
0.878373 0.159492 0.116258
0.733449 0.0759434 0.115625
0.751331 0.350768 0.120488
0.41836 0.181927 0.125902
0.0925369 0.0668559 0.114733
0.157541 0.342925 0.120853
0.172545 0.186767 0.133709
0.755246 0.580472 0.0541072
0.248145 0.30955 0.0883989
0.303285 0.573371 0.142847
0.03934 0.154361 0.118106
0.820711 0.519434 0.0289692
0.410199 0.265624 0.118061
0.63032 0.356361 0.109654
0.385849 0.15842 0.141368
0.342924 0.229532 0.119369
0.728862 0.375033 0.0888537
0.806168 0.356103 0.115509
0.29365 0.0658541 0.11388
0.0789755 0.290146 0.116391
0.194807 0.35632 0.110989
0.403775 0.0900776 0.169042
0.199574 0.16079 0.130665
0.793063 0.499655 0.188247
0.813543 0.0400987 0.121149
0.193086 0.19819 0.0810961
0.954926 0.201517 0.116071
0.280634 0.611666 0.1374
0.334964 0.270753 0.117639
0.389826 0.325234 0.108476
0.762522 0.238654 0.115965
0.3905 0.185508 0.133046
0.807082 0.0896751 0.115328
0.700663 0.53643 0.107225
0.754344 0.569343 0.0352168
0.265864 0.375816 0.0911509
0.0676371 0.0953877 0.121752
0.346608 0.147312 0.111925
0.139692 0.0459663 0.121577
0.184505 0.171717 0.137346
0.235748 0.19054 0.0824144
0.410752 0.338871 0.123252
0.349275 0.147199 0.11548
0.743595 0.294527 0.139163
0.6486 0.233405 0.118698
0.0706512 0.29469 0.115712
0.303312 0.605702 0.0960601
0.346823 0.178255 0.121054
0.231183 0.288598 0.0776274
0.720523 0.0986666 0.114883
0.782289 0.361729 0.110269
0.393814 0.192094 0.129135
0.35076 0.156576 0.120565
0.13067 0.0396229 0.112679
0.274058 0.333181 0.11316
0.733772 0.36865 0.143662
0.256255 0.183304 0.155829
0.664322 0.38518 0.116011
0.312517 0.302217 0.118458
0.0425773 0.246396 0.117299
0.387448 0.234131 0.137779
0.129182 0.338633 0.114321
0.169125 0.344759 0.117159
0.32297 0.591106 0.0928674
0.669722 0.114836 0.119474
0.274101 0.361264 0.138494
0.75571 0.256285 0.0918659
0.0889219 0.15605 0.116249
0.652138 0.37603 0.106005
0.362899 0.401251 0.117922
0.656268 0.25523 0.111297
0.747973 0.580623 0.0494121
0.146425 0.346467 0.112945
0.917212 0.0841331 0.111236
0.805967 0.0339677 0.112015
0.471713 0.508242 0.117576
0.747668 0.580332 0.106897
0.120841 0.10768 0.116301
0.755904 0.570297 0.0666564
0.339645 0.18233 0.100842
0.806633 0.0459951 0.118475
0.862171 0.0515526 0.118216
0.349706 0.166888 0.113976
0.199288 0.181937 0.137346
0.277922 0.371182 0.135082
0.345885 0.586586 0.099704
0.752175 0.568621 0.130312
0.188539 0.188993 0.0816771
0.3381 0.110897 0.11482
0.186983 0.0315791 0.118832
0.807151 0.360105 0.120962
0.641609 0.177976 0.115693
0.145673 0.0381204 0.112638
0.223671 0.278916 0.152668
0.933761 0.297806 0.119766
0.839796 0.22935 0.116219
0.282021 0.152165 0.140755
0.328489 0.575669 0.11725
0.703381 0.525267 0.121947
0.0460823 0.258943 0.116887
0.427643 0.176157 0.140276
0.577634 0.30593 0.12247
0.336284 0.279448 0.113899
0.372293 0.396991 0.108941
0.678494 0.516093 0.10887
0.385793 0.375054 0.103762
0.334304 0.272547 0.12202
0.353519 0.212497 0.121212
0.327198 0.268615 0.118337
0.342848 0.13198 0.118082
0.867531 0.0578549 0.120554
0.0781119 0.0771801 0.12106
0.0530761 0.120066 0.112106
0.447751 0.291295 0.0398569
0.252815 0.0459374 0.120347
0.227121 0.285798 0.144302
0.320297 0.49098 0.111324
0.392767 0.187239 0.132784
0.352827 0.162686 0.109721
0.783188 0.570216 0.186718
0.424017 0.152256 0.145303
0.424237 0.140861 0.155136
0.71684 0.0617267 0.119424
0.809208 0.509286 0.0369783
0.839116 0.161244 0.115906
0.260468 0.181065 0.0886251
0.3444 0.246391 0.120905
0.298385 0.321161 0.110924
0.176963 0.189984 0.115617
0.861017 0.0509643 0.119701
0.954748 0.152791 0.11093
0.287252 0.400255 0.102102
0.769323 0.495107 0.195914
0.200243 0.0341198 0.117539
0.686978 0.309366 0.113396
0.330934 0.577827 0.117421
0.782684 0.214179 0.115155
0.19552 0.197747 0.139143
0.343298 0.122734 0.112479
0.338548 0.263718 0.113969
0.26429 0.335145 0.109475
0.390262 0.402747 0.130892
0.865279 0.0546511 0.110252
0.381009 0.414794 0.105741
0.432243 0.186876 0.116208
0.797766 0.362672 0.119486
0.67475 0.39306 0.117175
0.724167 0.423144 0.107079
0.897883 0.0668589 0.114827
0.33064 0.600851 0.103595
0.746281 0.290275 0.144019
0.337961 0.594339 0.130121
0.937162 0.116742 0.120426
0.309004 0.437506 0.128452
0.767629 0.0421283 0.120662
0.177345 0.206939 0.116543
0.945333 0.279963 0.121149
0.406634 0.289423 0.0749182
0.292355 0.578045 0.148621
0.734045 0.410363 0.108755
0.335188 0.116603 0.122049
0.0417504 0.172622 0.119222
0.772413 0.488587 0.0320071
0.687931 0.563436 0.112241
0.292339 0.191484 0.101116
0.198326 0.19303 0.103252
0.346242 0.178494 0.118052
0.746074 0.571215 0.198182
0.193257 0.0955291 0.115087
0.228237 0.287172 0.089071
0.885383 0.0693468 0.116563
0.424315 0.103384 0.223393
0.239828 0.0457692 0.117568
0.963849 0.181525 0.116111
0.354536 0.206647 0.117842
0.880017 0.344364 0.121129
0.79943 0.496417 0.0288055
0.303803 0.44081 0.0955951
0.257929 0.116556 0.116523
0.77366 0.0432657 0.120605
0.917702 0.313976 0.115492
0.100534 0.0698945 0.118374
0.660273 0.139032 0.11354
0.320667 0.570758 0.114339
0.754742 0.569448 0.117455
0.220977 0.161813 0.115539
0.303884 0.446483 0.123629
0.185188 0.352685 0.111884
0.0349495 0.241305 0.110652
0.037188 0.219106 0.115306
0.470102 0.181195 0.1391
0.756606 0.488235 0.195658
0.961814 0.190837 0.120492
0.900418 0.323745 0.114288
0.273567 0.375768 0.0879252
0.957519 0.239271 0.120522
0.500223 0.237593 0.115826
0.147186 0.351456 0.110139
0.308533 0.451471 0.109006
0.8783 0.213889 0.116241
0.334967 0.127305 0.121617
0.218771 0.344628 0.112204
0.111735 0.32392 0.120936
0.160192 0.0384172 0.112764
0.307312 0.573572 0.133396
0.0755879 0.303384 0.116653
0.289117 0.0614551 0.109509
0.276524 0.611666 0.148307
0.729986 0.136057 0.115619
0.384851 0.384704 0.129697
0.346859 0.580736 0.119197
0.93984 0.113867 0.120569
0.657116 0.402396 0.106005
0.677982 0.105397 0.112458
0.126282 0.0470188 0.120383
0.42363 0.173629 0.155136
0.202143 0.0318139 0.113302
0.56152 0.286661 0.116963
0.746599 0.294257 0.0845519
0.751347 0.568602 0.120305
0.179435 0.0278399 0.113102
0.670611 0.112896 0.112976
0.825293 0.538972 0.195054
0.4357 0.517837 0.109853
0.142152 0.0418209 0.11093
0.719507 0.415067 0.120386
0.18922 0.195243 0.140534
0.658596 0.142147 0.120642
0.966527 0.219575 0.112342
0.375992 0.394784 0.117631
0.310728 0.0757524 0.113768
0.335047 0.131603 0.110482
0.512396 0.247277 0.115897
0.757099 0.578287 0.186625
0.66755 0.283022 0.110854
0.312512 0.602969 0.13612
0.108288 0.0535438 0.121328
0.393004 0.328325 0.118683
0.950031 0.128019 0.112318
0.0535245 0.269476 0.109498
0.246449 0.0397171 0.115418
0.337059 0.229688 0.140793
0.755115 0.273773 0.147136
0.829574 0.360483 0.114061
0.291298 0.609055 0.136009
0.730684 0.414593 0.117646
0.490668 0.507977 0.11701
0.871445 0.312411 0.115739
0.377027 0.184396 0.141368
0.252232 0.0409307 0.12178
0.578528 0.509579 0.110141
0.640762 0.384629 0.123801
0.0336003 0.217404 0.109637
0.247709 0.346606 0.116138
0.781266 0.491062 0.197349
0.958752 0.146694 0.121149
0.645999 0.216978 0.119861
0.064783 0.0981312 0.117115
0.304709 0.573129 0.123328
0.272826 0.592322 0.1438
0.444091 0.139505 0.13911
0.291095 0.423328 0.127889
0.648218 0.388773 0.125559
0.356422 0.194167 0.111599
0.292585 0.0684362 0.112288
0.659697 0.408195 0.106005
0.715371 0.446121 0.10747
0.480663 0.238644 0.1122
0.0323634 0.194162 0.109498
0.294357 0.18206 0.148244
0.116551 0.339589 0.119863
0.733056 0.228432 0.115304
0.414729 0.291295 0.0876286
0.662703 0.122903 0.120389
0.917133 0.0839299 0.119176
0.4477 0.277989 0.0574784
0.134003 0.0416458 0.109756
0.643601 0.185794 0.120558
0.177027 0.165521 0.133709
0.813944 0.0391626 0.11071
0.237323 0.201962 0.115637
0.201168 0.204121 0.154596
0.244771 0.0546572 0.115994
0.27925 0.321778 0.120529
0.231941 0.0365332 0.113928
0.182178 0.178928 0.130669
0.309595 0.301507 0.110282
0.949749 0.268981 0.110945
0.43037 0.291295 0.0659652
0.852705 0.0407379 0.11851
0.967579 0.213507 0.113116
0.269198 0.595464 0.0900743
0.278459 0.326564 0.109773
0.713688 0.0676538 0.114647
0.428894 0.269341 0.0942626
0.329909 0.263813 0.120962
0.133655 0.0373589 0.116707
0.201895 0.0265643 0.114062
0.780169 0.0491315 0.110899
0.240458 0.347257 0.122102
0.745785 0.571877 0.112632
0.20014 0.35296 0.121819
0.734445 0.175589 0.115377
0.370532 0.182239 0.115445
0.426504 0.0900776 0.166818
0.148264 0.194205 0.115651
0.0604037 0.100205 0.121278
0.324166 0.0985756 0.109498
0.955018 0.143952 0.121198
0.935252 0.102048 0.112019
0.352398 0.216275 0.122101
0.941625 0.118929 0.11013
0.651291 0.388153 0.100955
0.165466 0.0428835 0.118925
0.188115 0.16356 0.15004
0.773455 0.251953 0.0865874
0.79734 0.366589 0.111818
0.244586 0.309959 0.0807878
0.193701 0.119173 0.116506
0.14705 0.219842 0.115224
0.897864 0.0669479 0.111494
0.19786 0.192908 0.116059
0.753967 0.569042 0.187259
0.381263 0.420161 0.111523
0.247536 0.184397 0.0832959
0.752274 0.304573 0.0975191
0.276945 0.191456 0.098479
0.425134 0.277989 0.0763728
0.652772 0.263686 0.118881
0.39057 0.340741 0.111923
0.875168 0.343857 0.120871
0.632399 0.511329 0.108918
0.419814 0.192651 0.119935
0.244102 0.191914 0.0921268
0.377784 0.509898 0.109699
0.193225 0.209094 0.115086
0.0257538 0.189456 0.116574
0.243959 0.192648 0.0899269
0.578125 0.517903 0.110064
0.29639 0.588149 0.0874218
0.563317 0.50774 0.116107
0.891442 0.066557 0.116265
0.432486 0.242709 0.100712
0.397831 0.268179 0.116273
0.797062 0.202291 0.0858333
0.921391 0.313809 0.111755
0.730673 0.413851 0.111483
0.949344 0.12981 0.110022
0.280431 0.390839 0.129653
0.348968 0.145825 0.116279
0.791768 0.0429139 0.110628
0.201812 0.0317614 0.114614
0.192526 0.0386003 0.118486
0.396108 0.510884 0.120196
0.284163 0.582496 0.147438
0.260974 0.0412184 0.114847
0.325409 0.103233 0.118146
0.308232 0.604286 0.115645
0.402992 0.103113 0.169599
0.100089 0.0604626 0.115743
0.199088 0.353045 0.118455
0.270692 0.102513 0.115458
0.289926 0.577498 0.0894957
0.346852 0.139644 0.110533
0.649716 0.177549 0.113118
0.0803427 0.0790501 0.117148
0.72685 0.42933 0.118833
0.857512 0.157801 0.116167
0.342176 0.184138 0.141176
0.200704 0.0315859 0.1135
0.82397 0.355122 0.110741
0.436727 0.277989 0.0766196
0.855639 0.0458564 0.113855
0.776859 0.364456 0.113513
0.108113 0.0651324 0.111073
0.894866 0.0653222 0.118783
0.33671 0.500128 0.119235
0.70258 0.577415 0.119634
0.237014 0.183398 0.0821087
0.965551 0.209329 0.119248
0.796109 0.354511 0.118803
0.673432 0.114336 0.110087
0.324931 0.0971352 0.115362
0.726961 0.377759 0.0901696
0.709633 0.46059 0.109998
0.735327 0.0544848 0.120742
0.289562 0.330905 0.113417
0.0333015 0.176103 0.116487
0.0942232 0.310858 0.114413
0.814989 0.253424 0.115612
0.227638 0.351212 0.116696
0.331419 0.105711 0.12174
0.240946 0.251061 0.116062
0.371926 0.519802 0.116794
0.379463 0.37372 0.109553
0.190676 0.0308086 0.10954
0.195453 0.219437 0.0711077
0.680129 0.307243 0.119849
0.176396 0.0357707 0.113933
0.649936 0.219656 0.110173
0.202858 0.191835 0.133709
0.227952 0.15265 0.116546
0.056141 0.114225 0.111933
0.402992 0.0959551 0.195758
0.45123 0.156272 0.13876
0.34238 0.245458 0.121646
0.773211 0.575301 0.0292024
0.661606 0.123283 0.119883
0.270012 0.604339 0.0773038
0.39299 0.291294 0.118598
0.194962 0.361812 0.115974
0.104254 0.328822 0.120534
0.656763 0.411363 0.104088
0.406634 0.281946 0.0820363
0.755969 0.57039 0.140514
0.226455 0.26478 0.0849631
0.886152 0.0638615 0.112699
0.964343 0.233365 0.114548
0.354746 0.202747 0.122101
0.391009 0.398951 0.130947
0.746442 0.0509662 0.11742
0.749669 0.494768 0.0283634
0.274798 0.187616 0.140996
0.67448 0.291142 0.113024
0.295915 0.307784 0.11148
0.688302 0.306864 0.121217
0.889522 0.101972 0.116248
0.432486 0.163304 0.148296
0.695054 0.534264 0.120807
0.808058 0.556678 0.0272561
0.279693 0.330311 0.110749
0.403546 0.103384 0.208461
0.793036 0.236031 0.115399
0.795033 0.496632 0.038205
0.422133 0.0998762 0.149862
0.296966 0.310576 0.121573
0.256279 0.339361 0.118036
0.404815 0.234498 0.139568
0.460808 0.519851 0.116384
0.864251 0.300271 0.116041
0.19639 0.186597 0.109983
0.349744 0.1526 0.122101
0.601696 0.320521 0.120077
0.193664 0.199159 0.0680925
0.819169 0.525966 0.196752
0.404011 0.255977 0.120098
0.774743 0.567272 0.187305
0.296214 0.133568 0.115446
0.439421 0.0900776 0.170865
0.752608 0.0506133 0.115933
0.598388 0.50925 0.119013
0.80353 0.357971 0.110624
0.777414 0.565973 0.0299292
0.701151 0.240111 0.115503
0.128781 0.156813 0.116221
0.737994 0.387954 0.127267
0.154691 0.0392069 0.116421
0.752904 0.494447 0.1875
0.236045 0.301199 0.0913634
0.768478 0.233067 0.116244
0.265225 0.206199 0.116541
0.632222 0.355121 0.121725
0.193375 0.192664 0.115762
0.0313618 0.198708 0.114404
0.805294 0.210167 0.0831351
0.652874 0.212264 0.12015
0.84843 0.0472295 0.110148
0.752633 0.568627 0.133744
0.771544 0.249221 0.135514
0.352415 0.203585 0.115158
0.412996 0.190341 0.1177
0.813032 0.55815 0.0353881
0.565424 0.514511 0.12089
0.451007 0.287296 0.0671854
0.323136 0.569094 0.111002
0.726855 0.575304 0.118875
0.355599 0.439635 0.120448
0.159712 0.0358065 0.111072
0.638476 0.519091 0.111238
0.941686 0.125232 0.11074
0.736922 0.34311 0.100466
0.746162 0.343265 0.0943643
0.359494 0.507717 0.115644
0.516448 0.253184 0.108762
0.870322 0.311456 0.114911
0.0490096 0.139753 0.118128
0.379208 0.38183 0.11805
0.417092 0.0900775 0.203965
0.349291 0.599654 0.117287
0.351818 0.594168 0.103837
0.748936 0.56922 0.0415699
0.128922 0.341389 0.110923
0.276307 0.181226 0.143717
0.189705 0.187449 0.137215
0.127386 0.340508 0.118229
0.203331 0.235937 0.0727588
0.303175 0.605741 0.110096
0.666095 0.386839 0.115316
0.659566 0.261876 0.118737
0.0435517 0.248134  0.115
0.269501 0.603119 0.12198
0.813941 0.203113 0.115429
0.870739 0.346114 0.11511
0.430083 0.0900776 0.180597
0.702002 0.489764 0.114203
0.711565 0.455767 0.108726
0.798868 0.0418716 0.116185
0.81785 0.360287 0.121149
0.868576 0.347304 0.113474
0.429046 0.140618 0.13876
0.299659 0.589746 0.143958
0.290249 0.577217 0.0847375
0.97121 0.178529 0.114161
0.226343 0.349393 0.109498
0.193071 0.0571926 0.116364
0.246591 0.328927 0.146811
0.402992 0.0904519 0.21198
0.915213 0.313125 0.110473
0.2784 0.328176 0.122084
0.870807 0.352665 0.111179
0.780201 0.574267 0.0350625
0.282692 0.320025 0.11705
0.194165 0.0503348 0.115593
0.565906 0.292443 0.120497
0.958725 0.257036 0.11327
0.962033 0.231556 0.111989
0.251526 0.157531 0.145553
0.391408 0.33914 0.116289
0.212431 0.355398 0.12168
0.355808 0.188723 0.122101
0.213194 0.255127 0.155835
0.648398 0.169992 0.117976
0.0757639 0.292399 0.11326
0.0577826 0.111003 0.109519
0.279252 0.323815 0.121351
0.78372 0.329134 0.116236
0.171106 0.178311 0.130923
0.645191 0.212448 0.119817
0.785206 0.0414375 0.115694
0.779667 0.231407 0.0801947
0.444435 0.508014 0.112195
0.702885 0.317674 0.120638
0.904514 0.31965 0.112328
0.148455 0.344351 0.110038
0.33526 0.514287 0.120124
0.0490736 0.247436 0.115516
0.734018 0.339333 0.139727
0.435606 0.147506 0.141146
0.271549 0.192264 0.150433
0.823031 0.545812 0.194229
0.498838 0.507651 0.113412
0.0676647 0.301938 0.118942
0.351469 0.513694 0.121061
0.692583 0.311324 0.113703
0.650772 0.247691 0.120588
0.176743 0.353863 0.11476
0.967125 0.215798 0.11664
0.463877 0.176975 0.13876
0.266131 0.0586002 0.111128
0.752298 0.259911 0.135605
0.675778 0.39389 0.117141
0.194968 0.180591 0.0788215
0.731299 0.370045 0.0873989
0.0623516 0.11357 0.113912
0.533501 0.520034 0.115479
0.668116 0.266946 0.119079
0.718248 0.428435 0.114399
0.213362 0.157875 0.116024
0.460457 0.22191 0.140162
0.713634 0.071038 0.121136
0.82947 0.0705066 0.114883
0.735136 0.387473 0.137985
0.751096 0.581424 0.182871
0.751422 0.35834 0.112026
0.199456 0.188458 0.134306
0.058025 0.113373 0.121875
0.764678 0.497704 0.0332085
0.409433 0.291295 0.0597774
0.0512392 0.26322 0.117834
0.735562 0.401713 0.100805
0.727164 0.375688 0.0996395
0.335929 0.514174 0.116206
0.180303 0.171831 0.1154
0.669416 0.278526 0.120981
0.29358 0.191126 0.101833
0.757568 0.577438 0.0285046
0.306728 0.434671 0.134094
0.404898 0.184064 0.111371
0.263764 0.0562579 0.121152
0.402992 0.102918 0.157401
0.657261 0.127891 0.113806
0.580581 0.519956 0.11371
0.825938 0.358452 0.115768
0.328121 0.504839 0.114274
0.833892 0.0450089 0.112309
0.199939 0.229892 0.0726069
0.311907 0.457677 0.109502
0.845719 0.215845 0.116087
0.320989 0.60147 0.115113
0.785897 0.564063 0.0298671
0.807051 0.309899 0.115305
0.274322 0.0502356 0.110886
0.712476 0.466752 0.122592
0.281638 0.154298 0.143962
0.407256 0.387122 0.11725
0.802638 0.0412748 0.120113
0.884945 0.173041 0.116007
0.0492507 0.124229 0.109498
0.415705 0.191836 0.125585
0.758089 0.348345 0.120093
0.793215 0.202963 0.11506
0.409672 0.231402 0.141368
0.746545 0.300107 0.130923
0.148087 0.0402525 0.11512
0.432058 0.0937722 0.148712
0.732441 0.406243 0.111737
0.214869 0.353143 0.111748
0.751161 0.348706 0.120846
0.708646 0.0748437 0.115287
0.451007 0.283209 0.0881884
0.418294 0.0900775 0.21159
0.221704 0.0297103 0.117594
0.883951 0.0548433 0.118759
0.155119 0.0358702 0.121941
0.35512 0.595499 0.104419
0.236569 0.290299 0.0790376
0.298585 0.57418 0.124569
0.550686 0.508177 0.117463
0.731971 0.392748 0.141114
0.249585 0.309258 0.147453
0.360108 0.205011 0.114793
0.0697296 0.2974 0.112853
0.23615 0.288899 0.141677
0.752173 0.581411 0.189991
0.64861 0.168083 0.117787
0.195741 0.169354 0.133709
0.327235 0.192365 0.135536
0.0951309 0.0709805 0.121655
0.451007 0.291026 0.0484582
0.229709 0.0960435 0.11592
0.237984 0.0454424 0.120911
0.942797 0.224572 0.115986
0.352521 0.184155 0.118042
0.284185 0.583852 0.150734
0.231672 0.274733 0.144345
0.655027 0.379244 0.128082
0.778121 0.356576 0.110061
0.191905 0.0307997 0.11396
0.346898 0.148634 0.120178
0.366505 0.408771 0.120876
0.796077 0.039249 0.121051
0.243101 0.324689 0.0839715
0.218682 0.259156 0.145033
0.353818 0.432236 0.113804
0.911165 0.329146 0.111495
0.865917 0.351548 0.112079
0.435123 0.189167 0.121308
0.247576 0.180306 0.152252
0.344827 0.580364 0.104804
0.683078 0.301358 0.110031
0.191286 0.0308064 0.120216
0.0593626 0.28501 0.121983
0.644253 0.19559 0.12036
0.099695 0.0578928 0.110272
0.20308 0.35501 0.114327
0.076343 0.0868629 0.109476
0.753841 0.352047 0.118677
0.906786 0.0737065 0.11749
0.805123 0.555856 0.0381673
0.0353047 0.162879 0.113127
0.92515 0.091783 0.110064
0.910305 0.325862 0.110141
0.558609 0.301062 0.114526
0.639589 0.386088 0.127589
0.919206 0.0792558 0.113175
0.69253 0.311161 0.117196
0.763583 0.245863 0.133806
0.432486 0.21462 0.10024
0.21164 0.236866 0.159732
0.322949 0.0952781 0.118822
0.192547 0.194205 0.116294
0.0674743 0.0917935 0.115575
0.0391523 0.232028 0.112718
0.033938 0.19909 0.119121
0.381167 0.192708 0.128264
0.366475 0.185758 0.103976
0.741821 0.306166 0.142007
0.321621 0.182358 0.0976544
0.966949 0.151333 0.11444
0.348864 0.225344 0.122186
0.345962 0.249166 0.114872
0.536427 0.283306 0.116377
0.238457 0.0417408 0.109807
0.645442 0.241419 0.112258
0.219396 0.267373 0.0754059
0.2411 0.308127 0.0923708
0.0353285 0.18869 0.109791
0.771639 0.236274 0.0915536
0.273584 0.611666 0.0944301
0.442188 0.103384 0.174214
0.806478 0.5074 0.0291464
0.955399 0.257894 0.120528
0.282034 0.191261 0.141718
0.965419 0.191961 0.117912
0.180531 0.359972 0.11603
0.247331 0.333078 0.0930118
0.750033 0.352003 0.110022
0.349763 0.189182 0.113022
0.774087 0.568967 0.186403
0.938782 0.200578 0.116019
0.809965 0.20488 0.114948
0.41273 0.339493 0.107945
0.231086 0.171706 0.115033
0.213204 0.200706 0.116547
0.840916  0.356 0.120565
0.0387946 0.201152 0.110527
0.254281 0.156259 0.142587
0.297947 0.222524 0.143386
0.882455 0.336371 0.120498
0.809997 0.193941 0.137715
0.350442 0.215533 0.113344
0.381931 0.367683 0.112963
0.402517 0.40513 0.115768
0.647138 0.252874 0.1187
0.0522123 0.218975 0.115293
0.703981 0.238085 0.116207
0.240513 0.0405763 0.111956
0.281725 0.58875 0.149846
0.12113 0.0497429 0.114147
0.772668 0.566496 0.03365
0.543543 0.510356 0.109536
0.195413 0.197037 0.076848
0.286157 0.0629277 0.11774
0.279801 0.586275 0.128063
0.684417 0.20115 0.114911
0.966375 0.220529 0.120997
0.822772 0.548067 0.192209
0.737502 0.390736 0.126968
0.473829 0.186146 0.141368
0.24217 0.292239 0.146222
0.785586 0.232576 0.143778
0.350605 0.172567 0.112531
0.220428 0.255845 0.157527
0.429393 0.291295 0.0703081
0.154214 0.036768 0.113829
0.737669 0.389787 0.106246
0.848217 0.354925 0.117315
0.778909 0.248508 0.114903
0.648094 0.214326 0.116331
0.182256 0.200772 0.115539
0.667718 0.124373 0.110022
0.711324 0.464969 0.10741
0.378339 0.190586 0.13876
0.235244 0.34202 0.116005
0.339054 0.130181 0.111843
0.422133 0.1888 0.101943
0.0805934 0.308264 0.113014
0.432486 0.274199 0.103445
0.179973 0.0271499 0.115768
0.863529 0.132353 0.116077
0.809363 0.0410442 0.112726
0.343678 0.25365 0.121024
0.431348 0.0900776 0.189221
0.963574 0.221819 0.114307
0.174681 0.0361238 0.116515
0.330614 0.587605 0.0953882
0.037971 0.162496 0.110421
0.50905 0.247779 0.121026
0.418053 0.291295 0.0832355
0.839613 0.356996 0.121149
0.78987 0.227007 0.13794
0.197577 0.195492 0.107394
0.236374 0.345765 0.10978
0.669835 0.294942 0.111253
0.0665591 0.290708 0.112546
0.951368 0.278387 0.120057
0.696432 0.075838 0.114892
0.204749 0.180802 0.134306
0.167203 0.0346202 0.121048
0.0777319 0.306986 0.121874
0.963758 0.220657 0.112826
0.196555 0.197785 0.0752677
0.606944 0.332402 0.106861
0.292277 0.19121 0.0928445
0.737498 0.380149 0.0925973
0.740776 0.351116 0.110739
0.324025 0.298367 0.115372
0.385774 0.224454 0.13876
0.895403 0.336426 0.114039
0.193697 0.192535 0.081223
0.274297 0.33306 0.110226
0.654551 0.141888 0.110228
0.283206 0.142266 0.116379
0.0652675 0.106061 0.121103
0.422133 0.258324 0.0953907
0.262123 0.153373 0.142302
0.194331 0.0331838 0.113259
0.371769 0.374758 0.119671
0.660816 0.262037 0.110185
0.895361 0.0744315 0.117166
0.745091 0.349366 0.110022
0.22256 0.273216 0.11654
0.364015 0.435689 0.118983
0.696349 0.318737 0.118989
0.43862 0.516963 0.120155
0.650866 0.248282 0.114433
0.72011 0.396853 0.10878
0.304065 0.454637 0.0980829
0.299481 0.0753318 0.12166
0.200478 0.213825 0.162653
0.0359939 0.175498 0.114287
0.402992 0.0957613 0.157409
0.128085 0.0461993 0.1114
0.653848 0.377606 0.12378
0.407998 0.185423 0.140276
0.257443 0.34269 0.135342
0.920422 0.0798416 0.114503
0.268722 0.180337 0.0924174
0.206035 0.118809 0.116046
0.646571 0.150934 0.118136
0.942223 0.112693 0.118268
0.768877 0.495229 0.187912
0.779147 0.244498 0.0877431
0.654115 0.408532 0.0994533
0.782059 0.574391 0.0331125
0.432486 0.120224 0.146069
0.670704 0.289213 0.116125
0.88564 0.336297 0.110407
0.796847 0.0395942 0.117637
0.21252 0.297497 0.115689
0.150398 0.34398 0.121435
0.162412 0.34876 0.122135
0.0407769 0.24229 0.118062
0.211628 0.192791 0.157706
0.590194 0.507624 0.113727
0.331691 0.59167 0.136124
0.358154 0.227542 0.138572
0.340806 0.480881 0.11553
0.414373 0.139713 0.13876
0.775724 0.356667 0.119008
0.794878 0.0475348 0.111056
0.698976 0.548091 0.110396
0.271962 0.608956 0.120891
0.914198 0.321126 0.121135
0.297331 0.415553 0.0992655
0.356455 0.193955 0.111092
0.451007 0.285766 0.060861
0.6514 0.167427 0.116947
0.136781 0.192864 0.115885
0.34614 0.518074 0.119175
0.754297 0.569311 0.0438298
0.312885 0.149641 0.115178
0.72285 0.381285 0.0910066
0.274661 0.590728 0.0893145
0.789444 0.562533 0.0290681
0.68601 0.573277 0.118291
0.232931 0.301098 0.144709
0.763563 0.577429 0.19405
0.705325 0.518237 0.121587
0.339561 0.255888 0.110933
0.257697 0.338639 0.114198
0.404094 0.25654 0.109243
0.350302 0.233379 0.114717
0.307141 0.450344 0.122923
0.350416 0.232659 0.112176
0.303658 0.605606 0.0949462
0.838188 0.21921 0.116229
0.423204 0.125854 0.155136
0.238854 0.190506 0.148793
0.298413 0.446365 0.0994469
0.323233 0.0991948 0.113196
0.271899 0.39028 0.094829
0.287793 0.579349 0.13138
0.784976 0.49709 0.192536
0.751917 0.306836 0.132855
0.811888 0.199954 0.108008
0.670962 0.284066 0.111886
0.697963 0.316594 0.117767
0.821641 0.0403815 0.12065
0.0515059 0.11767 0.119288
0.193787 0.0390036 0.115204
0.855646 0.0406183 0.11736
0.334162 0.553317 0.113434
0.821323 0.548457 0.0357361
0.270049 0.335224 0.119503
0.879287 0.0602752 0.1182
0.767885 0.24814 0.0806861
0.464532 0.184332 0.141368
0.381664 0.205874 0.13876
0.425873 0.0937722 0.148171
0.0623859 0.101798 0.114331
0.109888 0.331692 0.117013
0.180313 0.196041 0.130669
0.749851 0.269681 0.0914124
0.30578 0.604504 0.0906133
0.242577 0.21751 0.145018
0.180402 0.179139 0.137346
0.423602 0.194712 0.104095
0.745682 0.296687 0.0852333
0.704777 0.0849323 0.120272
0.703045 0.0829551 0.120842
0.256769 0.338514 0.0836233
0.36876 0.401762 0.108533
0.734436 0.336084 0.135222
0.304829 0.443481 0.136022
0.948963 0.286482 0.112969
0.331133 0.567113 0.11537
0.799601 0.554797 0.19264
0.212822 0.354697 0.109728
0.0516046 0.123127 0.111626
0.431666 0.236697 0.141007
0.785003 0.231773 0.0804075
0.244284 0.322614 0.148076
0.802009 0.202132 0.102286
0.190796 0.0308839 0.116248
0.756076 0.576101 0.0250061
0.34663 0.49064 0.11069
0.798601 0.0419139 0.115474
0.659955 0.392853 0.102584
0.402992 0.098123 0.183196
0.804283 0.20591 0.147521
0.338547 0.50425 0.11061
0.270418 0.605301 0.0843557
0.242452 0.18367 0.0828591
0.543922 0.272708 0.117244
0.130728 0.335999 0.121462
0.956729 0.23709 0.120278
0.804393 0.19769 0.11625
0.184769 0.355134 0.11499
0.236916 0.284987 0.0820022
0.451007 0.287292 0.0265652
0.291148 0.319954 0.111091
 0.755 0.35225 0.121153
0.656462 0.168939 0.114212
0.3052 0.303083 0.121702
0.186631 0.0330062 0.122101
0.659347 0.385115 0.101802
0.170262 0.0421244 0.111551
0.407101 0.382438 0.122494
0.674808 0.109911 0.110022
0.798929 0.199743 0.0881957
0.371678 0.581824 0.116181
0.876783 0.346011 0.117852
0.756361 0.571026 0.0346237
0.0797535 0.303903 0.117327
0.0542404 0.112302 0.116753
0.208366 0.219166 0.154406
0.749658 0.491797 0.033682
0.419136 0.1444 0.141368
0.821827 0.520101 0.0303573
0.807548 0.203539 0.115417
0.348702 0.242916 0.112692
0.126712 0.046899 0.120911
0.803446 0.203936 0.147916
0.762238 0.244234 0.138102
0.20138 0.193764 0.115065
0.916776 0.0836973 0.115569
0.0759731 0.0869411 0.109582
0.70336 0.53023 0.118822
0.745469 0.577741 0.0842992
0.306852 0.180718 0.101771
0.329859 0.500356 0.102331
0.0808448 0.30229 0.109897
0.0622083 0.0971845 0.110848
0.758866 0.260227 0.0968584
0.348826 0.242702 0.111468
0.770076 0.25311 0.138897
0.648984 0.21962 0.121234
0.889099 0.330881 0.116331
0.442644 0.198887 0.140276
0.778965 0.573673 0.194293
0.459302 0.156162 0.140692
0.059694 0.279983 0.120683
0.188438 0.18945 0.0871956
0.256057 0.34358 0.0963309
0.580736 0.303294 0.119365
0.0689721 0.303411 0.118676
0.415343 0.277989 0.0570387
0.803165 0.207814 0.136516
0.450876 0.277989 0.0581879
0.433311 0.0900775 0.208762
0.224285 0.191358 0.152015
0.779436 0.177543 0.115451
0.368874 0.581766 0.123543
0.59186 0.513442 0.108547
0.391262 0.296279 0.11133
0.311668 0.303191 0.121726
0.80122 0.204332 0.149514
0.249059 0.34304 0.112572
0.637436 0.388766 0.123795
0.278784 0.0650474 0.115628
0.0359957 0.227973 0.110162
0.651696 0.164699 0.110022
0.188251 0.20033 0.153569
0.189062 0.355814 0.118785
0.402639 0.364366 0.101922
0.618325 0.348746 0.114405
0.72986 0.39126 0.0858738
0.654004 0.217656 0.118377
0.807477 0.203088 0.1149
0.447365 0.0988279 0.158137
0.825093 0.361101 0.11498
0.965903 0.207628 0.118653
0.406634 0.287597 0.0885755
0.821305 0.536518 0.197349
0.536127 0.26619 0.116412
0.958538 0.144717 0.118587
0.739076 0.0546202 0.114152
0.74822 0.273898 0.13748
0.30581 0.305292 0.110143
0.0969797 0.0561223 0.117191
0.656284 0.170061 0.11635
0.314039 0.57525 0.10699
0.918551 0.0853473 0.11785
0.345187 0.171828 0.112988
0.395462 0.336558 0.126551
0.203346 0.357215 0.12146
0.409159 0.353966 0.128974
0.169698 0.194198 0.115953
0.349848 0.591817 0.103489
0.305694 0.222927 0.141806
0.776838 0.565174 0.194499
0.309557 0.574132 0.112466
0.732391 0.0529233 0.112726
0.785363 0.232483 0.144224
0.253206 0.316321 0.145901
0.70469 0.530205 0.113247
0.753193 0.581209 0.0522042
0.765584 0.177005 0.115045
0.965834 0.241163 0.110818
0.396217 0.305754 0.120552
0.305127 0.462515 0.10317
0.215727 0.261876 0.147789
0.0368842 0.16936 0.110291
0.0373304 0.182721 0.12159
0.753737 0.581023 0.0477346
0.717679 0.417815 0.114659
0.875651 0.119516 0.115254
0.328747 0.562039 0.119304
0.212763 0.350962 0.11333
0.302226 0.311127 0.122101
0.350069 0.210812 0.12192
0.650417 0.167826 0.110022
0.269461 0.192603 0.0916182
0.663923 0.367821 0.114462
0.651746 0.252004 0.116989
0.279419 0.611666 0.0825807
0.648293 0.170081 0.111616
0.311076 0.0834059 0.112322
0.730676 0.0677556 0.117302
0.947803 0.129493 0.114659
0.811007 0.357619 0.110645
0.349553 0.238112 0.119252
0.775866 0.572973 0.187508
0.240681 0.192887 0.115565
0.309591 0.468027 0.108568
0.802139 0.194189 0.137552
0.328402 0.498591 0.114349
0.848881 0.0484506 0.120998
0.40709 0.227214 0.13876
0.807046 0.0358604 0.110602
0.699709 0.551536 0.114772
0.412926 0.212195 0.112693
0.126512 0.337272 0.109462
0.65128 0.233933 0.118625
0.185783 0.18971 0.130669
0.6481 0.223121 0.110022
0.169968 0.0348085 0.122101
0.0786698 0.0842443 0.119569
0.807091 0.129644 0.115363
0.160915 0.348761 0.112225
0.801608 0.038749 0.114771
0.806971 0.363971 0.110095
0.147784 0.0456824 0.113861
0.215383 0.181892 0.15357
0.181811 0.0402963 0.120444
0.704948 0.408576 0.122422
0.271461 0.0553512 0.115012
0.275326 0.38225 0.143041
0.943707 0.115801 0.118206
0.812005 0.199576 0.140265
0.422133 0.167593 0.15328
0.513283 0.51837  0.119
0.0327224 0.179183 0.120743
0.656872 0.145705 0.117397
0.447365 0.0937127 0.221477
0.0894965 0.0698963 0.115616
0.20411 0.199016 0.130669
0.402596 0.181055 0.127493
0.433999 0.277989 0.0521669
0.0320563 0.183389 0.120698
0.795618 0.501234 0.037169
0.272704 0.379303 0.0881126
0.815918 0.354656 0.115947
0.380455 0.419963 0.111758
0.969043 0.186593 0.110384
0.624123 0.507913 0.112937
0.82348 0.35876 0.120517
0.886891 0.215958 0.115663
0.798814 0.206916 0.115058
0.906328 0.164025 0.115367
0.781411 0.192213 0.116208
0.807015 0.160139 0.115224
0.730736 0.396641 0.143977
0.430858 0.0977791 0.145303
0.0365347 0.171591 0.109498
0.758133 0.0456337 0.118985
0.202408 0.176863 0.130669
0.307558 0.442591 0.097512
0.61351 0.343319 0.110143
0.818898 0.234188 0.115024
0.040319 0.161223 0.109947
0.204185 0.129512 0.116124
0.318237 0.192104 0.142631
0.78018 0.0447484 0.113412
0.859905 0.345941 0.111078
0.466331 0.168462 0.141368
0.560789 0.302031 0.111204
0.84486 0.357971 0.110286
0.746296 0.578914 0.0952231
0.183323 0.352308 0.114791
0.352701 0.169402 0.118112
0.688581 0.310844 0.115403
0.574527 0.313508 0.112739
0.242155 0.202832 0.115705
0.964702 0.186911 0.116196
0.754079 0.264843 0.132392
0.243958 0.34564 0.116376
0.789265 0.224108 0.0794326
0.159678 0.284493 0.115771
0.217146 0.250316 0.158413
0.418173 0.19983 0.119363
0.328646 0.506076 0.114373
0.745659 0.292372 0.0947261
0.482809 0.225979 0.120074
0.776539 0.226867 0.115159
0.947584 0.140596 0.114888
0.617799 0.334238 0.10871
0.393212 0.333954 0.111978
0.729391 0.421848 0.115443
0.673522 0.15243 0.116177
0.443211 0.205198 0.121425
0.214459 0.25056 0.073153
0.786704 0.229133 0.135748
0.922519 0.30321 0.120331
0.204368 0.219582 0.149818
0.754989 0.569517 0.0682932
0.14809 0.185023 0.116247
0.404973 0.390404 0.122203
0.393623 0.415669 0.119848
0.377588 0.387926 0.107931
0.748926 0.321268 0.0980056
0.20604 0.0350377 0.109989
0.77455 0.353756 0.110544
0.707093 0.481532 0.107838
0.878235 0.342382 0.115368
0.322754 0.601357 0.128676
0.646013 0.184476 0.113343
0.312511 0.58868 0.140499
0.143263 0.0361316 0.121389
0.325254 0.596946 0.138181
0.179788 0.186378 0.133709
0.0894965 0.313535 0.117959
0.296033 0.435873 0.106068
0.281526 0.150459 0.142445
0.419858 0.0900776 0.170636
0.819232 0.0426066 0.116133
0.0672931 0.0909751 0.109652
0.772017 0.213136 0.116084
0.407892 0.24946 0.120761
0.101315 0.160628 0.116158
0.671832 0.291426 0.117151
0.334688 0.271101 0.119093
0.243481 0.318601 0.139343
0.329544 0.281391 0.115907
0.745981 0.350919 0.117831
0.791055 0.567914 0.0379906
0.421643 0.103384 0.16327
0.266741 0.153501 0.145805
0.754473 0.574259 0.197457
0.777637 0.571667 0.186799
0.332651 0.578141 0.12384
0.815431 0.360035 0.111553
0.228268 0.295609 0.0850687
0.790082 0.569942 0.188125
0.681599 0.297809 0.120856
0.316585 0.48665 0.107605
0.203713 0.0379918 0.121404
0.806201 0.117128 0.116193
0.27194 0.334272 0.109509
0.334758 0.181528 0.108224
0.332242 0.578066 0.124096
0.81277 0.501959 0.187417
0.651128 0.169143 0.118165
0.943808 0.11783 0.110022
0.314763 0.307505 0.116843
0.762486 0.349896 0.110962
0.341726 0.512658 0.109165
0.127118 0.0483679 0.109497
0.64585 0.185506 0.118689
0.497907 0.25186 0.111261
0.284323 0.32507 0.119122
0.241927 0.317602 0.148609
0.168738 0.0372702 0.109495
0.695856 0.314597 0.114495
0.375602 0.372924 0.120908
0.72137 0.399331 0.133486
0.437051 0.0900775 0.217698
0.355575 0.42794 0.117412
0.19736 0.187752 0.102325
0.366766 0.182067 0.106053
0.957561 0.175803 0.117481
0.803669 0.19728 0.116174
0.429464 0.0900775 0.218563
0.747352 0.319978 0.0847354
0.212368 0.302854 0.116374
0.698832 0.518777 0.117623
0.467989 0.180612 0.13876
0.0639334 0.0989807 0.11817
0.816277 0.553735 0.187253
0.405167 0.37436 0.127436
0.248706 0.335378 0.140707
0.223944 0.0410111 0.121449
0.531224 0.265751 0.121192
0.298661 0.420095 0.101949
0.720035 0.398361 0.0910748
0.343598 0.13345 0.117141
0.438488 0.0900775 0.191019
0.355653 0.590971 0.127004
0.664667 0.277627 0.110051
0.428013 0.231111 0.104095
0.703514 0.492497 0.108963
0.21785 0.18342 0.133709
0.191732 0.197506 0.152126
0.422133 0.173518 0.148811
0.442415 0.291295 0.0298801
0.382536 0.229738 0.138019
0.355373 0.192123 0.122101
0.731728 0.392455 0.141402
0.183188 0.1935 0.0771588
0.347808 0.500851 0.116641
0.115716 0.221322 0.116301
0.43909 0.291295 0.0329063
0.962137 0.15483 0.111774
0.672173 0.520114 0.114463
0.265034 0.192874 0.148351
0.677612 0.113589 0.110823
0.288226 0.609913 0.144362
0.948822 0.270651 0.110022
0.288665 0.325739 0.111726
0.329172 0.560705 0.110132
0.30313 0.0856301 0.110583
0.32302 0.486034 0.100611
0.732559 0.382676 0.0977768
0.236639 0.302094 0.0914986
0.14121 0.0423007 0.118606
0.0954626 0.319257 0.12215
0.331338 0.555224 0.118852
0.286294 0.318259 0.121053
0.649073 0.220506 0.112396
0.972249 0.207004 0.111565
0.194887 0.182578 0.115347
0.103269 0.0543221 0.111641
0.277383 0.395878 0.138787
0.72833 0.341966 0.121119
0.425291 0.187343 0.0969087
0.727718 0.380925 0.0890342
0.740801 0.566712 0.11818
0.415927 0.187695 0.125084
0.688449 0.0868484 0.1111
0.765333 0.56753 0.190056
0.355126 0.475315 0.11411
0.298775 0.322356 0.119271
0.191172 0.191554 0.130669
0.734652 0.391106 0.0916907
0.278019 0.0646579 0.115613
0.707284 0.577319 0.110214
0.400124 0.293869 0.109103
0.551897 0.292578 0.120865
0.924162 0.0880984 0.110519
0.118534 0.0474312 0.120849
0.371209 0.176879 0.139574
0.240776 0.0429278 0.121631
0.482562 0.233099 0.122526
0.719642 0.399512 0.109811
0.0943932 0.317281 0.109646
0.897963 0.06988 0.112177
0.723496 0.389152 0.139607
0.652313 0.516317 0.120414
0.778298 0.357074 0.114061
0.129035 0.0810048 0.1152
0.504829 0.51571 0.120618
0.404168 0.510273 0.109453
0.330163 0.106886 0.111775
0.0367993 0.155655 0.109498
0.644094 0.205524 0.110994
0.447365 0.0965436 0.217018
0.344698 0.251453 0.109508
0.143621 0.348708 0.113599
0.821646 0.3603 0.121149
0.139267 0.340267 0.110195
0.966425 0.204329 0.114978
0.95634 0.128879 0.116565
0.22809 0.288795 0.151414
0.742007 0.305196 0.13415
0.200556 0.0342511 0.119924
0.422133 0.0991839 0.145341
0.748596 0.569258 0.079576
0.374352 0.23072 0.139889
0.461516 0.16108 0.13876
0.627149 0.340048 0.11917
0.332792 0.600713 0.11797
0.608626 0.323989 0.113259
0.334852 0.262465 0.109743
0.663519 0.269459 0.120765
0.180109 0.26819 0.116511
0.333805 0.600648 0.112774
0.70091 0.528735 0.120502
0.791505 0.285416 0.11624
0.303956 0.605433 0.0898015
0.207235 0.348137 0.121313
0.124182 0.336085 0.112672
0.259134 0.0461795 0.120832
0.750329 0.0488873 0.116615
0.744973 0.575815 0.150142
0.712615 0.460147 0.107322
0.0667148 0.285932 0.110285
0.325375 0.559164 0.111018
0.089711 0.0732032 0.111135
0.209816 0.183215 0.153588
0.918952 0.306371 0.110936
0.756366 0.570751 0.124164
0.353984 0.193396 0.114706
0.0309087 0.198445 0.122003
0.310087 0.172318 0.115859
0.43188 0.291295 0.0761352
0.139045 0.193462 0.116543
0.296797 0.325654 0.115914
0.185653 0.0386759 0.110488
0.939341 0.298209 0.110296
0.694114 0.316377 0.115825
0.402871 0.271159  0.121
0.649762 0.375096 0.130332
0.7379 0.058109 0.110305
0.81387 0.520658 0.0289575
0.771052 0.355928 0.11228
0.363432 0.229284 0.140381
0.693246 0.321536 0.119008
0.6521 0.137748 0.114463
0.326797 0.116416 0.11506
0.685136 0.303767 0.119597
0.330321 0.577715 0.131235
0.388741 0.192695 0.115391
0.456077 0.21408 0.13876
0.393491 0.517886 0.109912
0.959717 0.246184 0.118465
0.197364 0.0390472 0.112934
0.185982 0.351251 0.121833
0.391291 0.158196 0.141368
0.777036 0.0420534 0.121018
0.307677 0.603258 0.142802
0.75515 0.569756 0.12294
0.716005 0.335648 0.112812
0.939946 0.0996675 0.113639
0.940752 0.29212 0.120498
0.415805 0.277989 0.0491925
0.474966 0.175618 0.139997
0.511516 0.246693 0.112568
0.815815 0.527246 0.0322602
0.773335 0.356289 0.120516
0.378765 0.215642 0.140017
0.621624 0.335229 0.110819
0.430456 0.291295 0.0482854
0.0434294 0.138996 0.112415
0.39232 0.369712 0.130373
0.266301 0.345906 0.143574
0.401258 0.27434 0.108622
0.444656 0.199961 0.122289
0.791309 0.359053 0.113337
0.816569 0.354553 0.114909
0.439939 0.277989 0.046905
0.208275 0.186627 0.152815
0.278153 0.150802 0.143449
0.73723 0.392277 0.126763
0.86037 0.351486 0.110628
0.430699 0.121403 0.145303
0.322645 0.584903 0.0952514
0.664226 0.276693 0.114713
0.387283 0.580017 0.115701
0.198613 0.190322 0.147389
0.397494 0.190811 0.130277
0.769061 0.361311 0.120104
0.217107 0.189925 0.162661
0.34701 0.584633 0.100589
0.189355 0.192642 0.115053
0.747461 0.0459011 0.119224
0.306203 0.190902 0.146367
0.421491 0.184365 0.118246
0.427768 0.189218 0.109079
0.240954 0.292928 0.151174
0.214789 0.250636 0.0731287
0.422133 0.129513 0.149205
0.379943 0.372301 0.11694
0.422101 0.208337 0.120526
0.65093 0.195695 0.110836
0.22275 0.187284 0.16266
0.403788 0.185694 0.110628
0.646041 0.216584 0.121149
0.665911 0.149296 0.115858
0.416681 0.103384 0.178987
0.433106 0.277989 0.0658856
0.365224 0.436068 0.112767
0.949044 0.120631 0.110752
0.385481 0.423422 0.116183
0.420771 0.291295 0.0824125
0.583412 0.315507 0.12205
0.22069 0.0415092 0.116427
0.124409 0.336201 0.114216
0.343282 0.580083 0.123179
0.751932 0.49608 0.190198
0.317699 0.149276 0.142768
0.324766 0.0992498 0.122101
0.684945 0.51395 0.108628
0.278423 0.587467 0.0794782
0.720332 0.395588 0.103373
0.785494 0.0413008 0.118656
0.900452 0.0732027 0.12089
0.248525 0.338149 0.110577
0.333851 0.515427 0.112888
0.353702 0.21418 0.109588
0.933389 0.154294 0.115946
0.155831 0.149682 0.115676
0.80728 0.192891 0.0909609
0.867436 0.150756 0.115772
0.719495 0.400343 0.113808
0.70279 0.511842 0.122469
0.303739 0.581067 0.0922014
0.260384 0.184261 0.0856244
0.751216 0.58167 0.0516156
0.799909 0.19973 0.0897303
0.0484179 0.123731 0.109753
0.24541 0.187535 0.0826679
0.254532 0.191874 0.0939971
0.243953 0.31657 0.138887
0.447365 0.0977428 0.215606
0.0886861 0.316482 0.119305
0.347301 0.464896 0.119343
0.707903 0.0754761 0.111972
0.398164 0.380966 0.13026
0.333348 0.512159 0.111258
0.483797 0.224526 0.11613
0.904248 0.256833 0.115383
0.756376 0.35931 0.111057
0.187869 0.158315 0.116193
0.103197 0.0616732 0.117454
0.802293 0.55876 0.1864
0.715416 0.124529 0.116226
0.145589 0.326823 0.116241
0.173817 0.190983 0.137346
0.731213 0.340516 0.114885
0.675935 0.118342 0.120237
0.858944 0.0470207 0.110674
0.759524 0.57949 0.0317395
0.34861 0.193449 0.117852
0.155465 0.207806 0.115172
0.282328 0.584083 0.0900808
0.960283 0.242611 0.11631
0.338058 0.182227 0.131575
0.776307 0.166189 0.115732
0.204649 0.183785 0.130669
0.744049 0.297193 0.142659
0.560215 0.295544 0.106951
0.411424 0.180964 0.125787
0.798716 0.566194 0.029697
0.423228 0.282804 0.0990137
0.416457 0.51269 0.120798
0.901672 0.31548 0.115216
0.71564 0.570719 0.109964
0.345987 0.16565 0.110302
0.223018 0.351853 0.115445
0.742773 0.25537 0.115691
0.257586 0.0482801 0.115174
0.785392 0.258853 0.116243
0.313432 0.480433 0.104822
0.388111 0.180499 0.127678
0.856796 0.359353 0.111105
0.102512 0.14178 0.115733
0.336021 0.49831 0.114279
0.521227 0.270849 0.112019
0.958147 0.179506 0.119102
0.809528 0.363658 0.114134
0.965084 0.229262 0.118534
0.768546 0.488153 0.195299
0.343545 0.248069 0.121029
0.884906 0.0597456 0.110116
0.748241 0.580719 0.0536113
0.648607 0.234018 0.12065
0.763741 0.255159 0.147145
0.0413138 0.220432 0.11553
0.225367 0.287104 0.0865106
0.94831 0.27748 0.114237
0.0525765 0.12122 0.112371
0.399727 0.398454 0.12632
0.918111 0.317213 0.113921
0.859579 0.047344 0.118159
0.413289 0.363266 0.112753
0.168442 0.190182 0.137351
0.346985 0.180038 0.110613
0.425825 0.276379 0.104095
0.876611 0.337244 0.115039
0.965436 0.22646 0.11244
0.583415 0.310929 0.106828
0.672771 0.281074 0.120583
0.351772 0.179936 0.109765
0.689183 0.307925 0.11253
0.439558 0.277989 0.0881734
0.420173 0.139895 0.133964
0.417016 0.222285 0.108451
0.332144 0.490716 0.127893
0.170076 0.028937 0.114185
0.0320096 0.202799 0.11547
0.151631 0.0396913 0.119453
0.545712 0.515786 0.108787
0.957993 0.258472 0.120772
0.214638 0.350583 0.10963
0.0429811 0.222214 0.116934
0.961212 0.198869 0.113209
0.261944 0.334956 0.142838
0.321693 0.0976548 0.110953
0.768656 0.236067 0.142798
0.363578 0.436984 0.11037
0.279108 0.611666 0.137901
0.343987 0.164249 0.11921
0.806208 0.335836 0.114936
0.184877 0.19066 0.116503
0.252399 0.338105 0.147171
0.943604 0.105471 0.112656
0.705362 0.571527 0.119141
0.698276 0.182516 0.115115
0.775583 0.238497 0.0957006
0.429705 0.0900776 0.174383
0.0369116 0.169701 0.113288
0.406634 0.286055 0.0517814
0.69357 0.31854 0.12074
0.966306 0.181157 0.115728
0.720553 0.394327 0.0962195
0.35009 0.220858 0.109498
0.176114 0.0314352 0.121681
0.744723 0.307933 0.116236
0.883677 0.0671946 0.115464
0.130815 0.34425 0.12172
0.89186 0.0637907 0.11177
0.267647 0.191164 0.0884535
0.435973 0.277989 0.0764725
0.960373 0.253802 0.1112
0.72799 0.0691241 0.113539
0.0995766 0.140064 0.115514
0.288799 0.159385 0.11527
0.953281 0.151777 0.116955
0.0355226 0.161503 0.111025
0.29503 0.187068 0.150012
0.349664 0.461912 0.108971
0.94914 0.263026 0.110664
0.393396 0.346612 0.127462
0.305565 0.181925 0.146053
0.432098 0.268398 0.0942626
0.153916 0.0327657 0.111606
0.32917 0.191796 0.141109
0.962892 0.252348 0.120858
0.786552 0.352998 0.114757
0.741312 0.565758 0.114208
0.200295 0.186271 0.137346
0.178592 0.111916 0.11531
0.392232 0.300041 0.120068
0.643115 0.174686 0.118732
0.269007 0.341898 0.115785
0.471768 0.229324 0.120252
0.155436 0.26047 0.11631
0.609813 0.519101 0.118124
0.965107 0.189989 0.11605
0.138484 0.35136 0.112552
0.266281 0.334264 0.121744
0.190184 0.0309809 0.118238
0.6334 0.396341 0.130332
0.936951 0.30174 0.110704
0.596626 0.315037 0.111476
0.761337 0.353866 0.121133
0.723157 0.40958 0.121418
0.73899 0.057642 0.113668
0.233646 0.218098 0.144053
0.454916 0.519922 0.113235
0.7283 0.381947 0.0857671
0.44908 0.277989 0.0543458
0.306601 0.604769 0.126863
0.425858 0.187896 0.104095
0.952604 0.276053 0.111142
0.252573 0.338634 0.121619
0.396226 0.279107 0.118542
0.355791 0.192667 0.131333
0.625047 0.518089 0.110253
0.214963 0.35717 0.111598
0.820729 0.359277 0.115389
0.678373 0.0996575 0.120919
0.190675 0.353553 0.1179
0.117298 0.0469365 0.111883
0.651705 0.164989 0.117261
0.633978 0.349503 0.122145
0.219417 0.265772 0.0870759
0.74556 0.577855 0.0799575
0.402992 0.0950825 0.19386
0.317742 0.301752 0.120702
0.282708 0.14278 0.116079
0.189277 0.166434 0.116231
0.196932 0.185465 0.115213
0.404489 0.103384 0.209857
0.422236 0.14023 0.145303
0.668062 0.278549 0.117293
0.70021 0.52448 0.122435
0.345633 0.506092 0.118568
0.0898141 0.281304 0.115372
0.270133 0.386034 0.0931618
0.761578 0.26914 0.136494
0.949519 0.141393 0.110818
0.851077 0.357293 0.121077
