0.436431 0.214575 0.230033
0.196249 0.209401 0.189602
0.671976 0.340559 0.174162
0.308871 0.551421 0.142679
0.421218 0.535063 0.186829
0.161131 0.16614 0.184008
0.372414 0.288344 0.166491
0.105894 0.0636603 0.17279
0.682344 0.251419 0.161676
0.779004 0.253684 0.148705
0.548353 0.438616 0.158571
0.604771 0.456612 0.176979
0.117253 0.0683162 0.163619
0.474472 0.19171 0.235815
0.222569 0.229889 0.142756
0.365557 0.550957 0.146378
0.298957 0.359045 0.172997
0.623219 0.261973 0.171905
0.480176 0.165708 0.230072
0.397356 0.192821 0.166377
0.479125 0.439379 0.173482
0.494819 0.215131 0.158571
0.562014 0.277934 0.162589
0.717348 0.454245 0.166106
0.741174 0.366532 0.133287
0.749033 0.0436897 0.16802
0.748089 0.493913 0.11002
0.720508 0.423661 0.135562
0.437022 0.204477 0.161827
0.786122 0.326894 0.179508
0.728293 0.365506 0.17051
0.221893 0.213325 0.163197
0.62051 0.460217 0.163626
0.291084 0.550423 0.19169
0.701561 0.402581 0.142368
0.484604 0.222245 0.169768
0.0467245 0.174411 0.170497
0.33203 0.08552 0.164861
0.82569 0.325122 0.16248
0.820208 0.311951 0.16192
0.796115 0.264508 0.153575
0.460984 0.169552 0.232951
0.320876 0.3518 0.176084
0.220424 0.201618 0.188356
0.332098 0.195622 0.213429
0.486803 0.185386 0.230056
0.684304 0.418068 0.160901
0.328264 0.365093 0.177629
0.758787 0.497969 0.172699
0.323308 0.193068 0.213011
0.295709 0.295651 0.180386
0.216782 0.220682 0.171445
0.429318 0.221582 0.165905
0.923938 0.320996 0.16563
0.362673 0.453283 0.17702
0.697984 0.413025 0.143837
0.972436 0.181123 0.170895
0.944744 0.215273 0.175625
0.579251 0.307716 0.158571
0.932626 0.119946 0.173883
0.825986 0.109542 0.163149
0.618878 0.212082 0.16962
0.716519 0.404015 0.200193
0.68405 0.318701 0.17606
0.964693 0.237062 0.168788
0.326128 0.0769815 0.165197
0.601544 0.350864 0.173979
0.661354 0.387227 0.165552
0.618966 0.213857 0.169397
0.0443851 0.208357 0.169958
0.958391 0.24126 0.169527
0.35423 0.55698 0.164745
0.863073 0.0580454 0.169466
0.682399 0.41422 0.161734
0.116377 0.0544272 0.170671
0.815087 0.0474846 0.170451
0.370696 0.14361 0.164524
0.290938 0.377789 0.172663
0.371747 0.145887 0.163968
0.734132 0.410048 0.180885
0.793609 0.222399 0.194469
0.373839 0.403418 0.175429
0.21091 0.042695 0.16974
0.974847 0.210766 0.167404
0.182826 0.191288 0.187546
0.748978 0.309085 0.205812
0.735307 0.349543 0.20594
0.619552 0.345108 0.161193
0.884656 0.353103 0.174322
0.409621 0.149644 0.235849
0.353445 0.382757 0.173222
0.746728 0.304041 0.197006
0.458767 0.193647 0.189538
0.638507 0.141336 0.172298
0.828583 0.0457895 0.170364
0.4163 0.550931 0.171842
0.128016 0.367069 0.166149
0.086524 0.0917885 0.169635
0.454015 0.117823 0.244474
0.388736 0.409431 0.160629
0.408433 0.362218 0.168704
0.963619 0.223466 0.168944
0.947453 0.147864 0.175925
0.0517718 0.276145 0.168492
0.922933 0.21678 0.176813
0.224264 0.230852 0.142346
0.210191 0.398193 0.169604
0.455213 0.209431 0.171783
0.650158 0.333762 0.163777
0.75113 0.508243 0.142118
0.599955 0.316741 0.169403
0.602915 0.321644 0.17294
0.630322 0.447577 0.159152
0.843871 0.0486467 0.168905
0.72304 0.391036 0.189439
0.129007 0.0589838 0.163387
0.756286 0.508178 0.223446
0.213574 0.0305804 0.168268
0.0852547 0.150925 0.165727
0.33375 0.186846 0.207875
0.94373 0.112875 0.164442
0.833222 0.338175 0.165747
0.721877 0.378964 0.202074
0.192261 0.378643 0.17011
0.543631 0.440193 0.1805
0.95528 0.222997 0.170007
0.441348 0.208009 0.158571
0.470066 0.173713 0.109665
0.407362 0.362049 0.1654
0.645924 0.10722 0.166376
0.927735 0.324742 0.171156
0.342319 0.534585 0.170997
0.36042 0.534585 0.17669
0.320075 0.174247 0.159065
0.606621 0.252227 0.165857
0.209776 0.391359 0.176551
0.216402 0.200747 0.191475
0.461042 0.176961 0.230063
0.299699 0.534585 0.199564
0.370477 0.192193 0.217147
0.458977 0.42635 0.1805
0.642076 0.127322 0.171416
0.425201 0.180261 0.108514
0.706573 0.481443 0.169232
0.499606 0.428053 0.180162
0.460523 0.178222 0.232944
0.0617581 0.298914 0.16467
0.634596 0.288054 0.173677
0.34212 0.534585 0.157607
0.213726 0.205015 0.153029
0.263064 0.268099 0.18608
0.748703 0.343555 0.133052
0.721332 0.42765 0.179045
0.278141 0.367131 0.175848
0.923116 0.104071 0.17099
0.351969 0.552279 0.195633
0.057047 0.279444 0.175831
0.623578 0.261811 0.176023
0.749326 0.507048 0.144976
0.127196 0.059769 0.163416
0.347473 0.389097 0.179514
0.0693949 0.110253 0.168165
0.623154 0.136953 0.166547
0.670717 0.0876019 0.173026
0.758383 0.316088 0.205832
0.866912 0.0495643 0.168451
0.0397487 0.22555 0.170578
0.746556 0.38749 0.167907
0.430939 0.251926 0.158571
0.909926 0.0734359 0.164663
0.744614 0.510278 0.0535264
0.704154 0.41806 0.142559
0.716462 0.393993 0.195421
0.739068 0.0467553 0.174159
0.196159 0.213013 0.189553
0.888045 0.361116 0.163313
0.133737 0.0618717 0.170914
0.412243 0.205485 0.23004
0.7529 0.50821 0.183046
0.211547 0.209203 0.142925
0.787077 0.22045 0.150033
0.327477 0.541821 0.129047
0.326189 0.19296 0.213463
0.972855 0.213601 0.171247
0.604004 0.228694 0.164279
0.368931 0.548308 0.13318
0.81543 0.230936 0.187123
0.383601 0.231975 0.169676
0.75346 0.502551 0.0479157
0.319777 0.352069 0.160168
0.308053 0.55376 0.192845
0.209623 0.389689 0.169246
0.367096 0.426044 0.16289
0.75393 0.499959 0.289383
0.295916 0.186895 0.156368
0.333027 0.354617 0.178586
0.799307 0.224903 0.148482
0.386216 0.241268 0.169045
0.929603 0.300884 0.171921
0.31391 0.346673 0.172166
0.770197 0.205263 0.149204
0.939545 0.306537 0.170031
0.761831 0.259288 0.140021
0.719168 0.0462424 0.176503
0.0770778 0.112553 0.172851
0.305745 0.324642 0.161774
0.717768 0.0574638 0.16556
0.0531369 0.268958 0.173525
0.405263 0.304564 0.17669
0.764353 0.274131 0.131393
0.743127 0.379809 0.169435
0.698799 0.476123 0.174002
0.930295 0.112513 0.168266
0.35776 0.534585 0.149322
0.41798 0.260927 0.175615
0.325274 0.347469 0.176971
0.312279 0.359204 0.163431
0.391533 0.34027 0.16905
0.425601 0.181303 0.23006
0.466027 0.172595 0.161659
0.470647 0.175569 0.19852
0.205463 0.203558  0.182
0.586692 0.302037 0.169907
0.491743 0.434748 0.158723
0.386456 0.401438 0.1805
0.755024 0.491787 0.153053
0.364714 0.534585 0.213792
0.686926 0.415155 0.172194
0.746521 0.495307 0.153467
0.457073 0.192842 0.0974789
0.294142 0.534585 0.189239
0.641294 0.273452 0.168075
0.61617 0.224395 0.174603
0.902386 0.099796 0.175009
0.412601 0.338287 0.161918
0.552189 0.265066 0.173158
0.349464 0.557643 0.173576
0.462131 0.436093 0.175624
0.359199 0.471754 0.178575
0.435968 0.248383 0.158833
0.359622 0.551067 0.142291
0.412235 0.164885 0.235837
0.661056 0.454174 0.158571
0.423081 0.201123 0.235808
0.71903 0.38853 0.135747
0.461465 0.192006 0.167767
0.273423 0.0544406 0.170614
0.186293 0.386381 0.169071
0.426556 0.171251 0.230068
0.759762 0.492313 0.174686
0.33438 0.327083 0.172735
0.37758 0.451751 0.164719
0.371026 0.148008 0.163105
0.746269 0.503977 0.104057
0.167733 0.0471737 0.176159
0.639575 0.299068 0.169794
0.335269 0.334986 0.174519
0.731956 0.409303 0.204801
0.0347486 0.215519 0.176798
0.486633 0.152061 0.235847
0.866456 0.0614032 0.171172
0.938272 0.305353 0.170979
0.783295 0.251989 0.193946
0.367519 0.548284 0.131908
0.78608 0.0424943 0.16975
0.246535 0.0398819 0.16947
0.429044 0.184299 0.235821
0.467744 0.200956 0.164277
0.342244 0.534921 0.169224
0.453906 0.095993 0.23871
0.940031 0.128648 0.166652
0.416557 0.202302 0.230043
0.190533 0.0286372 0.163215
0.892667 0.0772465 0.172164
0.68909 0.495078 0.168916
0.488119 0.221921 0.162244
0.677235 0.418838 0.158571
0.750635 0.328702 0.207678
0.209338 0.221742 0.168907
0.40371 0.326427 0.180306
0.454697 0.153035 0.23871
0.452208 0.176666 0.173042
0.0410363 0.17605 0.168897
0.880065 0.0638838 0.166763
0.255065 0.041124 0.168229
0.750713 0.491932 0.203455
0.0996484 0.0667429 0.163437
0.474442 0.194468 0.230049
0.576018 0.29856 0.178894
0.666513 0.331713 0.173229
0.309457 0.557643 0.187022
0.0756327 0.10179 0.165092
0.121629 0.0515851 0.171234
0.440217 0.173242 0.106129
0.31458 0.0669812 0.165546
0.383665 0.196346 0.174761
0.151004 0.369274 0.170684
0.384826 0.191502 0.16257
0.834494 0.0361843 0.168395
0.752516 0.0305462 0.163738
0.720217 0.381182 0.197263
0.798901 0.0455521 0.170082
0.42198 0.550299 0.172581
0.760359 0.301683 0.159555
0.734734 0.339018 0.199669
0.0529549 0.276672 0.173464
0.0717119 0.304308 0.174768
0.712842 0.402755 0.172214
0.729177 0.491076 0.160958
0.408449 0.205694 0.235804
0.443551 0.216717 0.158571
0.323776 0.0849237 0.170954
0.456855 0.161384 0.232958
0.0418971 0.202961 0.169723
0.295429 0.203137 0.134874
0.970403 0.179939 0.174786
0.226938 0.383722 0.169999
0.82825 0.104769 0.162229
0.625701 0.450916 0.158571
0.701165 0.403737 0.150007
0.968077 0.165089 0.171311
0.565002 0.446578 0.179846
0.777556 0.272102 0.141775
0.718907 0.402607 0.20716
0.73058 0.419721 0.203135
0.955667 0.236552 0.170089
0.968283 0.188516 0.161991
0.470402 0.174801 0.181114
0.436579 0.429267 0.178264
0.940924 0.116137 0.163152
0.591875 0.310722 0.163227
0.665513 0.0868626 0.166872
0.301657 0.557374 0.185653
0.745341 0.498874 0.23713
0.775265 0.221182 0.196552
0.462958 0.19197 0.161355
0.344269 0.557643 0.163906
0.745659 0.49793 0.191055
0.741814 0.495457 0.264617
0.634759 0.129487 0.168681
0.195717 0.198479 0.190024
0.456007 0.193657 0.201698
0.427713 0.155983 0.235844
0.74511 0.499602 0.214852
0.633145 0.277352 0.172197
0.463501 0.190479 0.10766
0.760527 0.494885 0.108692
0.447542 0.161504 0.220246
0.515128 0.236941 0.158571
0.702442 0.486235 0.177948
0.723461 0.386978 0.148966
0.331039 0.364859 0.16369
0.44812 0.0917289 0.241654
0.38419 0.233709 0.169656
0.787046 0.384673 0.172023
0.336998 0.0926712 0.174587
0.934343 0.118562 0.167285
0.160378 0.381875 0.167833
0.614117 0.220237 0.16251
0.367857 0.426459 0.173447
0.439295 0.178358 0.232944
0.724107 0.409168 0.201648
0.74347 0.371432 0.199603
0.69469 0.0666017 0.168335
0.779637 0.252901 0.148455
0.688204 0.351639 0.173484
0.695872 0.456128 0.178907
0.335723 0.534585 0.210002
0.625707 0.441443 0.164009
0.464316 0.194535 0.177209
0.421991 0.191068 0.235816
0.438439 0.182229 0.106122
0.0828786 0.0973581 0.174051
0.237604 0.224619 0.187771
0.696794 0.170704 0.15969
0.690471 0.0743993 0.173751
0.795259 0.0362368 0.169389
0.0533684 0.302186 0.162839
0.667176 0.154328 0.164653
0.276965 0.28255 0.149219
0.756181 0.508203 0.191704
0.845846 0.388235 0.169465
0.227043 0.380208 0.172777
0.638407 0.294384 0.163374
0.36788 0.469113 0.178077
0.514813 0.230933 0.159807
0.7558 0.321825 0.206257
0.967234 0.21874 0.169186
0.728908 0.420643 0.134394
0.723524 0.39477 0.207678
0.717842 0.450134 0.175627
0.131079 0.375206 0.167049
0.308561 0.534585 0.199554
0.778897 0.042977 0.173165
0.638908 0.444916  0.162
0.603209 0.320555 0.170032
0.444743 0.178201 0.106125
0.901402 0.0826454 0.167798
0.263053 0.388652 0.174497
0.761088 0.377239 0.170377
0.298402 0.357701 0.167084
0.746159 0.307846 0.194868
0.697472 0.356431 0.173116
0.134295 0.0590715 0.174218
0.784819 0.221482 0.153038
0.594031 0.456016 0.175987
0.693103 0.462104 0.174316
0.459186 0.174506 0.23871
0.199147 0.0278658 0.175451
0.0359844 0.209397 0.169171
0.754237 0.338675 0.195793
0.433149 0.278858 0.173513
0.481916 0.189143 0.230053
0.61432 0.159317 0.167503
0.350335 0.553115 0.191925
0.74502 0.50004 0.218405
0.0965946 0.345787 0.165184
0.448468 0.544088 0.160416
0.685698 0.413854 0.166731
0.378114 0.407628 0.164968
0.607928 0.257439 0.169577
0.652143 0.207385 0.172763
0.291124 0.202107 0.141936
0.416158 0.410381 0.176576
0.568327 0.302648 0.1805
0.960496 0.202802 0.174864
0.921328 0.321036 0.167412
0.255183 0.256052 0.152946
0.687913 0.0633815 0.163377
0.314051 0.534585 0.153728
0.788723 0.392855 0.161955
0.63799 0.392003 0.16594
0.477861 0.195584 0.235812
0.930079 0.116189 0.174304
0.327513 0.341006 0.168173
0.638367 0.299883 0.163686
0.426589 0.287179 0.160653
0.557133 0.429399 0.170121
0.45449 0.160523 0.23584
0.372438 0.27661 0.168675
0.836108 0.344975 0.165098
0.312087 0.535684 0.134177
0.257922 0.385429 0.162339
0.389581 0.382199 0.158571
0.448734 0.160762 0.200664
0.272646 0.294123 0.190981
0.455306 0.11634 0.244474
0.131545 0.0571215 0.163307
0.498432 0.236232 0.172774
0.442866 0.53766 0.180335
0.592313 0.325698 0.158571
0.51699 0.423462 0.170616
0.746705 0.356823 0.134803
0.835291 0.391557 0.170916
0.390879 0.207486 0.169142
0.753866 0.32229 0.131595
0.573711 0.288356 0.167474
0.495629 0.440261 0.162259
0.661756 0.460519 0.180393
0.726821 0.369376 0.19194
0.728273 0.375831 0.149649
0.617118 0.460521 0.172953
0.750579 0.490355 0.258145
0.560359 0.430856 0.173062
0.0307471 0.225669 0.16193
0.235278 0.200926 0.14649
0.265412 0.273939 0.193441
0.449971 0.15013 0.23871
0.203213 0.225687 0.191199
0.354326 0.386074 0.157153
0.221723 0.209197 0.160252
0.43678 0.180953 0.109831
0.679847 0.342368 0.173778
0.163436 0.046225 0.170508
0.448827 0.434464 0.174428
0.575406 0.448682 0.17947
0.0356288 0.226776 0.176753
0.512188 0.424414 0.175733
0.213515 0.0372342 0.167356
0.474166 0.138453 0.230093
0.450115 0.181935 0.0974789
0.04051 0.237475 0.172956
0.941949 0.290807 0.169341
0.758954 0.493758 0.0881481
0.209441 0.37753 0.170019
0.746842 0.496666 0.0263214
0.268393 0.361368 0.168936
0.377612 0.411299 0.160673
0.0646426 0.303637 0.16547
0.747931 0.349117 0.191476
0.45229 0.184378 0.173376
0.225862 0.202737 0.146998
0.384755 0.233521 0.169446
0.219771 0.130168 0.180844
0.644338 0.124606 0.172039
0.439303 0.18554 0.18345
0.715299 0.483172 0.168554
0.0522625 0.140578 0.167891
0.431804 0.126881 0.230103
0.905548 0.0727049 0.16946
0.624998 0.162451 0.170513
0.330026 0.0971439 0.173606
0.385611 0.266591 0.167664
0.704637 0.410916 0.207973
0.819057 0.378546 0.171812
0.355507 0.476036 0.176931
0.264463 0.389927 0.171835
0.611052 0.182485 0.168986
0.59362 0.456666 0.165251
0.311144 0.534585 0.142267
0.665003 0.340381 0.173099
0.396742 0.184277 0.113491
0.780728 0.219175 0.206467
0.732828 0.353367 0.205136
0.311035 0.0651092 0.166068
0.692876 0.460637 0.172193
0.487803 0.191806 0.170459
0.401505 0.164611 0.235837
0.623033 0.177638 0.170042
0.382976 0.436483 0.166698
0.196842 0.205229 0.149501
0.794213 0.384239 0.171212
0.781778 0.21985 0.174768
0.72664 0.383492 0.167431
0.962521 0.246611 0.168094
0.293773 0.317214 0.151209
0.380243 0.549339 0.190653
0.862421 0.371759 0.162998
0.381419 0.212226 0.176434
0.429309 0.534585 0.162689
0.314198 0.351489 0.163773
0.374022 0.154487 0.173226
0.604435 0.218501 0.176049
0.378561 0.167619 0.168475
0.449509 0.193597 0.125861
0.739318 0.506333 0.061757
0.375349 0.534585 0.205135
0.726031 0.382939 0.149781
0.322632 0.545055 0.130662
0.748732 0.331376 0.150033
0.63439 0.134738 0.169699
0.959201 0.255268 0.168655
0.851503 0.370787 0.175784
0.760925 0.49582 0.152042
0.304434 0.557643 0.168869
0.286714 0.554081 0.163176
0.299985 0.200188 0.131151
0.447918 0.161197 0.178363
0.74863 0.492697 0.0426371
0.7355 0.033359 0.169079
0.0380578 0.216141 0.162553
0.186076 0.0265812 0.167508
0.351312 0.534585 0.132887
0.335629 0.356789 0.163633
0.471871 0.164672 0.230073
0.0502466 0.269935 0.174386
0.619665 0.46008 0.175474
0.458356 0.0975709 0.23871
0.30048 0.37111 0.1735
0.366342 0.427529 0.175314
0.328932 0.557643 0.160397
0.956295 0.159714 0.162731
0.0592117 0.143356 0.171824
0.58057 0.329553 0.169455
0.459649 0.109912 0.243008
0.210745 0.0389733 0.162665
0.770435 0.201687 0.189486
0.69633 0.462267 0.160698
0.0425351 0.247302 0.168973
0.220381 0.201459 0.191388
0.39222 0.403788 0.161835
0.752344 0.290027 0.194631
0.460696 0.188199 0.235818
0.791694 0.221092 0.191605
0.17312 0.047232 0.172365
0.286085 0.307167 0.149958
0.371476 0.549569 0.196285
0.959024 0.191856 0.176386
0.250792 0.0427319 0.169936
0.0961865 0.334474 0.17245
0.419792 0.417941 0.1805
0.22003 0.219242 0.147539
0.381947 0.403847 0.1805
0.550307 0.289678 0.177667
0.683753 0.464027 0.158797
0.739436 0.0360433 0.162162
0.341968 0.187618 0.206199
0.414263 0.178549 0.230062
0.392913 0.345222 0.162224
0.468573 0.173868 0.230066
0.614795 0.441648 0.177355
0.312212 0.354965 0.175483
0.789316 0.208543 0.147054
0.458455 0.1683 0.244474
0.212286 0.249803 0.151895
0.620116 0.231986 0.176331
0.710865 0.472606 0.173529
0.419653 0.213689 0.230034
0.356052 0.305002 0.170544
0.492591 0.426753 0.159077
0.302936 0.305703 0.178066
0.503738 0.20055 0.235808
0.239407 0.387614 0.176767
0.633944 0.129906 0.166873
0.687818 0.0710121 0.170269
0.292704 0.0577528 0.168454
0.4953 0.168089 0.235834
0.387632 0.189277 0.176747
0.728298 0.498525 0.0304858
0.202174 0.205988 0.151751
0.698935 0.443104 0.1805
0.54828 0.262982 0.162397
0.72022 0.399263 0.189441
0.31335 0.554634 0.193387
0.373137 0.19213 0.123432
0.759816 0.494292 0.2046
0.440697 0.142249 0.235855
0.806622 0.383548 0.167739
0.398074 0.534585 0.168581
0.77902 0.242585 0.188884
0.423369 0.295027 0.178968
0.297952 0.300439 0.17909
0.745357 0.0436702 0.17629
0.615302 0.210827 0.165321
0.616396 0.439772 0.174283
0.264009 0.373321 0.165244
0.0768206 0.315314 0.175012
0.845378 0.200346 0.154391
0.616721 0.167496 0.167703
0.468787 0.169848 0.201076
0.236583 0.211723 0.145053
0.334703 0.53631 0.212432
0.956381 0.149707 0.162585
0.716581 0.429934 0.1805
0.662019 0.414858 0.177497
0.356224 0.380019 0.162664
0.38241 0.534585 0.178987
0.676928 0.433812 0.162686
0.0425574 0.192201 0.170107
0.412055 0.157475 0.235843
0.328123 0.350796 0.176724
0.940445 0.277823 0.171818
0.698303 0.428539 0.165501
0.381839 0.405235 0.1805
0.798876 0.145918 0.183652
0.620183 0.250143 0.173582
0.727138 0.411995 0.210048
0.12732 0.36024 0.170672
0.757938 0.314888 0.148775
0.0381511 0.210393 0.169417
0.368245 0.534585 0.168703
0.175657 0.378621 0.169447
0.0707003 0.329069 0.169922
0.0452832 0.24769 0.17626
0.135449 0.364927 0.170296
0.802119 0.212066 0.191362
0.133406 0.361924 0.17007
0.750979 0.323825 0.150033
0.349831 0.276806 0.166009
0.348905 0.105766 0.168536
0.965502 0.210232 0.162266
0.650159 0.405291 0.165306
0.95528 0.1398 0.162516
0.306266 0.0674057 0.167978
0.186552 0.381181 0.169792
0.71852 0.0542443 0.169598
0.378118 0.404161 0.179233
0.917618 0.328934 0.174218
0.455489 0.180908 0.168217
0.747017 0.348042 0.190595
0.33479 0.0852269 0.164602
0.63864 0.11667 0.165983
0.362406 0.540329 0.123419
0.233572 0.383259 0.175692
0.826679 0.0378315 0.169182
0.460696 0.175735 0.235828
0.933933 0.279386 0.167474
0.329963 0.534585 0.156377
0.689749 0.354846 0.168722
0.060586 0.314172 0.163148
0.712446 0.405173 0.198411
0.707452 0.400909 0.142463
0.693833 0.424012 0.164542
0.46572 0.198488 0.175218
0.214119 0.21529 0.200625
0.638987 0.119306 0.16745
0.31313 0.189747 0.134109
0.320381 0.341443 0.15268
0.762593 0.312199 0.136072
0.440608 0.122384 0.235871
0.0403128 0.235154 0.167688
0.414499 0.206407 0.23004
0.416455 0.180284 0.217987
0.682664 0.435956 0.178452
0.707897 0.363971 0.168399
0.458393 0.185011 0.178616
0.354268 0.529714 0.167085
0.372773 0.418395 0.160492
0.35408 0.191001 0.131806
0.0919561 0.333701 0.174305
0.6647 0.398288 0.15987
0.436754 0.41762 0.179528
0.755763 0.504999 0.177312
0.973803 0.193494 0.171893
0.353661 0.534585 0.147296
0.148426 0.373017 0.170847
0.226692 0.232046 0.151108
0.643902 0.301667 0.166586
0.630195 0.145117 0.170277
0.716922 0.36651 0.172148
0.730318 0.366475 0.132574
0.353624 0.552134 0.143894
0.727957 0.376402 0.207211
0.488537 0.422548 0.177416
0.346141 0.534585 0.147382
0.730578 0.424601 0.152987
0.70099 0.0495851 0.164613
0.375836 0.421754 0.1805
0.50926 0.248193 0.173057
0.645143 0.309186 0.168154
0.787626 0.201496 0.16175
0.734301 0.502297 0.162473
0.0807494 0.0896355 0.164642
0.168726 0.0470006 0.176171
0.952995 0.231262 0.170478
0.634806 0.131449 0.167815
0.21512 0.211055 0.155929
0.925336 0.0972395 0.163904
0.399418 0.549878 0.182076
0.22109 0.225374 0.190655
0.261322 0.348079 0.165551
0.620563 0.453558 0.158571
0.466746 0.18204 0.230059
0.713337 0.421205 0.143449
0.791442 0.196944 0.189661
0.352611 0.534585 0.172474
0.743432 0.346075 0.189038
0.38283 0.420104 0.178979
0.748116 0.218323 0.153197
0.228438 0.185783 0.188607
0.675615 0.347382 0.165052
0.843134 0.262192 0.183699
0.0909626 0.337919 0.167693
0.772777 0.276827 0.156871
0.940816 0.291481 0.169564
0.743312 0.495753 0.0801716
0.732882 0.417876 0.200403
0.499719 0.18133 0.23006
0.468546 0.185251 0.124345
0.694011 0.462271 0.1805
0.880798 0.37048 0.171383
0.3603 0.457415 0.16281
0.704825 0.436687 0.163736
0.432149 0.412456 0.176322
0.768476 0.298626 0.19731
0.750149 0.492351 0.191261
0.46331 0.163691 0.155567
0.339513 0.0976811 0.167283
0.19978 0.224056 0.191056
0.74009 0.0475797 0.176111
0.359688 0.295853 0.170459
0.462214 0.131723 0.235863
0.234846 0.211912 0.144967
0.394821 0.534585 0.151735
0.467493 0.223732 0.23579
0.362332 0.29303 0.170069
0.0455345 0.197558 0.170034
0.63629 0.140001 0.172384
0.410502 0.191036 0.230052
0.33478 0.361042 0.174794
0.0926168 0.337589 0.166649
0.214137 0.356666 0.176498
0.737959 0.333777 0.192882
0.743379 0.49667 0.25646
0.739986 0.0360845 0.176692
0.172987 0.0359304 0.162228
0.368304 0.18698 0.209582
0.944902 0.140262 0.169805
0.1278 0.0478558 0.170926
0.820323 0.38182 0.170506
0.615926 0.220562 0.173857
0.390517 0.210719 0.169194
0.724776 0.379907 0.16869
0.772107 0.269739 0.149666
0.222079 0.212202 0.152302
0.749571 0.49071 0.0579664
0.439707 0.155064 0.235845
0.45285 0.535317 0.17734
0.811217 0.395014 0.175457
0.383981 0.548934 0.190093
0.463538 0.163841 0.136174
0.759351 0.494002 0.144521
0.616564 0.461101 0.170932
0.783576 0.0277701 0.175929
0.313961 0.549329 0.201017
0.340379 0.324491 0.171267
0.499352 0.179126 0.235825
0.482686 0.210069 0.235801
0.440023 0.185252 0.235821
0.335261 0.19339 0.124322
0.462051 0.191588 0.177861
0.0278463 0.214956 0.162859
0.421171 0.259482 0.161019
0.24515 0.381609 0.16501
0.753469 0.0286688 0.171267
0.661216 0.405861 0.1805
0.703672 0.429953 0.166043
0.742831 0.0454149 0.169773
0.31489 0.0692386 0.172143
0.470414 0.179558 0.192982
0.380326 0.198593 0.176223
0.90608 0.0747624 0.164808
0.627068 0.270813 0.174773
0.749901 0.0311402 0.163858
0.7969 0.264544 0.153311
0.852539 0.0532522 0.16956
0.393661 0.357578 0.159052
0.462127 0.162851 0.179436
0.0360384 0.250607 0.176871
0.677829 0.420654 0.1805
0.787105 0.182114 0.150346
0.159137 0.0758915 0.164034
0.371781 0.427388 0.177782
0.800126 0.0428567 0.169722
0.503641 0.214502 0.177352
0.743474 0.357567 0.132757
0.463549 0.172841 0.232948
0.196243 0.171569 0.15247
0.455216 0.208692 0.172448
0.635783 0.121535 0.165995
0.541403 0.274461 0.158852
0.615499 0.45966 0.174823
0.752418 0.0371709 0.162356
0.718474 0.404441 0.189422
0.374467 0.19089 0.21296
0.959955 0.192139 0.164629
0.622186 0.259935 0.165268
0.536016 0.278077 0.165985
0.906082 0.0710517 0.168028
0.217929 0.238452 0.150958
0.0476967 0.295352 0.171179
0.350316 0.52143 0.160215
0.0504282 0.272509 0.169626
0.469815 0.432485 0.17958
0.459436 0.1924 0.106114
0.314101 0.546799 0.134465
0.751739 0.0429499 0.167439
0.336244 0.534585 0.15712
0.415981 0.33357 0.174228
0.361255 0.105208 0.17096
0.766191 0.0436833 0.168798
0.421774 0.534585 0.15818
0.420049 0.319535 0.164038
0.748655 0.493494 0.118739
0.250082 0.205521 0.199831
0.759092 0.506219 0.147178
0.887792 0.362617 0.163216
0.282786 0.291201 0.187142
0.190386 0.384036 0.169338
0.655317 0.452319 0.158571
0.381802 0.18664 0.176373
0.739037 0.495425 0.273969
0.665027 0.335704 0.167787
0.277987 0.205089 0.136723
0.36603 0.494264 0.169644
0.469073 0.183705 0.217637
0.720647 0.443662 0.165157
0.0596089 0.121551 0.165978
0.416958 0.146066 0.235852
0.660365 0.445538 0.1715
0.27176 0.202427 0.192481
0.792071 0.226924 0.147824
0.710799 0.362252 0.170217
0.752943 0.491785 0.155251
0.65319 0.466788 0.168508
0.721308 0.363057 0.172338
0.940777 0.291985 0.169417
0.465444 0.1891 0.148707
0.401401 0.534585 0.150442
0.395533 0.188865 0.218767
0.292501 0.0548413 0.167066
0.73814 0.328896 0.199493
0.446049 0.18701 0.17976
0.158273 0.0483513 0.175359
0.474331 0.212373 0.230035
0.314547 0.534585 0.200774
0.257349 0.258904 0.145926
0.749997 0.490377 0.25988
0.710738 0.419921 0.163458
0.73907 0.502618 0.0686461
0.729812 0.408036 0.145221
0.210192 0.386874 0.176624
0.714141 0.403201 0.207623
0.787066 0.392544 0.162326
0.616833 0.236202 0.167024
0.338311 0.377502 0.17612
0.865424 0.0629708 0.17225
0.969171 0.184885 0.161912
0.325571 0.534585 0.155592
0.0476424 0.252421 0.169438
0.66587 0.33461 0.16989
0.937335 0.128578 0.175032
0.727528 0.407786 0.211148
0.203156 0.0394332 0.169683
0.573023 0.433015 0.165294
0.0712775 0.30992 0.164776
0.425101 0.409981 0.16699
0.742884 0.344188 0.131393
0.429483 0.233703 0.178287
0.720729 0.407367 0.211616
0.352104 0.497877 0.160215
0.365516 0.40517 0.16985
0.385344 0.397064 0.1805
0.0359561 0.269925 0.172133
0.379276 0.158478 0.176369
0.486969 0.210939 0.2358
0.365047 0.539563 0.215651
0.659807 0.385761 0.165012
0.781541 0.383769 0.169598
0.689279 0.364096 0.165624
0.12869 0.0499465 0.174201
0.447282 0.193901 0.1805
0.271156 0.381403 0.162518
0.442877 0.129525 0.2301
0.303198 0.182871 0.15843
0.293187 0.0611258 0.168834
0.349005 0.510754 0.178855
0.618713 0.246872 0.164954
0.255494 0.259728 0.154786
0.51275 0.221322 0.165246
0.5908 0.318724 0.158571
0.369518 0.131045 0.176141
0.264072 0.376566 0.162955
0.732168 0.41996 0.157378
0.335882 0.0936716 0.172763
0.0278973 0.237322 0.164503
0.367215 0.269002 0.171986
0.262147 0.265702 0.188957
0.274376 0.0433418 0.166968
0.430824 0.182059 0.22989
0.741193 0.319976 0.14184
0.754207 0.28582 0.145667
0.357412 0.517088 0.164846
0.615901 0.455232 0.159886
0.330669 0.548661 0.207522
0.695402 0.468372 0.162199
0.95291 0.230679 0.170301
0.960828 0.209436 0.169555
0.406099 0.20753 0.235111
0.479229 0.431075 0.1805
0.703354 0.360232 0.170576
0.213732 0.0622695 0.17443
0.48076 0.185093 0.166235
0.207627 0.0391513 0.162763
0.662992 0.330976 0.169878
0.431583 0.155255 0.235845
0.521504 0.250926 0.158571
0.719184 0.417449 0.211616
0.0966976 0.255478 0.164169
0.047714 0.29576 0.170447
0.390046 0.37802 0.1805
0.11382 0.350335 0.172027
0.760663 0.50504 0.111451
0.297866 0.0673271 0.172926
0.622842 0.201274 0.170211
0.317642 0.198354 0.210264
0.369111 0.187189 0.22092
0.0360608 0.227914 0.162359
0.213988 0.38537 0.176507
0.47945 0.208866 0.178458
0.75994 0.505443 0.0830718
0.200382 0.217275 0.188071
0.0923062 0.153479 0.164007
0.115705 0.358223 0.167777
0.427929 0.535218 0.184816
0.730061 0.373319 0.131393
0.642074 0.306678 0.16368
0.405452 0.333592 0.1805
0.378369 0.165107 0.176211
0.466804 0.166244 0.172976
0.0810797 0.107673 0.17368
0.302561 0.543406 0.137352
0.864986 0.36454 0.175508
0.701764 0.0497426 0.163642
0.351864 0.378405 0.179963
0.438536 0.183199 0.2053
0.86774 0.0633585 0.171877
0.736289 0.390346 0.144005
0.0495708 0.29383 0.174423
0.446851 0.192365 0.121435
0.223262 0.213903 0.189175
0.171655 0.375019 0.170823
0.0652971 0.134422 0.172702
0.402395 0.355517 0.158571
0.214496 0.221694 0.153945
0.255035 0.271315 0.193733
0.796253 0.129693 0.180733
0.334316 0.363253 0.154725
0.0755582 0.0936889 0.171014
0.450687 0.211106 0.178026
0.75559 0.505992 0.276865
0.343301 0.527613 0.160215
0.270971 0.383386 0.176266
0.0503401 0.139284 0.166549
0.754353 0.297669 0.189898
0.410914 0.34027 0.177898
0.751451 0.491747 0.203517
0.636473 0.295385 0.165856
0.471122 0.177337 0.139476
0.777608 0.187015 0.15061
0.792302 0.221148 0.163447
0.241675 0.223719 0.188658
0.618631 0.211006 0.169734
0.787331 0.204608 0.147295
0.603069 0.217087 0.174464
0.723155 0.371978 0.198827
0.508928 0.185192 0.234168
0.729902 0.36517 0.133167
0.294802 0.196839 0.196816
0.503176 0.426675 0.160288
0.774234 0.207094 0.189065
0.516199 0.444791 0.164915
0.465216 0.165089 0.17195
0.270758 0.197082 0.137285
0.677069 0.455668 0.1805
0.265495 0.202309 0.191456
0.626398 0.174574 0.170923
0.759571 0.50579 0.248473
0.205172 0.261367 0.154862
0.385394 0.390509 0.1805
0.450559 0.090717 0.243882
0.477974 0.2015 0.230044
0.262045 0.376596 0.173002
0.423419 0.534585 0.158382
0.155589 0.0349809 0.171162
0.767926 0.0280646 0.175115
0.0459677 0.168632 0.170463
0.340219 0.534585 0.186812
0.73107 0.350797 0.195965
0.0475283 0.266501 0.166605
0.376273 0.405564 0.163529
0.402035 0.324986 0.178834
0.420853 0.180858 0.120248
0.714268 0.400301 0.201199
0.743067 0.195881 0.152906
0.751722 0.491792 0.146386
0.571372 0.432935 0.174297
0.221065 0.0427993 0.169677
0.411932 0.548706 0.18184
0.970181 0.213121 0.163075
0.483898 0.432832 0.158571
0.199975 0.223899 0.148885
0.722428 0.0543456 0.163135
0.801689 0.218125 0.189204
0.0583418 0.280865 0.172678
0.694197 0.458431 0.165232
0.471216 0.20193 0.16171
0.752606 0.322658 0.131393
0.57994 0.314434 0.1805
0.415627 0.160788 0.23584
0.699745 0.479563 0.178855
0.259455 0.0492838 0.170407
0.380219 0.195698 0.166487
0.46147 0.192018 0.187723
0.398889 0.408694 0.161822
0.456784 0.159323 0.235841
0.704127 0.0597342 0.163856
0.734262 0.35302 0.133031
0.709808 0.203307 0.181953
0.615614 0.215201 0.174925
0.805043 0.386723 0.162421
0.420982 0.316751 0.164248
0.419262 0.534585 0.164252
0.423654 0.311865 0.16766
0.337371 0.534585 0.140049
0.419816 0.324766 0.17096
0.962044 0.243153 0.169154
0.257969 0.221581 0.186086
0.921209 0.335826 0.164497
0.751295 0.349632 0.140508
0.703151 0.417717 0.177219
0.27492 0.144702 0.180459
0.741761 0.36177 0.148857
0.804221 0.208737 0.147868
0.742717 0.32083 0.192443
0.492023 0.420016 0.171674
0.755877 0.0415936 0.176347
0.635106 0.46257 0.164037
0.0394633 0.263058 0.176719
0.320603 0.192516 0.21224
0.478922 0.215904 0.169752
0.211418 0.389029 0.169126
0.338299 0.343077 0.164152
0.958111 0.239923 0.169749
0.301207 0.557153 0.185813
0.741828 0.487886 0.170936
0.753613 0.50069 0.255994
0.418358 0.15227 0.230083
0.256801 0.197912 0.14353
0.954899 0.275521 0.169158
0.436696 0.248447 0.159352
0.471863 0.122483 0.235715
0.722824 0.147128 0.182127
0.473854 0.201423 0.179035
0.538461 0.428914 0.162531
0.620008 0.363111 0.179824
0.761726 0.498332 0.0935012
0.2548 0.390902 0.163497
0.875028 0.3621 0.164352
0.346021 0.534585 0.15021
0.931741 0.298826 0.172353
0.239599 0.201078 0.195185
0.0427775 0.161747 0.168055
0.760276 0.494621 0.21141
0.379784 0.18952 0.175139
0.132522 0.063208 0.17295
0.787211 0.389835 0.169236
0.418432 0.204289 0.235805
0.506364 0.175637 0.230064
0.755808 0.491834 0.0946787
0.40856 0.192812 0.230051
0.209853 0.394745 0.175303
0.603757 0.345197 0.179705
0.895496 0.076423 0.17375
0.424713 0.173204 0.113221
0.373109 0.152689 0.172852
0.442452 0.165174 0.185999
0.313688 0.196979 0.210879
0.377043 0.394963 0.162559
0.822542 0.378052 0.163406
0.719624 0.233221 0.157202
0.37205 0.534585 0.130816
0.467937 0.167232 0.200326
0.381615 0.277199 0.167648
0.163562 0.381918 0.169599
0.622131 0.258202 0.171664
0.404096 0.1762 0.222358
0.416923 0.409115 0.165846
0.349998 0.554001 0.186874
0.357814 0.534585 0.180808
0.749652 0.351725 0.201259
0.569915 0.317039 0.168207
0.429432 0.233142 0.16094
0.762329 0.278339 0.150033
0.623176 0.440301 0.172758
0.0485318 0.140942 0.169471
0.46815 0.186522 0.189128
0.627336 0.158988 0.17022
0.304355 0.557643 0.18221
0.508832 0.217015 0.1651
0.515418 0.250888 0.161499
0.949746 0.274507 0.168123
0.307393 0.555661 0.149107
0.62861 0.288277 0.176198
0.759709 0.141361 0.15529
0.727377 0.425156 0.134412
0.785756 0.24364 0.150885
0.434768 0.130745 0.235864
0.381004 0.183973 0.223008
0.3801 0.185248 0.162693
0.644257 0.306925 0.170083
0.361631 0.493304 0.177221
0.320621 0.0760842 0.173813
0.413887 0.534585 0.17007
0.126028 0.203885 0.181006
0.285568 0.308771 0.181039
0.604178 0.210193 0.171974
0.123949 0.36306 0.171473
0.179349 0.377556 0.170385
0.383405 0.192258 0.175899
0.442018 0.201565 0.158984
0.0522788 0.283209 0.17609
0.877352 0.0624754 0.168104
0.749148 0.496102 0.035347
0.154845 0.35958 0.169772
0.618799 0.241843 0.176331
0.614602 0.212058 0.169461
0.317918 0.554681 0.194844
0.680742 0.440643 0.167721
0.0889276 0.0803533 0.172776
0.757463 0.507463 0.0720136
0.780533 0.241006 0.189038
0.376958 0.449016 0.162979
0.928585 0.108783 0.167483
0.693414 0.114839 0.179169
0.415555 0.182707 0.110392
0.465624 0.436759 0.163858
0.660793 0.456546 0.1805
0.707494 0.42446 0.17687
0.0922375 0.334213 0.169537
0.355049 0.124468 0.174551
0.702047 0.401162 0.175003
0.314836 0.0689384 0.16711
0.364838 0.548378 0.130327
0.670382 0.155081 0.162925
0.367315 0.147222 0.172169
0.365802 0.182804 0.127337
0.366959 0.396805 0.174452
0.792047 0.230391 0.198825
0.380613 0.534585 0.205978
0.37352 0.41438 0.178235
0.468238 0.187039 0.1805
0.364368 0.131755 0.163334
0.683674 0.46432 0.159016
0.395971 0.549392 0.154502
0.383743 0.196555 0.167856
0.417384 0.534585 0.182113
0.270556 0.282604 0.182532
0.857333 0.0588749 0.171788
0.786394 0.0360619 0.176684
0.654156 0.108161 0.172893
0.75268 0.510051 0.0758144
0.631679 0.287554 0.175949
0.915011 0.100746 0.172348
0.353645 0.534585 0.19851
0.367971 0.446795 0.178855
0.026921 0.21083 0.175322
0.451444 0.198786 0.103243
0.127556 0.240917 0.158589
0.155177 0.0364893 0.163356
0.63008 0.443886 0.161777
0.754908 0.279859 0.197305
0.457551 0.415173 0.172875
0.290447 0.36353 0.175215
0.744921 0.373869 0.171041
0.0752657 0.314358 0.168906
0.157993 0.0507537 0.167027
0.590009 0.449776 0.158793
0.454579 0.193584 0.109349
0.757076 0.506782 0.0690775
0.352958 0.557643 0.169999
0.127698 0.356942 0.172861
0.698341 0.411982 0.172863
0.41816 0.42841 0.162202
0.728872 0.408246 0.171496
0.246988 0.320646 0.162657
0.778005 0.210851 0.168233
0.41377 0.272565 0.173823
0.369176 0.400632 0.178796
0.741613 0.368871 0.134139
0.254956 0.378451 0.173736
0.721026 0.379123 0.14211
0.453282 0.19368 0.230402
0.0496412 0.144776 0.167125
0.750815 0.200776 0.185755
0.932213 0.297424 0.171311
0.45996 0.176907 0.177999
0.790046 0.0688561 0.174761
0.658686 0.0935596 0.166325
0.458587 0.213065 0.103243
0.926067 0.306258 0.172511
0.362105 0.292589 0.169181
0.479735 0.21598 0.235796
0.472717 0.168337 0.23007
0.431822 0.125449 0.233027
0.776867 0.3802 0.16982
0.295891 0.201414 0.206565
0.21393 0.388667 0.162296
0.949141 0.150281 0.168617
0.0362334 0.228356 0.162372
0.696819 0.459042 0.168145
0.794275 0.10301 0.177583
0.172822 0.0434073 0.168703
0.546778 0.43659 0.1805
0.214916 0.387826 0.169288
0.112966 0.351164 0.171159
0.674138 0.256711 0.164134
0.680242 0.448639 0.171745
0.0866941 0.33064 0.165917
0.622458 0.180496 0.169817
0.767161 0.29004 0.205931
0.817036 0.378995 0.174479
0.349371 0.104077 0.165357
0.700343 0.406137 0.198113
0.746028 0.510329 0.0576049
0.694028 0.0715292 0.175302
0.232034 0.237882 0.1419
0.523356 0.234247 0.163045
0.341218 0.531973 0.160215
0.87486 0.300715 0.178849
0.211552 0.201433 0.174043
0.717149 0.404231 0.129868
0.508093 0.424572 0.162336
0.374136 0.415289 0.160486
0.79578 0.222374 0.147654
0.22445 0.202484 0.190838
0.34653 0.527109 0.160215
0.538174 0.275653 0.177893
0.311292 0.36109 0.175604
0.139814 0.289894 0.180193
0.250082 0.25189 0.193891
0.312933 0.3406 0.153422
0.784714 0.214787 0.150033
0.662546 0.206229 0.175623
0.358461 0.216025 0.175714
0.382829 0.188495 0.125905
0.0873983 0.0912912 0.169646
0.357045 0.317063 0.170291
0.786721 0.215439 0.147089
0.407199 0.148716 0.230086
0.286809 0.379503 0.163714
0.448245 0.231967 0.167295
0.182018 0.390177 0.168447
0.78632 0.211119 0.148459
0.719201 0.489432 0.160903
0.68677 0.356104 0.166822
0.421706 0.198422 0.23581
0.464777 0.178817 0.158571
0.414419 0.160107 0.230077
0.645088 0.112768 0.17268
0.50884 0.245339 0.162372
0.69427 0.468085 0.178507
0.198698 0.391633 0.168883
0.288231 0.0474176 0.166479
0.699967 0.407235 0.172409
0.788002 0.219595 0.147329
0.0599151 0.141683 0.172338
0.211693 0.21437 0.192017
0.792273 0.226226 0.194394
0.225802 0.19435 0.188439
0.930799 0.118284 0.175321
0.162728 0.0461966 0.168157
0.650026 0.380438 0.160574
0.745095 0.499729 0.112306
0.245734 0.039611 0.168825
0.950512 0.273195 0.168755
0.0555913 0.309587 0.170011
0.414067 0.268194 0.17072
0.42494 0.309074 0.170168
0.246744 0.377392 0.171612
0.727099 0.377753 0.166891
0.435735 0.252385 0.17954
0.459544 0.19337 0.128937
0.631004 0.279691 0.174541
0.21702 0.20476 0.153678
0.450861 0.174037 0.23583
0.789776 0.0268754 0.175278
0.54018 0.44251 0.180059
0.793632 0.170877 0.15185
0.461642 0.162448 0.116169
0.791386 0.212854 0.148024
0.486163 0.183189 0.230058
0.790926 0.198237 0.150438
0.912598 0.333133 0.169037
0.3005 0.0619992 0.167998
0.30468 0.534585 0.173207
0.709424 0.408577 0.211616
0.210631 0.390462 0.169208
0.372454 0.420126 0.178729
0.376974 0.163641 0.175792
0.622936 0.248479 0.168219
0.316322 0.534585 0.17588
0.220183 0.20347 0.187906
0.461115 0.1923 0.218127
0.829766 0.379459 0.169266
0.599996 0.453645 0.178589
0.694374 0.355583 0.17059
0.420181 0.324644 0.169999
0.196153 0.0260339 0.171894
0.896517 0.21795 0.179141
0.380947 0.534585 0.200106
0.709214 0.419793 0.205958
0.463743 0.190363 0.183096
0.680757 0.0671895 0.174132
0.39809 0.552079 0.163197
0.792574 0.0921556 0.177846
0.454622 0.148553 0.23585
0.484354 0.434837 0.179477
0.75512 0.378178 0.170288
0.74527 0.499171 0.137451
0.420557 0.133632 0.232014
0.419561 0.306133 0.159844
0.442112 0.172005 0.230067
0.831232 0.0481231 0.170806
0.953866 0.275849 0.16687
0.381745 0.219135 0.169887
0.432457 0.243461 0.158571
0.324182 0.557643 0.157333
0.754894 0.508191 0.207318
0.956737 0.148009 0.176645
0.758619 0.498948 0.162995
0.439103 0.184932 0.191147
0.285889 0.286301 0.181801
0.336908 0.18609 0.210206
0.383415 0.547906 0.196713
0.0407731 0.263045 0.176615
0.370833 0.260534 0.171403
0.173855 0.0429387 0.163608
0.718048 0.501399 0.16404
0.736385 0.50289 0.311007
0.301501 0.191467 0.20281
0.445394 0.149304 0.230085
0.745008 0.499941 0.184778
0.343843 0.534585 0.156359
0.800112 0.207347 0.149475
0.23158 0.228805 0.141831
0.760894 0.504298 0.150799
0.4058 0.177953 0.121322
0.460594 0.176339 0.170343
0.135984 0.0551177 0.175952
0.356504 0.109154 0.163585
0.385195 0.147551 0.170826
0.760656 0.505048 0.129792
0.218596 0.219478 0.179057
0.349204 0.391511 0.175426
0.294746 0.303231 0.154398
0.405939 0.346509 0.180012
0.202282 0.186615 0.14944
0.191571 0.206455 0.149933
0.944522 0.114795 0.163948
0.494457 0.44108 0.163675
0.303413 0.551098 0.195024
0.0439789 0.281327 0.175376
0.28787 0.539122 0.189141
0.620188 0.234677 0.165592
0.23294 0.182364 0.188037
0.456491 0.193668 0.214803
0.757949 0.27144 0.199868
0.378893 0.534585 0.139565
0.341073 0.362069 0.16277
0.600747 0.458323 0.166999
0.451675 0.428518 0.180449
0.0831253 0.102356 0.171077
0.0326744 0.210779 0.169105
0.761874 0.501288 0.142935
0.669433 0.206109 0.17501
0.388458 0.18315 0.114618
0.784806 0.222656 0.131393
0.602849 0.344522 0.179541
0.294068 0.551266 0.147396
0.754746 0.281701 0.138295
0.827705 0.381828 0.162688
0.375801 0.286291 0.16852
0.760332 0.323263 0.198548
0.448818 0.193635 0.173646
0.634894 0.288709 0.163287
0.851709 0.0510369 0.16891
0.59586 0.445851 0.1805
0.396739 0.184264 0.172437
0.690935 0.0633162 0.163417
0.139983 0.142063 0.181114
0.675652 0.0867096 0.17288
0.899351 0.346898 0.165604
0.633333 0.355212 0.166996
0.755224 0.279837 0.138762
0.298264 0.361101 0.168953
0.461933 0.191705 0.217395
0.243009 0.0368105 0.16863
0.451994 0.219632 0.235794
0.720689 0.367155 0.172228
0.868934 0.360431 0.16978
0.130673 0.129224 0.180523
0.7087 0.482879 0.167185
0.289284 0.199409 0.143535
0.770116 0.23765 0.195123
0.641257 0.394363 0.163292
0.29077 0.557643 0.167329
0.0760053 0.106871 0.171067
0.514564 0.23368 0.158571
0.441737 0.250308 0.174229
0.286714 0.550282 0.176118
0.401102 0.548813 0.184767
0.918422 0.0978214 0.174825
0.299318 0.372232 0.162747
0.596466 0.446695 0.158571
0.338256 0.378591 0.178535
0.708384 0.0575336 0.163993
0.0626828 0.289409 0.174501
0.642348 0.126346 0.171265
0.477366 0.205558 0.235805
0.493177 0.20913 0.158657
0.595629 0.45118 0.179883
0.369374 0.534585 0.169524
0.731722 0.39564 0.133643
0.791465 0.384399 0.173033
0.732483 0.0510019 0.163684
0.501767 0.216921 0.159532
0.808776 0.224485 0.189438
0.934635 0.307054 0.16751
0.670695 0.0712227 0.170276
0.363872 0.106041 0.165686
0.076914 0.101579 0.165609
0.248477 0.259942 0.14489
0.445679 0.159882 0.235841
0.313641 0.346169 0.173364
0.38145 0.534585 0.188642
0.354889 0.508413 0.160414
0.697645 0.444462 0.169946
0.728309 0.410607 0.140893
0.205626 0.206806 0.191737
0.361923 0.389917 0.176906
0.055532 0.281897 0.173896
0.664317 0.446541 0.172724
0.559967 0.279495 0.160725
0.844462 0.0473359 0.168342
0.75917 0.506078 0.253334
0.965739 0.16709 0.175873
0.613352 0.458837 0.162753
0.497668 0.439371 0.161398
0.323957 0.193968 0.201697
0.206143 0.39081 0.168884
0.358936 0.55433 0.180865
0.36527 0.130881 0.164941
0.151527 0.279962 0.181051
0.304024 0.534585 0.184436
0.387227 0.547613 0.195421
0.400509 0.420458 0.158571
0.652767 0.100657 0.173452
0.811475 0.224319 0.187676
0.205684 0.387042 0.169554
0.360269 0.293169 0.172767
0.456452 0.193664 0.210191
0.863299 0.13545 0.179666
0.745672 0.490306 0.275133
0.189837 0.0402025 0.167091
0.425145 0.184915 0.235821
0.734397 0.367649 0.207678
0.441182 0.254468 0.166992
0.0604938 0.120002 0.16624
0.436814 0.176036 0.114117
0.91371 0.341081 0.164272
0.751933 0.375914 0.170327
0.623844 0.250942 0.173036
0.368027 0.279239 0.169557
0.935402 0.100447 0.164727
0.21137 0.335917 0.17814
0.427787 0.159972 0.235841
0.800354 0.203161 0.14996
0.627781 0.168272 0.171132
0.383551 0.253445 0.16819
0.628169 0.137592 0.167143
0.374825 0.465606 0.169221
0.301041 0.0629059 0.167125
0.758217 0.506855 0.14669
0.443857 0.234742 0.177691
0.851065 0.0595051 0.170063
0.676838 0.469713 0.172595
0.785496 0.238594 0.20544
0.365616 0.298817 0.166514
0.533345 0.438528 0.158571
0.242976 0.123596 0.16007
0.841133 0.0820725 0.16681
0.372377 0.122622 0.171656
0.936487 0.131929 0.172815
0.320352 0.0688463 0.165275
0.651492 0.405573 0.162826
0.8926 0.078667 0.173181
0.732825 0.35934 0.148896
0.266345 0.206243 0.138213
0.702801 0.501867 0.169471
0.0748516 0.113403 0.172971
0.370421 0.285662 0.167255
0.482126 0.130014 0.2301
0.466153 0.188584 0.148106
0.646897 0.370458 0.172259
0.462087 0.162788 0.13628
0.220637 0.19336 0.188112
0.215648 0.208647 0.139867
0.43231 0.547364 0.179751
0.373699 0.147938 0.176128
0.729736 0.396399 0.14897
0.474607 0.13943 0.235857
0.760847 0.261473 0.198367
0.274764 0.271478 0.18322
0.290296 0.365573 0.168545
0.743021 0.314833 0.199678
0.918569 0.319478 0.170684
0.795401 0.204419 0.163388
0.252207 0.266497 0.194809
0.111363 0.358824 0.170691
0.218544 0.203391 0.189541
0.71866 0.0574757 0.175797
0.380555 0.206605 0.169777
0.95921 0.262552 0.167297
0.0905497 0.0797407 0.173389
0.228908 0.380129 0.168532
0.399548 0.552277 0.164231
0.386748 0.401613 0.158571
0.408068 0.302001 0.160984
0.297133 0.553763 0.149869
0.224601 0.220936 0.197974
0.671298 0.467778 0.16315
0.327994 0.0787372 0.173177
0.68149 0.321004 0.174836
0.298175 0.312076 0.150406
0.437577 0.193128 0.1675
0.955836 0.171709 0.172384
0.448229 0.2458 0.102315
0.451741 0.203283 0.230042
0.77164 0.282214 0.192022
0.625982 0.262281 0.162932
0.464946 0.164927 0.214594
0.742441 0.491809 0.0677418
0.919608 0.0838967 0.169042
0.305967 0.32391 0.179197
0.747738 0.508165 0.16903
0.812748 0.0371355 0.168969
0.602141 0.221709 0.170728
0.250583 0.258419 0.143806
0.450088 0.125355 0.235869
0.775218 0.233759 0.190603
0.575951 0.314052 0.15933
0.486784 0.148174 0.230086
0.331464 0.367192 0.160754
0.374689 0.534585 0.125128
0.669107 0.394279 0.170211
0.385377 0.546425 0.204032
0.0411644 0.241305 0.173066
0.78153 0.0254808 0.166208
0.0469919 0.254295 0.176182
0.717169 0.404237 0.184426
0.292125 0.301104 0.151786
0.168711 0.380393 0.168552
0.738387 0.045957 0.163464
0.34164 0.531073 0.160215
0.453148 0.105554 0.244474
0.348762 0.330921 0.164741
0.766248 0.250095 0.136327
0.422296 0.21088 0.230036
0.582139 0.328056 0.176286
0.137333 0.366736 0.169609
0.755943 0.312049 0.161335
0.320605 0.335735 0.158325
0.616372 0.195952 0.169268
0.86709 0.0511135 0.166402
0.754205 0.313572 0.163025
0.89774 0.0756551 0.173549
0.618576 0.363151 0.160042
0.626617 0.161462 0.170437
0.706296 0.421533 0.17227
0.833032 0.378333 0.171584
0.540949 0.43808 0.158571
0.796582 0.216191 0.196932
0.0542327 0.292176 0.163084
0.607183 0.438626 0.175055
0.73403 0.348452 0.191911
0.957083 0.206838 0.169773
0.68599 0.347061 0.17275
0.661851 0.446426 0.173514
0.352724 0.193862 0.12329
0.733302 0.359282 0.149209
0.464857 0.216726 0.230031
0.467314 0.187386 0.235819
0.331806 0.0863316 0.165963
0.249343 0.20236 0.139652
0.700243 0.362372 0.16782
0.779021 0.260054 0.191877
0.85035 0.371644 0.173575
0.736741 0.509714 0.305054
0.745807 0.49756 0.0831812
0.746238 0.495755 0.178855
0.957424 0.176831 0.176297
0.220445 0.211229 0.146174
0.441712 0.188696 0.201832
0.705646 0.418571 0.201247
0.455398 0.160771 0.211713
0.755433 0.279546 0.200627
0.367503 0.290724 0.167097
0.673334 0.337216 0.170226
0.455176 0.193582 0.107748
0.384355 0.382216 0.17885
0.685438 0.422667 0.159286
0.256466 0.380515 0.176363
0.93197 0.116612 0.169742
0.45807 0.169344 0.244474
0.773673 0.264485 0.149826
0.607966 0.328634 0.175704
0.769673 0.207248 0.149904
0.438918 0.184395 0.230135
0.366402 0.472827 0.160765
0.72397 0.419493 0.128342
0.45527 0.130689 0.230099
0.714563 0.375615 0.16657
0.444624 0.243513 0.17192
0.367434 0.135854 0.164871
0.0419194 0.189371 0.169917
0.473955 0.188235 0.230054
0.458786 0.140422 0.23871
0.957279 0.245923 0.169951
0.502009 0.231051 0.159148
0.374984 0.534585 0.145563
0.199013 0.0396894 0.171795
0.281712 0.0484021 0.166827
0.757803 0.491374 0.0775016
0.0318678 0.258781 0.169807
0.37965 0.41001 0.167421
0.55615 0.448658 0.177386
0.0629199 0.135406 0.172566
0.676787 0.0739721 0.163914
0.383825 0.238369 0.169394
0.233273 0.226289 0.188399
0.293568 0.0563058 0.170753
0.45041 0.534585 0.162156
0.524137 0.257304 0.179183
0.30558 0.355306 0.1636
0.0636761 0.321334 0.163467
0.521598 0.231784 0.164065
0.309425 0.190566 0.202634
0.813862 0.38309 0.169304
0.446405 0.162248 0.118261
0.36064 0.402464 0.166432
0.377053 0.555151 0.172969
0.471078 0.176909 0.216188
0.385267 0.184462 0.212571
0.320642 0.075594 0.167797
0.225538 0.274466 0.154791
0.954395 0.216456 0.17006
0.716838 0.0561609 0.174793
0.74623 0.350162 0.206163
0.746868 0.105722 0.160478
0.453218 0.160735 0.165827
0.417806 0.174357 0.223775
0.20366 0.252535 0.18776
0.225037 0.189456 0.189131
0.405998 0.413573 0.179978
0.63598 0.463002 0.174124
0.43772 0.547872 0.176604
0.436016 0.173312 0.230066
0.0449058 0.180882 0.170227
0.398242 0.337657 0.160149
0.397011 0.187547 0.170574
0.445866 0.197429 0.230047
0.95674 0.232085 0.169922
0.578074 0.434082 0.164383
0.439317 0.132718 0.230098
0.346068 0.100242 0.164051
0.689605 0.109631 0.178434
0.371106 0.438355 0.160215
0.619121 0.21609 0.173403
0.923737 0.319074 0.170044
0.619329 0.210637 0.169609
0.70205 0.451061 0.179391
0.450332 0.193619 0.154343
0.43695 0.428557 0.178814
0.180942 0.0414779 0.171927
0.456975 0.186524 0.103243
0.894767 0.358308 0.17344
0.463401 0.163787 0.193691
0.904015 0.353569 0.163597
0.0480458 0.140568 0.169256
0.266989 0.387378 0.16311
0.959718 0.14862 0.174712
0.302965 0.31918 0.180128
0.939213 0.311064 0.168963
0.402741 0.169428 0.230069
0.287731 0.36543 0.163275
0.41408 0.165754 0.230072
0.435914 0.219758 0.179756
0.669687 0.422399 0.161076
0.961045 0.234415 0.169638
0.961545 0.14631 0.168351
0.75236 0.28874 0.143204
0.638752 0.299553 0.16518
0.467853 0.207132 0.230039
0.742452 0.505988 0.312825
0.460516 0.161686 0.186738
0.641594 0.10681 0.165453
0.279495 0.204942 0.136532
0.913278 0.335182 0.174527
0.236864 0.211784 0.19026
0.419243 0.534585 0.168625
0.412438 0.157672 0.230079
0.445468 0.191418 0.192451
0.384287 0.534585 0.132777
0.628018 0.272484 0.175942
0.0380119 0.175558 0.168381
0.124659 0.0677532 0.172443
0.898763 0.0771836 0.168972
0.773293 0.251568 0.131393
0.424625 0.182436 0.118527
0.378403 0.426396 0.178855
0.382774 0.379881 0.16182
0.0286401 0.225993 0.162709
0.72961 0.408499 0.172456
0.696798 0.449261 0.179658
0.282514 0.289132 0.155349
0.262559 0.376714 0.170185
0.267448 0.263663 0.184602
0.893062 0.343038 0.174099
0.401358 0.534585 0.188302
0.232976 0.235194 0.19828
0.331799 0.534585 0.179178
0.369244 0.534585 0.158479
0.45926 0.255238 0.0974789
0.357932 0.460556 0.17528
0.353236 0.555104 0.158817
0.974232 0.205606 0.173336
0.0439759 0.244032 0.162734
0.75447 0.50818 0.221329
0.789343 0.0250378 0.167466
0.22096 0.219817 0.147607
0.326103 0.539168 0.209566
0.745299 0.499093 0.123579
0.698747 0.500479 0.162357
0.328316 0.339173 0.165254
0.420793 0.294404 0.158571
0.646569 0.387894 0.158571
0.718017 0.398206 0.133558
0.716442 0.403989 0.200696
0.36668 0.487499 0.165184
0.341956 0.365973 0.176938
0.795591 0.194731 0.189963
0.797033 0.198094 0.18986
0.954644 0.179152 0.168301
0.426537 0.155413 0.23008
0.530862 0.245937 0.177845
0.240572 0.389896 0.162136
0.402826 0.18737 0.1157
0.677341 0.345995 0.167823
0.759081 0.50754 0.261466
0.709979 0.043742 0.167426
0.407374 0.35853 0.162636
0.478954 0.156495 0.235844
0.689532 0.44039 0.180022
0.301572 0.191424 0.204926
0.702991 0.361193 0.16817
0.925555 0.10457 0.166492
0.753117 0.312536 0.150033
0.782448 0.257708 0.141888
0.693136 0.452869 0.176865
0.383331 0.186517 0.223172
0.0565628 0.282095 0.163193
0.932295 0.11891 0.172345
0.371904 0.403673 0.172264
0.791956 0.0413244 0.169787
0.188998 0.246673 0.186276
0.686618 0.469723 0.162576
0.363814 0.192018 0.12884
0.638879 0.295259 0.17348
0.443779 0.164182 0.150183
0.420641 0.184807 0.112838
0.0468281 0.160669 0.169405
0.0318079 0.257995 0.171452
0.607338 0.332265 0.178268
0.0855496 0.0835927 0.172309
0.445996 0.130988 0.230099
0.0729838 0.320242 0.175308
0.264572 0.372873 0.168697
0.48255 0.426151 0.1805
0.498677 0.438896 0.160946
0.319178 0.0805973 0.172664
0.34074 0.534456 0.168461
0.443462 0.412757 0.172036
0.817931 0.386501 0.176695
0.745138 0.50049 0.112657
0.953645 0.262459 0.169555
0.960584 0.202982 0.163218
0.0533685 0.27987 0.168871
0.735653 0.351473 0.168213
0.375364 0.430605 0.160215
0.952964 0.245287 0.170234
0.459147 0.160787 0.231117
0.345589 0.104822 0.166944
0.344684 0.515877 0.161096
0.616903 0.236159 0.174415
0.391901 0.188434 0.116712
0.746569 0.504803 0.227588
0.676874 0.347713 0.165069
0.85867 0.364519 0.17321
0.964871 0.244044 0.168266
0.3616 0.288756 0.1707
0.426504 0.534585 0.173273
0.558226 0.271527 0.172573
0.0620049 0.129749 0.172698
0.804481 0.207102 0.190157
0.396282 0.553155 0.167762
0.295962 0.368628 0.176149
0.949583 0.158883 0.165656
0.0550555 0.310077 0.16599
0.0580093 0.119972 0.169578
0.0941346 0.332538 0.17313
0.224224 0.0377873 0.169487
0.218375 0.392183 0.161996
0.882724 0.0607695 0.170254
0.324719 0.0771561 0.166736
0.798874 0.22286 0.147808
0.164295 0.26855 0.184242
0.312631 0.345246 0.179063
0.136079 0.059284 0.163964
0.319908 0.55746 0.150649
0.704891 0.428464 0.175091
0.487184 0.154423 0.235845
0.378056 0.189929 0.212726
0.221844 0.213619 0.167449
0.355585 0.29807 0.171209
0.399395 0.18611 0.23582
0.112037 0.0730234 0.174948
0.630648 0.121996 0.165997
0.366028 0.539555 0.215651
0.738191 0.49018 0.30154
0.385613 0.553591 0.16399
0.705431 0.442821 0.160346
0.03905 0.188621 0.169643
0.454272 0.160782 0.225407
0.199339 0.0396483 0.165528
0.371127 0.429149 0.169699
0.499106 0.173251 0.230066
0.352936 0.531951 0.173866
0.352197 0.552109 0.1426
0.131669 0.237508 0.15908
0.410146 0.41527 0.1805
0.758729 0.315533 0.190991
0.222036 0.212461 0.161266
0.469218 0.183228 0.178261
0.173777 0.11496 0.157724
0.0623725 0.310815 0.175807
0.193002 0.384989 0.169108
0.404623 0.178377 0.235826
0.382494 0.181339 0.163404
0.3194 0.338015 0.179494
0.493729 0.199394 0.166629
0.36228 0.534585 0.18698
0.468567 0.132405 0.230098
0.248049 0.254573 0.19646
0.247759 0.210246 0.19229
0.250517 0.263946 0.145954
0.710907 0.420373 0.168884
0.437908 0.173137 0.176195
0.492045 0.227065 0.17646
0.850835 0.0600812 0.170285
0.255262 0.389385 0.162052
0.101162 0.352636 0.171111
0.934527 0.319236 0.16878
0.621078 0.366022 0.160078
0.6728 0.337253 0.172909
0.366844 0.547054 0.213395
0.411032 0.548207 0.183606
0.707481 0.058877 0.167407
0.0474232 0.263739 0.173356
0.110303 0.360529 0.165562
0.823644 0.0409522 0.169732
0.441553 0.222951 0.230026
0.74108 0.494537 0.0697843
0.686704 0.489772 0.170336
0.264154 0.284663 0.185142
0.278826 0.301346 0.190442
0.350524 0.187028 0.207032
0.338224 0.188109 0.205598
0.756813 0.50823 0.174592
0.445559 0.168634 0.235834
0.729098 0.399237 0.132686
0.444893 0.434897 0.167778
0.33022 0.0841699 0.168701
0.221423 0.215305 0.15866
0.29063 0.53558 0.194661
0.354398 0.319105 0.16533
0.428996 0.534585 0.18055
0.686924 0.108374 0.177064
0.620168 0.197115 0.169906
0.0325624 0.25378 0.16325
0.437875 0.430505 0.177516
0.462928 0.434009 0.161338
0.114561 0.351484 0.170287
0.7293 0.37696 0.189038
0.356252 0.125045 0.171691
0.307851 0.36549 0.163074
0.423579 0.294791 0.178872
0.947041 0.282543 0.168307
0.0786125 0.098341 0.164935
0.818727 0.381653 0.176325
0.860893 0.368807 0.16528
0.0735803 0.318969 0.165581
0.437692 0.180593 0.19478
0.786494 0.382789 0.169458
0.381323 0.24299 0.16947
0.39305 0.185306 0.124949
0.231033 0.0390451 0.169227
0.532617 0.244515 0.175863
0.263699 0.281264 0.15436
0.113313 0.0701206 0.175336
0.664352 0.445855 0.168451
0.377254 0.413283 0.174897
0.417696 0.201051 0.230044
0.0475078 0.263199 0.175875
0.443521 0.414858 0.162265
0.279065 0.194901 0.197955
0.695313 0.451029 0.167022
0.448182 0.216126 0.100526
0.269154 0.273399 0.147543
0.647501 0.309247 0.174301
0.752818 0.507739 0.0571649
0.730345 0.503523 0.164048
0.754641 0.509989 0.0817847
0.225481 0.178382 0.187114
0.803691 0.390281 0.17695
0.749819 0.491824 0.0489007
0.751833 0.498727 0.296277
0.882409 0.361427 0.17582
0.386534 0.360673 0.165195
0.339582 0.554972 0.189382
0.898742 0.343375 0.170915
0.70147 0.410131 0.204072
0.372501 0.549303 0.142009
0.522923 0.433937 0.1805
0.706734 0.175951 0.157991
0.750329 0.507743 0.187011
0.730072 0.426078 0.163507
0.447884 0.131049 0.235864
0.406624 0.302278 0.177143
0.689172 0.356489 0.165969
