0.773533 0.0331185 0.212006
0.637292 0.223084 0.205474
0.756022 0.589784 0.277315
0.195515 0.363387 0.197711
0.345901 0.266567 0.192657
0.638103 0.370311 0.195975
0.447431 0.301469 0.110166
0.72022 0.400255 0.203266
0.459864 0.189061 0.163062
0.945718 0.296434 0.189996
0.297879 0.329571 0.191272
0.617942 0.468933 0.20694
0.21775 0.213603 0.168714
0.296216 0.356544 0.150283
0.21218 0.193131 0.213289
0.0769728 0.111139 0.189648
0.340706 0.294234 0.194006
0.164579 0.359459 0.194895
0.757087 0.588345 0.129922
0.224608 0.229771 0.233595
0.0861317 0.305268 0.198998
0.75295 0.306274 0.170828
0.70538 0.516246 0.206778
0.212252 0.0294092 0.210672
0.73221 0.0373742 0.207243
0.110692 0.358176 0.191808
0.877708 0.330992 0.192426
0.646874 0.118871 0.188243
0.163182 0.0547975 0.193227
0.700067 0.0528476 0.207175
0.069489 0.27794 0.191272
0.124967 0.16477 0.205374
0.0587583 0.175479 0.191272
0.699978 0.534645 0.192677
0.79716 0.206892 0.185905
0.341465 0.119094 0.243978
0.469336 0.0727224 0.295414
0.727422 0.0729491 0.204368
0.326323 0.379512 0.182572
0.949097 0.206955 0.205281
0.457064 0.0896772 0.262813
0.0948732 0.350058 0.197784
0.727391 0.380325 0.211841
0.659355 0.388231 0.193918
0.688052 0.395397 0.205877
0.190439 0.206221 0.213682
0.783917 0.581748 0.0879957
0.94704 0.112371 0.195262
0.690085 0.416822 0.207373
0.736338 0.423178 0.199183
0.760412 0.581552 0.222081
0.376755 0.219723 0.212875
0.332656 0.124089 0.196183
0.386246 0.220449 0.191262
0.737356 0.590179 0.138919
0.052576 0.198319 0.191272
0.452885 0.181417 0.165473
0.828235 0.0551926 0.192628
0.111055 0.0936319 0.208591
0.803035 0.0376536 0.188243
0.443546 0.189375 0.178178
0.354845 0.522083 0.155467
0.50284 0.167591 0.242026
0.453903 0.30212 0.103881
0.0589282 0.194846 0.209449
0.432829 0.0756088 0.306013
0.453934 0.0731617 0.304436
0.31012 0.35535 0.226122
0.532448 0.457189 0.209141
0.511011 0.460103 0.210352
0.401416 0.358506 0.208798
0.467601 0.309332 0.126088
0.312174 0.356565 0.204796
0.160184 0.0331699 0.194054
0.717607 0.362764 0.188243
0.475638 0.201064 0.209772
0.86229 0.374381 0.206211
0.206327 0.357387 0.206336
0.382614 0.540223 0.214024
0.221479 0.229287 0.212908
0.742989 0.0653717 0.210162
0.722245 0.540479 0.194557
0.449721 0.229522 0.245014
0.37403 0.504218 0.201558
0.395692 0.373432 0.195318
0.124826 0.340985 0.198824
0.796834 0.209225 0.199327
0.726682 0.480258 0.198695
0.62543 0.134701 0.200708
0.446331 0.206154 0.219302
0.955051 0.189192 0.188884
0.46615 0.290036 0.143508
0.228987 0.24248 0.227623
0.691551 0.346036 0.212875
0.192965 0.201768 0.232838
0.815371 0.362464 0.205902
0.74379 0.581406 0.135351
0.656312 0.145572 0.203268
0.741184 0.584148 0.275525
0.747339 0.587218 0.370683
0.86273 0.346932 0.210162
0.424662 0.25412 0.237376
0.427154 0.277911 0.190856
0.666115 0.226079 0.203847
0.660287 0.39133 0.196241
0.365067 0.228853 0.206699
0.472244 0.0733929 0.300224
0.207536 0.209375 0.228956
0.774566 0.0723744 0.198266
0.785718 0.228658 0.182324
0.439325 0.208086 0.190398
0.313162 0.0614987 0.208513
0.203204 0.217145 0.213686
0.10747 0.329546 0.19486
0.409717 0.166496 0.2431
0.183823 0.0293706 0.192577
0.633904 0.199709 0.192975
0.342251 0.426921 0.192937
0.689699 0.355095 0.19294
0.155346 0.155863 0.193794
0.745929 0.34271 0.229436
0.755509 0.587891 0.239402
0.335101 0.530786 0.19681
0.452059 0.303104 0.139945
0.387614 0.466297 0.205381
0.346918 0.410405 0.219724
0.279912 0.339179 0.221803
0.239501 0.319206 0.19676
0.899466 0.312901 0.205239
0.400634 0.471053 0.202641
0.835525 0.358108 0.200642
0.797201 0.207148 0.202495
0.053611 0.251059 0.209201
0.823761 0.127254 0.192124
0.468052 0.0749109 0.283355
0.659651 0.276364 0.210162
0.430882 0.2062 0.204987
0.461561 0.226281 0.234129
0.388408 0.415543 0.208026
0.612293 0.335612 0.210216
0.341286 0.294706 0.192852
0.357898 0.209308 0.201052
0.215731 0.19495 0.225124
0.511513 0.250833 0.195297
0.263204 0.0501587 0.212875
0.0755715 0.282922 0.191272
0.329497 0.323312 0.212875
0.82711 0.221746 0.216793
0.709112 0.413722 0.203757
0.368933 0.506872 0.199835
0.361304 0.286576 0.212875
0.507405 0.211288 0.243978
0.825329 0.220782 0.216952
0.701455 0.532171 0.205873
0.147489 0.351609 0.204732
0.80892 0.375333 0.188243
0.406988 0.404033 0.20067
0.380006 0.44581 0.185579
0.294599 0.368227 0.200202
0.349856 0.400966 0.180713
0.37963 0.502538 0.19467
0.409844 0.256102 0.238665
0.184926 0.211748 0.228783
0.462108 0.155457 0.232728
0.890203 0.0878519 0.191272
0.460324 0.186733 0.258698
0.452817 0.0801534 0.275188
0.191057 0.0444813 0.212227
0.448682 0.196945 0.244125
0.45718 0.115028 0.264739
0.732284 0.598249 0.312093
0.790019 0.363848 0.195748
0.337532 0.283161 0.202935
0.86612 0.338424 0.202444
0.275978 0.0451858 0.189265
0.589872 0.301766 0.1969
0.457058 0.19292 0.203729
0.704351 0.0503868 0.193725
0.431712 0.297921 0.116856
0.793432 0.216733 0.17152
0.345328 0.395858 0.217646
0.392234 0.122667 0.243978
0.256794 0.356053 0.194142
0.911096 0.310535 0.197978
0.79283 0.221454 0.222107
0.738257 0.592994 0.265019
0.458172 0.467359 0.208739
0.359362 0.55066 0.194869
0.423837 0.203566 0.247969
0.0817755 0.112333 0.205853
0.637893 0.118021 0.209763
0.947574 0.185894 0.197495
0.743682 0.0593219 0.193167
0.432736 0.0755907 0.297012
0.477121 0.219074 0.234391
0.834794 0.35902 0.204928
0.869576 0.237573 0.210689
0.736553 0.467309 0.200703
0.213987 0.206054 0.166674
0.521861 0.255852 0.191847
0.880675 0.330973 0.191272
0.383181 0.520983 0.177568
0.75264 0.591664 0.0680626
0.0842416 0.291919 0.199005
0.314461 0.360044 0.182232
0.0341899 0.257799 0.207469
0.462876 0.168987 0.248803
0.234406 0.0388273 0.188243
0.442814 0.190447 0.187413
0.456625 0.188025 0.170472
0.483541 0.211742 0.210495
0.29007 0.0690377 0.210605
0.816887 0.296482 0.191804
0.419637 0.225258 0.2431
0.45407 0.0726443 0.266462
0.629846 0.255606 0.188243
0.262843 0.281095 0.225436
0.3172 0.198471 0.226705
0.574518 0.311881 0.198928
0.342264 0.238562 0.241221
0.732082 0.44755 0.20148
0.322436 0.348577 0.204141
0.63299 0.245375 0.188509
0.471448 0.0686981 0.294582
0.450099 0.460074 0.210507
0.447518 0.202148 0.207252
0.750779 0.590325 0.359377
0.441026 0.258351 0.243495
0.18607 0.363088 0.199263
0.652287 0.461801 0.210159
0.100241 0.322524 0.198725
0.72153 0.342647 0.191272
0.168526 0.072016 0.199459
0.842064 0.0521355 0.18915
0.466782 0.310224 0.118889
0.778653 0.0368881 0.188243
0.298827 0.362566 0.208499
0.295444 0.197436 0.221419
0.728415 0.400088 0.197561
0.183394 0.361851 0.197096
0.29795 0.0785951 0.200469
0.920982 0.130025 0.199249
0.670725 0.115743 0.191272
0.753644 0.586153 0.2633
0.735919 0.38359 0.202083
0.791054 0.584988 0.0525048
0.356716 0.197012 0.216486
0.445623 0.24782 0.243978
0.181168 0.0277118 0.204191
0.280353 0.398368 0.209958
0.325645 0.378283 0.182625
0.726092 0.465292 0.207609
0.0864517 0.106977 0.197877
0.453637 0.194997 0.181191
0.207003 0.209302 0.208778
0.064724 0.269559 0.201389
0.782031 0.213709 0.177782
0.78775 0.211692 0.177015
0.537401 0.271665 0.19248
0.604407 0.339939 0.202388
0.750944 0.59906 0.261806
0.758677 0.589674 0.103058
0.685527 0.311581 0.201179
0.287702 0.237061 0.207317
0.221095 0.0518194 0.191426
0.452551 0.301841 0.117642
0.299688 0.339108 0.180829
0.748489 0.588852 0.158225
0.751007 0.599915 0.137626
0.736603 0.587762 0.0287958
0.710398 0.551647 0.211563
0.37303 0.491434 0.202193
0.37059 0.52275 0.18516
0.447547 0.16973 0.261804
0.87271 0.129233 0.206691
0.0856898 0.310352 0.208465
0.731533 0.411213 0.20745
0.452185 0.195354 0.191384
0.729056 0.377619 0.203645
0.737458 0.597402 0.283376
0.439502 0.176967 0.182649
0.644829 0.368522 0.209847
0.858718 0.0576396 0.212486
0.497675 0.21713 0.19407
0.949051 0.203978 0.193123
0.367505 0.12242 0.239595
0.686959 0.468068 0.193417
0.303767 0.341086 0.180945
0.21804 0.225138 0.211794
0.459226 0.470074 0.205483
0.360857 0.518419 0.243697
0.208576 0.203237 0.190413
0.286253 0.335407 0.19539
0.730477 0.572373 0.201867
0.283224 0.393627 0.201978
0.688116 0.314624 0.2046
0.913994 0.295622 0.193691
0.211826 0.111415 0.206063
0.562441 0.464332 0.210025
0.0533771 0.196448 0.191272
0.413624 0.271037 0.204331
0.858627 0.142333 0.207937
0.726991 0.403459 0.195297
0.487462 0.139746 0.241705
0.752209 0.603287 0.103355
0.506042 0.205454 0.239594
0.726659 0.35376 0.190634
0.30123 0.181001 0.206209
0.359084 0.529693 0.160522
0.199359 0.190541 0.212559
0.285313 0.0545008 0.188243
0.0516977 0.184281 0.196356
0.248228 0.166952 0.209943
0.741531 0.3796 0.208231
0.934448 0.139676 0.197113
0.401165 0.290918 0.218842
0.950254 0.117023 0.202385
0.204227 0.171979 0.235712
0.217473 0.154554 0.239792
0.366356 0.119036 0.239595
0.845765 0.036738 0.191754
0.933349 0.296835 0.188243
0.818255 0.145009 0.188489
0.331363 0.122366 0.207145
0.690631 0.0980363 0.207066
0.120254 0.0681106 0.188378
0.708949 0.22961 0.209206
0.871052 0.35397 0.188243
0.277775 0.418202 0.192481
0.345355 0.145195 0.210162
0.422741 0.230967 0.240442
0.197899 0.0470696 0.191103
0.369765 0.441943 0.18557
0.0729365 0.0876184 0.207469
0.268152 0.130848 0.206156
0.843523 0.0570654 0.193461
0.621667 0.26713 0.195475
0.352846 0.266584 0.206906
0.744332 0.355238 0.218237
0.277775 0.409081 0.218155
0.210743 0.364086 0.198928
0.739465 0.607763 0.0664487
0.905595 0.334522 0.212875
0.759321 0.335882 0.231105
0.603976 0.337312 0.194869
0.361283 0.240357 0.20044
0.444836 0.235127 0.165329
0.534078 0.462724 0.190705
0.352329 0.514376 0.241417
0.914572 0.296092 0.191272
0.946658 0.179456 0.192527
0.35582 0.233784 0.199519
0.439884 0.537336 0.204591
0.444007 0.194785 0.253327
0.433811 0.240718 0.240442
0.722998 0.343064 0.191272
0.659444 0.125772 0.210053
0.455462 0.0779603 0.276226
0.396265 0.452867 0.197939
0.299563 0.0890065 0.207806
0.335855 0.117521 0.207419
0.843957 0.311374 0.206065
0.710188 0.41657 0.194918
0.249856 0.264071 0.226131
0.746536 0.587571 0.0374375
0.740774 0.370072 0.2484
0.424343 0.211929 0.235386
0.4853 0.213489 0.233058
0.204986 0.0576704 0.202536
0.280353 0.427258 0.189383
0.712169 0.539293 0.206295
0.421573 0.281482 0.195459
0.327355 0.193077 0.181983
0.50743 0.212518 0.243978
0.697212 0.337267 0.190383
0.430947 0.529283 0.183175
0.831396 0.0628108 0.193194
0.692852 0.333071 0.190666
0.930594 0.322089 0.192335
0.0401395 0.275623 0.206798
0.817679 0.384654 0.209071
0.735535 0.402066 0.199751
0.631186 0.346277 0.192124
0.280353 0.413083 0.214645
0.140059 0.367843 0.212875
0.299875 0.200835 0.179661
0.610282 0.208149 0.200074
0.753496 0.5929 0.335902
0.470733 0.0747544 0.277023
0.779946 0.0448685 0.189228
0.852027 0.353288 0.195679
0.297925 0.253961 0.205994
0.465079 0.196623 0.248803
0.427403 0.244985 0.191231
0.768514 0.583565 0.105776
0.777885 0.58713 0.308878
0.761597 0.355781 0.191272
0.712228 0.34469 0.208352
0.723833 0.0415806 0.208145
0.106065 0.190454 0.195654
0.761961 0.0965994 0.196067
0.456809 0.209271 0.159973
0.280353 0.424867 0.191373
0.735015 0.370072 0.188243
0.271575 0.173823 0.19295
0.107024 0.12783 0.199144
0.798113 0.363879 0.207817
0.364071 0.523915 0.216176
0.732796 0.590825 0.0532661
0.860908 0.040859 0.193753
0.277775 0.413989 0.202195
0.450666 0.179597 0.211399
0.377889 0.45611 0.195779
0.895931 0.108608 0.202437
0.733102 0.039083 0.210088
0.611479 0.470243 0.204882
0.218861 0.20221 0.213866
0.296156 0.0783198 0.20507
0.417593 0.469339 0.194378
0.458276 0.199175 0.170057
0.89211 0.346413 0.212875
0.76944 0.608412 0.130102
0.754346 0.597338 0.0253108
0.140983 0.35016 0.197277
0.247179 0.132294 0.194113
0.798414 0.363855 0.200275
0.745861 0.581746 0.269777
0.762894 0.59688 0.265839
0.539278 0.271748 0.191716
0.395131 0.24432 0.237376
0.232189 0.118176 0.243979
0.120364 0.0550689 0.212051
0.346483 0.532011 0.162245
0.768116 0.601373 0.261243
0.183037 0.0546949 0.210162
0.406231 0.541727 0.205626
0.420661 0.271183 0.20383
0.45256 0.294871 0.106847
0.239432 0.201407 0.227034
0.319283 0.241602 0.235728
0.639795 0.181925 0.191272
0.829138 0.0612378 0.191272
0.716096 0.364939 0.188847
0.439854 0.53458 0.216463
0.679237 0.110032 0.205657
0.822933 0.263171 0.212679
0.347931 0.516747 0.166185
0.560287 0.285727 0.21041
0.748183 0.605795 0.0339236
0.400785 0.292789 0.209966
0.748871 0.57207 0.19132
0.190612 0.356509 0.209668
0.4302 0.297679 0.121963
0.326677 0.369007 0.220265
0.447631 0.17487 0.261061
0.383041 0.459037 0.194461
0.755535 0.356865 0.210162
0.698879 0.541926 0.20503
0.22772 0.200914 0.213166
0.668262 0.305045 0.194513
0.147327 0.0604428 0.193406
0.815235 0.0433047 0.212876
0.346819 0.537559 0.235597
0.437945 0.175602 0.202211
0.446088 0.195911 0.243555
0.910978 0.323998 0.212875
0.704166 0.340365 0.192064
0.222707 0.174259 0.190787
0.697472 0.336332 0.191196
0.42436 0.543403 0.195372
0.82943 0.0371361 0.188361
0.723728 0.361365 0.212875
0.126954 0.370305 0.205313
0.31657 0.0950115 0.202906
0.149688 0.0695211 0.205318
0.214146 0.201405 0.169788
0.114042 0.0910814 0.197128
0.737524 0.607354 0.340039
0.0568528 0.203199 0.199962
0.790456 0.0328862 0.188703
0.21014 0.206792 0.216636
0.68907 0.0783132 0.188243
0.857624 0.369124 0.188433
0.847199 0.355064 0.197397
0.753969 0.595501 0.143754
0.46498 0.176901 0.248803
0.41795 0.309531 0.190358
0.750744 0.590487 0.0788709
0.0334241 0.259211 0.204734
0.871571 0.0448037 0.206493
0.747558 0.261964 0.21087
0.290412 0.334495 0.214858
0.367163 0.13974 0.188243
0.75001 0.304428 0.173806
0.649174 0.104544 0.189811
0.405416 0.270025 0.192569
0.436803 0.176744 0.204489
0.429004 0.173887 0.244918
0.750344 0.587157 0.172463
0.418825 0.462753 0.210718
0.826171 0.200486 0.216129
0.0373887 0.145438 0.206003
0.0527899 0.164004 0.190695
0.266351 0.233473 0.231032
0.730195 0.561924 0.203348
0.11445 0.332697 0.204526
0.256106 0.349416 0.201934
0.636606 0.229483 0.204241
0.414578 0.355721 0.207625
0.600973 0.31187 0.203515
0.376946 0.538413 0.219987
0.883575 0.338356 0.208566
0.746621 0.342101 0.17006
0.78622 0.261698 0.213889
0.751917 0.300844 0.227595
0.430848 0.535077 0.202077
0.160348 0.216228 0.210269
0.350685 0.300622 0.212875
0.741395 0.607446 0.369968
0.430123 0.293473 0.111461
0.736677 0.36487 0.176612
0.302689 0.0831788 0.204395
0.695625 0.329848 0.192444
0.271561 0.0673423 0.210162
0.347171 0.529136 0.160549
0.669213 0.119312 0.210162
0.289507 0.0646871 0.188473
0.410895 0.380786 0.195973
0.695035 0.408215 0.209487
0.465731 0.294396 0.120393
0.872177 0.0671253 0.19011
0.202219 0.388355 0.194252
0.288592 0.344443 0.184301
0.366536 0.189474 0.178904
0.0459375 0.22476 0.189485
0.735107 0.318043 0.196853
0.0995868 0.340155 0.188243
0.365711 0.27182 0.212875
0.239216 0.199825 0.23084
0.448418 0.19968 0.194369
0.294235 0.0816478 0.191272
0.775248 0.214794 0.181862
0.670259 0.331073 0.188243
0.51134 0.191075 0.239594
0.736882 0.0671284 0.191272
0.185984 0.0345897 0.188251
0.626195 0.281844 0.201014
0.718184 0.485196 0.211295
0.734771 0.350107 0.173558
0.0367461 0.269314 0.203158
0.190753 0.052267 0.198512
0.363787 0.50627 0.196125
0.225553 0.0450773 0.211976
0.124913 0.348811 0.18902
0.855657 0.0418291 0.190148
0.337758 0.118203 0.196626
0.748874 0.0569677 0.201895
0.356487 0.511855 0.15542
0.720083 0.553501 0.196878
0.470629 0.0769059 0.314307
0.280382 0.322139 0.231446
0.796126 0.191484 0.220684
0.713352 0.203484 0.190881
0.712796 0.461465 0.191154
0.973384 0.195544 0.196333
0.480005 0.137114 0.240442
0.465753 0.157886 0.242914
0.761285 0.577885 0.195354
0.405892 0.408977 0.201225
0.757743 0.592093 0.279962
0.802325 0.219806 0.220429
0.279117 0.343344 0.186981
0.107911 0.202526 0.19532
0.441386 0.191647 0.193343
0.468104 0.29876 0.134421
0.210517 0.124666 0.231831
0.830957 0.359238 0.194533
0.193381 0.18862 0.245603
0.241642 0.188195 0.191088
0.766431 0.380167 0.18871
0.187436 0.204033 0.222622
0.446026 0.0855744 0.266158
0.337201 0.131348 0.210162
0.270317 0.0642697 0.199189
0.357435 0.132087 0.188243
0.318676 0.31823 0.197575
0.89094 0.0598478 0.190211
0.946729 0.204851 0.191272
0.757218 0.581558 0.209634
0.193028 0.215819 0.22594
0.468672 0.544492 0.197637
0.533816 0.273165 0.20348
0.448266 0.0790484 0.316764
0.0925568 0.344953 0.192064
0.734806 0.404836 0.19745
0.451476 0.303179 0.117275
0.350703 0.425339 0.182458
0.473716 0.0784362 0.307495
0.898876 0.0925072 0.206217
0.785408 0.213961 0.223582
0.345086 0.268723 0.202742
0.941247 0.116577 0.188275
0.851185 0.265886 0.191596
0.74918 0.329132 0.224203
0.962443 0.178963 0.212876
0.721335 0.419462 0.192075
0.469322 0.155664 0.232728
0.822694 0.358117 0.210162
0.324767 0.0923977 0.212384
0.443576 0.185551 0.212763
0.942761 0.166343 0.210162
0.320794 0.201417 0.22314
0.774657 0.20828 0.181746
0.197609 0.135557 0.241336
0.765911 0.354581 0.186915
0.354543 0.175389 0.198304
0.709657 0.0573254 0.188243
0.746647 0.606685 0.0319552
0.532247 0.262885 0.210086
0.345689 0.294352 0.189493
0.886229 0.0780615 0.191936
0.0287082 0.176737 0.196628
0.779509 0.360674 0.210162
0.637888 0.469802 0.195403
0.74807 0.580797 0.141996
0.706252 0.47998 0.193647
0.663556 0.387515 0.191611
0.867984 0.0704108 0.208516
0.828692 0.354654 0.191272
0.382649 0.502348 0.203892
0.152229 0.161411 0.194083
0.583073 0.464567 0.209909
0.930634 0.113827 0.188243
0.34073 0.190198 0.178704
0.877395 0.338976 0.195212
0.186403 0.189996 0.189012
0.0765547 0.294029 0.202065
0.119592 0.294183 0.203014
0.718033 0.557166 0.208789
0.782838 0.586872 0.317726
0.775961 0.194151 0.182348
0.356755 0.110815 0.211074
0.375966 0.254228 0.188243
0.677291 0.308249 0.191272
0.470733 0.076284 0.292526
0.110068 0.320872 0.191272
0.286146 0.37673 0.202818
0.457552 0.199127 0.161727
0.637502 0.363752 0.191816
0.277775 0.401227 0.209628
0.76011 0.331411 0.178465
0.461389 0.184642 0.175548
0.334956 0.529294 0.198099
0.711192 0.537616 0.211563
0.923103 0.0817654 0.196452
0.194169 0.389582 0.199915
0.40392 0.27738 0.202766
0.728574 0.39115 0.180364
0.735874 0.390961 0.223197
0.647093 0.24256 0.210162
0.407405 0.281592 0.219433
0.0841672 0.309899 0.209698
0.382835 0.190318 0.2218
0.527537 0.456148 0.208385
0.938953 0.174207 0.196477
0.287698 0.354634 0.246584
0.940267 0.259468 0.205802
0.22762 0.027197 0.206143
0.425055 0.191589 0.210248
0.379269 0.442597 0.189325
0.430107 0.298543 0.13959
0.636407 0.227821 0.196459
0.945995 0.234616 0.210162
0.210356 0.210502 0.169759
0.315585 0.325773 0.208963
0.214945 0.152195 0.230113
0.101652 0.312836 0.203658
0.198721 0.0309096 0.189614
0.743539 0.579421 0.267172
0.215077 0.205783 0.166174
0.36014 0.27065 0.188384
0.770985 0.0277369 0.205739
0.212138 0.208747 0.169362
0.958911 0.214537 0.188243
0.926528 0.275109 0.193567
0.263017 0.29314 0.175386
0.940364 0.168876 0.191272
0.315203 0.201648 0.224243
0.468052 0.0672089 0.277357
0.415773 0.258636 0.218843
0.395318 0.168456 0.240442
0.0503452 0.217589 0.205717
0.681622 0.388686 0.196024
0.542904 0.463665 0.190843
0.204791 0.150821 0.230113
0.772198 0.13066 0.191137
0.752408 0.0342816 0.210692
0.513958 0.23846 0.21007
0.969272 0.207523 0.211422
0.709623 0.531077 0.205091
0.177888 0.379842 0.212551
0.726128 0.42879 0.190512
0.421388 0.193563 0.211815
0.802234 0.0581598 0.206924
0.447775 0.17132 0.220021
0.72931 0.403866 0.200441
0.746583 0.596557 0.274123
0.08958 0.29903 0.207665
0.713842 0.460431 0.199117
0.148834 0.379078 0.20647
0.7607 0.577126 0.180726
0.388588 0.232217 0.202648
0.466193 0.1754 0.247551
0.733118 0.41725 0.192313
0.221891 0.202858 0.232709
0.159252 0.218853 0.210726
0.393973 0.444037 0.191833
0.344676 0.427901 0.19024
0.492031 0.167479 0.240442
0.67935 0.348669 0.205838
0.0583497 0.203617 0.201599
0.910114 0.269528 0.202491
0.447765 0.120718 0.266803
0.434136 0.0733781 0.296717
0.921011 0.296948 0.196701
0.748407 0.187014 0.214358
0.416597 0.356817 0.203498
0.878626 0.072152 0.210408
0.910445 0.310498 0.20038
0.256139 0.0578027 0.199174
0.355717 0.181989 0.201207
0.747911 0.590082 0.293567
0.148856 0.352226 0.2058
0.343903 0.190551 0.18262
0.237575 0.201742 0.21254
0.748206 0.362134 0.162891
0.639395 0.177715 0.198809
0.751236 0.589858  0.025
0.773978 0.609964 0.285032
0.492401 0.234748 0.199921
0.697188 0.534277 0.19821
0.4219 0.331115 0.197015
0.521867 0.456043 0.192813
0.76197 0.202762 0.183673
0.908718 0.18998 0.205808
0.649763 0.28864 0.21272
0.202561 0.177877 0.245603
0.740722 0.593968 0.26743
0.932372 0.125891 0.211238
0.383917 0.247004 0.207525
0.754231 0.36211 0.23739
0.356194 0.545336 0.225656
0.755238 0.384981 0.195588
0.320589 0.0930393 0.190991
0.754213 0.595442 0.297541
0.747322 0.577932 0.13966
0.203024 0.222533 0.188277
0.63955 0.228601 0.210162
0.205964 0.191954 0.18669
0.945345 0.165269 0.194007
0.863763 0.343539 0.191272
0.359991 0.163547 0.206244
0.589131 0.46769 0.192888
0.237813 0.122268 0.241394
0.898398 0.101359 0.194111
0.124946 0.332198 0.192202
0.700578 0.550289 0.197934
0.808612 0.0468358 0.211046
0.312854 0.325169 0.196757
0.434136 0.0775067 0.275705
0.710385 0.332632 0.200044
0.451494 0.195365 0.212108
0.524083 0.46764 0.208385
0.0677597 0.276769 0.200086
0.741693 0.572271 0.195358
0.0469218 0.216452 0.190427
0.110551 0.0787434 0.190375
0.172868 0.361371 0.20475
0.766386 0.156966 0.213243
0.25031 0.0302928 0.198839
0.911127 0.105152 0.201827
0.97189 0.227193 0.193943
0.356536 0.312537 0.198517
0.749333 0.58973 0.12925
0.445212 0.249713 0.239831
0.357492 0.194465 0.198978
0.659129 0.0914748 0.211177
0.709118 0.369056 0.197857
0.953871 0.25791 0.212876
0.0720038 0.322178 0.190141
0.165024 0.361857 0.191503
0.350601 0.189162 0.219183
0.738514 0.586174 0.0620904
0.244066 0.382795 0.210148
0.445015 0.150661 0.235386
0.737908 0.262776 0.209993
0.499614 0.452649 0.199169
0.431816 0.304943 0.143095
0.205128 0.138405 0.231831
0.1939 0.195027 0.237018
0.316259 0.241214 0.238849
0.727479 0.485461 0.200837
0.765149 0.0591257 0.191272
0.0617109 0.111903 0.188418
0.923103 0.333137 0.196062
0.646903 0.266042 0.19828
0.690288 0.169046 0.205717
0.428768 0.125635 0.239594
0.277775 0.43726 0.196802
0.698383 0.549902 0.205622
0.0646173 0.269302 0.200796
0.539662 0.264318 0.210331
0.748614 0.357638 0.161476
0.34389 0.520467 0.236283
0.873367 0.07371 0.199594
0.213042 0.121011 0.243979
0.873008 0.334079 0.196094
0.949834 0.205889 0.198103
0.711795 0.362113 0.188434
0.756155 0.0623117 0.207339
0.672019 0.119191 0.209244
0.277775 0.416064 0.186421
0.113481 0.0708131 0.212875
0.77305 0.203187 0.183136
0.304627 0.0800341 0.191878
0.259894 0.0427608 0.212875
0.33578 0.116674 0.200536
0.246773 0.264947 0.23198
0.0580833 0.163469 0.194053
0.192456 0.198798 0.223766
0.20685 0.221443 0.227316
0.446081 0.193499 0.183865
0.470629 0.0742329 0.313643
0.370615 0.536035 0.171963
0.389974 0.427488 0.210491
0.203898 0.225299 0.22013
0.146081 0.36671 0.212875
0.189933 0.356391 0.209466
0.423267 0.153097 0.242914
0.574884 0.470742 0.20376
0.859913 0.0736008 0.195928
0.379153 0.264688 0.207268
0.448884 0.184601 0.24301
0.0628017 0.297622 0.188243
0.218289 0.151212 0.240967
0.270012 0.29438 0.223421
0.650262 0.373428 0.209874
0.44389 0.543348 0.190359
0.44789 0.16082 0.262979
0.628846 0.285806 0.197424
0.0406697 0.280702 0.202266
0.030184 0.166001 0.200258
0.248815 0.380868 0.210724
0.836271 0.180645 0.186328
0.0761711 0.29866 0.209542
0.384249 0.199595 0.211572
0.0460232 0.125606 0.195044
0.0673341 0.093746 0.207546
0.615608 0.24281 0.194346
0.967712 0.213155 0.189003
0.737422 0.367058 0.161691
0.443929 0.171656 0.215375
0.322761 0.175455 0.204357
0.638485 0.158596 0.211181
0.134777 0.149584 0.194911
0.359541 0.522876 0.157806
0.650851 0.362585 0.207803
0.64582 0.465716 0.209303
0.0896555 0.143771 0.202436
0.477665 0.171256 0.233014
0.442655 0.188839 0.188683
0.27125 0.317951 0.229232
0.129447 0.35008 0.189686
0.0952492 0.283094 0.198432
0.108239 0.327721 0.196664
0.397167 0.441022 0.194356
0.900693 0.0829313 0.188243
0.368722 0.509278 0.195859
0.344907 0.429667 0.208612
0.340058 0.308134 0.188243
0.324506 0.311824 0.207561
0.421149 0.183147 0.212019
0.701799 0.0788737 0.197207
0.707888 0.463636 0.191275
0.138922 0.34774 0.209349
0.0863874 0.120469 0.193902
0.431051 0.453353 0.196485
0.959083 0.223789 0.212876
0.367974 0.184641 0.210814
0.318573 0.324334 0.19085
0.254865 0.356714 0.205521
0.382747 0.154848 0.200856
0.388619 0.185479 0.21613
0.946112 0.238481 0.201917
0.35239 0.318352 0.202949
0.692319 0.348628 0.212875
0.948171 0.187849 0.199984
0.558034 0.453485 0.204832
0.20993 0.365228 0.205279
0.313488 0.338653 0.212875
0.726264 0.341783 0.198203
0.398819 0.245925 0.239594
0.263194 0.363189 0.212656
0.631394 0.137778 0.212045
0.501957 0.467931 0.208223
0.299131 0.0657442 0.212875
0.948297 0.134425 0.188243
0.266418 0.0560979 0.189802
0.932446 0.283404 0.208496
0.486525 0.148214 0.2431
0.468104 0.301851 0.110846
0.892899 0.178763 0.207508
0.734824 0.597204 0.106175
0.685333 0.40285 0.21004
0.20225 0.209913 0.166575
0.779943 0.22243 0.226526
0.636685 0.209576 0.210162
0.718796 0.504206 0.200212
0.0877505 0.334639 0.21266
0.225979 0.19229 0.210775
0.183386 0.361237 0.191272
0.754494 0.592877 0.299619
0.908882 0.0782132 0.188243
0.948447 0.186984 0.198156
0.57189 0.298631 0.19086
0.359028 0.138468 0.188243
0.282563 0.338003 0.191272
0.69061 0.0970424 0.191272
0.524429 0.255064 0.210206
0.32043 0.316303 0.205212
0.144469 0.351842 0.196355
0.36608 0.197349 0.194072
0.453299 0.212679 0.159238
0.946207 0.238083 0.20838
0.409151 0.254262 0.244784
0.972052 0.219616 0.193459
0.745737 0.374834 0.155323
0.917738 0.121727 0.200133
0.456418 0.289042 0.155511
0.812778 0.0895586 0.204888
0.355578 0.543915 0.170879
0.560223 0.273066 0.202027
0.531095 0.471146 0.202031
0.814787 0.192923 0.183483
0.472244 0.0762207 0.292523
0.206324 0.213464 0.234426
0.279293 0.316208 0.224804
0.782478 0.05824 0.194114
0.300378 0.363253 0.206398
0.503104 0.167132 0.242844
0.750291 0.357934 0.195173
0.753695 0.598123 0.261087
0.265888 0.178106 0.192428
0.278024 0.407483 0.219818
0.44067 0.132602 0.240442
0.376461 0.263584 0.190222
0.345122 0.55163 0.219156
0.584113 0.459772 0.210068
0.0929362 0.311665 0.191272
0.908241 0.0763875 0.188726
0.417521 0.531147 0.196385
0.897953 0.136012 0.197006
0.8514 0.264829 0.190436
0.332064 0.380733 0.176515
0.211685 0.229455 0.214663
0.0940894 0.314376 0.209544
0.34577 0.0976244 0.21182
0.357408 0.16122 0.194193
0.704398 0.556978 0.194156
0.265823 0.286571 0.1714
0.755131 0.359648 0.157381
0.274716 0.29641 0.225763
0.456519 0.205755 0.196437
0.457257 0.126776 0.263121
0.380622 0.473157 0.192753
0.756752 0.585388 0.207358
0.291755 0.341195 0.205784
0.638809 0.290409 0.212362
0.851335 0.352696 0.192451
0.462245 0.174472 0.205012
0.748351 0.606724 0.099847
0.774425 0.35635 0.194112
0.688278 0.08871 0.206799
0.268212 0.289957 0.22953
0.620341 0.173591 0.211871
0.44457 0.16721 0.256204
0.952596 0.170111 0.188336
0.848851 0.17761 0.187883
0.363757 0.445036 0.199929
0.424133 0.204615 0.242914
0.159533 0.132474 0.207127
0.719081 0.33796 0.20414
0.307058 0.193154 0.177338
0.403775 0.27809 0.200486
0.746868 0.574446 0.227432
0.765269 0.36969 0.188523
0.457649 0.140789 0.259004
0.830409 0.0493112 0.189372
0.24652 0.16112 0.209733
0.496399 0.199031 0.242914
0.306959 0.322198 0.210162
0.775028 0.0825984 0.196374
0.460703 0.194346 0.194321
0.0642956 0.315321 0.208892
0.75405 0.592858 0.303809
0.950117 0.267075 0.188243
0.278173 0.066068 0.196171
0.920237 0.0978367 0.188243
0.742033 0.357499 0.226975
0.45949 0.13818 0.240442
0.716872 0.419963 0.202922
0.400371 0.345357 0.20123
0.787844 0.337683 0.202691
0.646093 0.355228 0.2051
0.725328 0.362156 0.188243
0.373632 0.544681 0.18933
0.41577 0.189027 0.235386
0.733332 0.389674 0.17324
0.463415 0.533018 0.202496
0.802841 0.0358088 0.188243
0.674553 0.46016 0.209932
0.0540322 0.170398 0.206413
0.449669 0.1505 0.235095
0.264097 0.0604284 0.20296
0.72291 0.402738 0.199782
0.732773 0.593855 0.033888
0.75076 0.605408 0.0544512
0.31047 0.156962 0.197662
0.241651 0.206519 0.172729
0.35705 0.517726 0.245574
0.736984 0.588386 0.365479
0.167382 0.315355 0.196587
0.439318 0.174333 0.213001
0.699373 0.52938 0.206458
0.750038 0.374525 0.149572
0.750446 0.305751 0.23723
0.769525 0.0519401 0.196474
0.736411 0.606615 0.0513023
0.884576 0.0808987 0.194457
0.761774 0.241334 0.215534
0.931449 0.111141 0.212876
0.217004 0.226753 0.212437
0.448941 0.179924 0.171611
0.749649 0.571404 0.202085
0.2547 0.349898 0.209416
0.757369 0.585061 0.256973
0.248938 0.358676 0.204752
0.35949 0.30068 0.190222
0.491534 0.452591 0.199886
0.153397 0.312519 0.197905
0.644809 0.184457 0.196772
0.663169 0.324576 0.212483
0.730363 0.343634 0.203151
0.755879 0.0614618 0.191272
0.65591 0.291851 0.19079
0.454001 0.117299 0.26699
0.0919709 0.0766016 0.212613
0.753656 0.592977 0.276218
0.326794 0.381958 0.219889
0.24999 0.0517382 0.190318
0.2462 0.105577 0.197354
0.654977 0.324003 0.207375
0.695338 0.065282 0.212875
0.819955 0.060348 0.209506
0.435729 0.142857 0.2431
0.448496 0.537941 0.195591
0.509491 0.176321 0.241223
0.239838 0.17066 0.210849
0.468309 0.301769 0.138933
0.63153 0.233632 0.212007
0.734058 0.363786 0.188243
0.321908 0.094337 0.190883
0.742201 0.355442 0.226938
0.463256 0.143716 0.2431
0.941233 0.187498 0.191823
0.393654 0.166778 0.242574
0.637082 0.195178 0.202929
0.792951 0.0495974 0.194483
0.341676 0.522656 0.218916
0.276214 0.3261 0.226413
0.171627 0.0568099 0.191272
0.485036 0.221393 0.209296
0.838804 0.359977 0.192267
0.0514386 0.149028 0.212875
0.843092 0.04097 0.188321
0.632986 0.145395 0.188243
0.305504 0.222818 0.195185
0.145307 0.0644264 0.206485
0.100586 0.323531 0.196271
0.290814 0.0750458 0.206962
0.452233 0.294381 0.127371
0.337932 0.132975 0.207474
0.791641 0.360595 0.210162
0.292362 0.203225 0.226071
0.149047 0.177473 0.208809
0.446657 0.170821 0.195763
0.763534 0.589561 0.105515
0.445168 0.0730449 0.31206
0.419532 0.175493 0.232728
0.316728 0.352861 0.20577
0.451693 0.224974 0.246932
0.1306 0.0936885 0.202035
0.136667 0.0566984 0.188243
0.295684 0.0675544 0.188243
0.203997 0.137346 0.229926
0.449294 0.191394 0.24301
0.447869 0.184472 0.259427
0.361626 0.188865 0.221693
0.900702 0.0737603 0.188243
0.437624 0.183845 0.220073
0.43995 0.256061 0.244784
0.577052 0.463104 0.190856
0.500798 0.225451 0.243978
0.946081 0.186691 0.210162
0.674579 0.0696839 0.197417
0.649749 0.273441 0.197062
0.750393 0.0329052 0.208276
0.264351 0.0615756 0.20734
0.78707 0.0513562 0.195411
0.0302095 0.242402 0.19453
0.883001 0.0879686 0.198561
0.406118 0.19763 0.241322
0.656849 0.467886 0.207936
 0.777 0.471211 0.215266
0.544468 0.265107 0.209352
0.307591 0.0554523 0.196663
0.24731 0.0562063 0.191395
0.482865 0.152603 0.2431
0.810501 0.334231 0.196724
0.387541 0.543156 0.199894
0.364467 0.215184 0.196076
0.277166 0.325695 0.178961
0.711594 0.543658 0.198682
0.209362 0.204524 0.224131
0.704683 0.0589891 0.212876
0.202757 0.224703 0.168613
0.367458 0.500324 0.205025
0.448935 0.13539 0.255404
0.890608 0.329556 0.205666
0.709523 0.53165 0.190723
0.455832 0.178303 0.177228
0.175166 0.386311 0.205082
0.750547 0.319434 0.168532
0.205831 0.0576085 0.208558
0.777339 0.586176 0.289173
0.876138 0.364629 0.210669
0.851405 0.0655066 0.191272
0.277775 0.435616 0.205877
0.268368 0.121419 0.243237
0.308614 0.0585078 0.19239
0.759047 0.354785 0.214759
0.788093 0.0294279 0.190757
0.271055 0.33757 0.201119
0.717187 0.554666 0.203668
0.434534 0.199813 0.248803
0.162032 0.0582667 0.192704
0.955964 0.269528 0.188755
0.616836 0.231086 0.211029
0.801163 0.246868 0.186145
0.74316 0.6079 0.0449528
0.770521 0.381618 0.18923
0.657172 0.0869381 0.19677
0.31269 0.199207 0.219981
0.651541 0.373779 0.210031
0.213542 0.163307 0.21122
0.452688 0.176214 0.219995
0.0565956 0.218974 0.191272
0.409198 0.242926 0.239594
0.340079 0.530867 0.174072
0.577485 0.314856 0.200574
0.218321 0.0446725 0.211648
0.143204 0.0726972 0.193409
0.215855 0.217813 0.21722
0.588717 0.30071 0.196851
0.545303 0.456142 0.208343
0.710297 0.560607 0.199882
0.206119 0.214087 0.212957
0.750982 0.303695 0.227443
0.357648 0.195562 0.193625
0.339597 0.285811 0.191272
0.384136 0.172974 0.192391
0.971312 0.187204 0.207884
0.500412 0.452647 0.20196
0.937359 0.291641 0.212876
0.724627 0.0670777 0.207079
0.18343 0.0573649 0.191272
0.364214 0.197356 0.205156
0.372934 0.532713 0.228658
0.724761 0.462356 0.204351
0.941781 0.233754 0.200824
0.200789 0.179057 0.223557
0.410025 0.153763 0.240442
0.757296 0.372339 0.188243
0.113945 0.0911641 0.198109
0.665004 0.28962 0.191272
0.355132 0.312552 0.194344
0.0633448 0.25674 0.210162
0.75345 0.584677 0.124439
0.640362 0.168448 0.198054
0.615746 0.164054 0.200375
0.287331 0.317202 0.179081
0.423488 0.537827 0.213476
0.723901 0.422232 0.210348
0.342421 0.318205 0.212875
0.668062 0.310144 0.210765
0.323174 0.249493 0.203912
0.909242 0.335735 0.212875
0.309504 0.117728 0.243979
0.748346 0.327586 0.229521
0.355297 0.179036 0.19968
0.375207 0.510054 0.23683
0.473462 0.0696435 0.295423
0.704095 0.203053 0.192546
0.89228 0.0954038 0.20959
0.939644 0.153726 0.202771
0.416779 0.356112 0.197739
0.95335 0.149158 0.212876
0.777758 0.586734 0.309195
0.39347 0.523435 0.198115
0.451749 0.223615 0.232728
0.211071 0.197105 0.169765
0.223488 0.196914 0.188826
0.769968 0.585974 0.285843
0.45787 0.207415 0.168651
0.293708 0.120297 0.239595
0.286194 0.0444142 0.194115
0.973602 0.216372 0.204651
0.0485467 0.285264 0.21116
0.845997 0.377522 0.210235
0.357726 0.198345 0.204076
0.220752 0.209617 0.227305
0.252148 0.24419 0.192307
0.448729 0.0723168 0.296307
0.321513 0.369428 0.175602
0.646085 0.261418 0.191333
0.22954 0.185622 0.212319
0.744664 0.323729 0.226666
0.808054 0.188314 0.21711
0.455536 0.535237 0.203319
0.701517 0.324591 0.200377
0.812267 0.356242 0.192939
0.505669 0.462562 0.210501
0.214666 0.193294 0.187073
0.690264 0.419885 0.204266
0.432736 0.0806401 0.289584
0.594174 0.320937 0.209964
0.712834 0.477658 0.205077
0.213428 0.235934 0.189218
0.31318 0.195887 0.227056
0.247895 0.211763 0.190128
0.253182 0.266615 0.229154
0.472434 0.192365 0.195147
0.753295 0.332526 0.178673
0.809973 0.0516131 0.198853
0.86359 0.339663 0.207038
0.736996 0.0464896 0.188243
0.708731 0.53931 0.207025
0.226775 0.0487941 0.192121
0.378436 0.527773 0.22841
0.712731 0.556958 0.208304
0.345087 0.285035 0.2039
0.941443 0.158666 0.204979
0.33642 0.197693 0.176144
0.213898 0.166431 0.235712
0.146365 0.156624 0.19431
0.749852 0.591049 0.110142
0.403353 0.541976 0.196593
0.468308 0.293635 0.134789
0.286671 0.319733 0.228538
0.368668 0.242398 0.238593
0.371572 0.514304 0.165647
0.486693 0.145332 0.2431
0.289883 0.0731626 0.197802
0.345674 0.297802 0.212791
0.589564 0.317689 0.191356
0.746215 0.289845 0.233618
0.80673 0.367023 0.1913
0.0474709 0.127827 0.191584
0.538421 0.468192 0.193234
0.0955881 0.338508 0.188243
0.296211 0.357244 0.246498
0.307365 0.201068 0.174624
0.476539 0.169157 0.235386
0.17193 0.0359703 0.212515
0.697804 0.0833596 0.203205
0.381658 0.513016 0.199277
0.270867 0.343578 0.197591
0.290045 0.120941 0.242159
0.278909 0.0558082 0.188243
0.741189 0.608053 0.332214
0.372138 0.544655 0.186048
0.647603 0.273202 0.208248
0.346953 0.322913 0.207401
0.445314 0.15465 0.254195
0.766907 0.113228 0.193827
0.75491 0.352708 0.242231
0.776013 0.586646 0.103345
0.756713 0.592311 0.280249
0.082488 0.11471 0.206176
0.362888 0.229478 0.19783
0.414029 0.18578 0.182229
0.661274 0.292167 0.207767
0.787273 0.384889 0.190305
0.198555 0.274572 0.20799
0.282138 0.307132 0.17684
0.161956 0.065166 0.198711
0.94231 0.21833 0.191431
0.45559 0.074039 0.284462
0.187723 0.356005 0.191564
0.382348 0.44757 0.21118
0.0738408 0.113586 0.212162
0.384367 0.532265 0.221796
0.404501 0.244227 0.23814
0.723322 0.482385 0.191724
0.456274 0.30213 0.106665
0.911711 0.105755 0.202908
0.940631 0.183263 0.194054
0.646335 0.148689 0.195251
0.389851 0.217411 0.199627
0.375167 0.439716 0.21755
0.111161 0.355494 0.21147
0.68423 0.342836 0.212875
0.45318 0.456483 0.208797
0.645352 0.37718 0.196063
0.867972 0.0442371 0.193273
0.40144 0.252973 0.238436
0.746492 0.581696 0.204557
0.384116 0.177337 0.210121
0.793475 0.583717 0.33493
0.201954 0.219854 0.232505
0.318819 0.0643219 0.206479
0.704067 0.35239 0.188243
0.720145 0.409204 0.20215
0.433531 0.293504 0.105103
0.264238 0.353505 0.202567
0.210809 0.210906 0.196986
0.190365 0.225283 0.212233
0.350321 0.159953 0.207018
0.116198 0.0571013 0.211792
0.452887 0.07869 0.319844
0.0694485 0.151095 0.209869
0.732392 0.379041 0.203695
0.644684 0.12308 0.212875
0.0649608 0.270131 0.203648
0.654441 0.30097 0.188243
0.732257 0.368161 0.162872
0.322755 0.376683 0.222381
0.845048 0.0412936 0.212678
0.367979 0.505904 0.199722
0.37469 0.462203 0.203682
0.6787 0.0710572 0.210619
0.392137 0.429701 0.190263
0.749452 0.253147 0.212955
0.224972 0.20241 0.213576
0.922685 0.307386 0.212534
0.441164 0.187969 0.208111
0.160835 0.0415133 0.212875
0.445449 0.24517 0.240547
0.721274 0.554277 0.19935
0.134192 0.360743 0.188243
0.553839 0.287348 0.192639
0.282362 0.312268 0.222069
0.806409 0.213553 0.180326
0.350799 0.095439 0.205816
0.777918 0.363277 0.202911
0.153426 0.0377961 0.210641
0.308916 0.333056 0.2107
0.213002 0.118755 0.243514
0.346998 0.188916 0.202174
0.43373 0.190931 0.183769
0.767305 0.605974 0.284646
0.820785 0.0278616 0.201674
0.80173 0.368019 0.190558
0.66369 0.243846 0.203011
0.381742 0.261872 0.202385
0.438173 0.263455 0.244784
0.734988 0.345054 0.172516
0.667436 0.337342 0.193864
0.954393 0.150881 0.212876
0.815776 0.385246 0.192527
0.399236 0.516303 0.220992
0.884031 0.080462 0.19683
0.732993 0.351958 0.191774
0.457517 0.197813 0.182735
0.909107 0.100984 0.206564
0.271771 0.347936 0.187977
0.18079 0.359251 0.210162
0.358373 0.251002 0.200631
0.636362 0.119185 0.192608
0.215228 0.205842 0.188589
0.76974 0.589226 0.105927
0.426261 0.313331 0.200366
0.146126 0.0640252 0.208059
0.44832 0.191162 0.179068
0.355059 0.552521 0.201718
0.753268 0.571023 0.18234
0.635085 0.118857 0.206572
0.304978 0.1201 0.243979
0.728191 0.389442 0.177187
0.748042 0.319082 0.23774
0.454383 0.282452 0.154211
0.752862 0.597903 0.321274
0.8347 0.0369767 0.211859
0.746338 0.58696 0.356811
0.677977 0.318996 0.19138
0.712598 0.560342 0.205749
0.676281 0.144896 0.203365
0.786106 0.582125 0.0808905
0.452074 0.191102 0.242914
0.18963 0.247679 0.191364
0.940354 0.181316 0.195014
0.37635 0.199214 0.212875
0.447785 0.0790696 0.271495
0.414761 0.278474 0.202669
0.358117 0.535392 0.163958
0.125088 0.346194 0.210857
0.431385 0.211171 0.207445
0.756403 0.569819 0.205259
0.945913 0.263638 0.18894
0.426838 0.170729 0.242914
0.489547 0.197478 0.235386
0.373479 0.19771 0.217272
0.431357 0.0786573 0.309719
0.882545 0.35574 0.212875
0.631347 0.270148 0.188243
0.400592 0.513896 0.222486
0.407012 0.279503 0.214402
0.370707 0.135459 0.190227
0.73829 0.60677 0.354791
0.351119 0.423162 0.219156
0.731565 0.558299 0.202466
0.357079 0.263765 0.208432
0.198689 0.213938 0.234447
0.045535 0.200607 0.189673
0.758862 0.57548 0.168692
0.662574 0.333661 0.20494
0.204463 0.130902 0.227502
0.791372 0.0396037 0.188243
0.64826 0.26667 0.194618
0.374038 0.230154 0.212875
0.405264 0.27077 0.188326
0.57233 0.309723 0.198592
0.935773 0.16258 0.205222
0.201602 0.0476033 0.209164
0.620619 0.337159 0.191818
0.637895 0.21971 0.210162
0.790363 0.216932 0.172455
0.268332 0.293026 0.230098
0.230534 0.149114 0.192229
0.41106 0.166119 0.242534
0.34087 0.190974 0.218611
0.670954 0.0730167 0.205154
0.906854 0.267401 0.203283
0.408933 0.465026 0.190889
0.775131 0.190323 0.183452
0.0481052 0.218515 0.209507
0.0492767  0.281 0.188443
0.219681 0.0530228 0.210162
0.6239 0.276109 0.200444
0.357734 0.187066 0.201275
0.630186 0.204602 0.18954
0.470629 0.082018 0.295643
0.9405 0.125494 0.188243
0.844088 0.0584564 0.205242
0.200073 0.195315 0.234699
0.361633 0.294618 0.211519
0.647393 0.146356 0.204638
0.932265 0.257065 0.20147
0.430929 0.211427 0.206974
0.753902 0.586119 0.12004
0.893375 0.0962808 0.208389
0.177877 0.376472 0.188243
0.579074 0.295392 0.192962
0.754592 0.357913 0.217219
0.465731 0.300586 0.121393
0.719763 0.338378 0.193809
0.382074 0.45615 0.192133
0.0570181 0.293525 0.188243
0.752358 0.362673 0.244917
0.753952 0.569165 0.200899
0.773628 0.585233 0.0954359
0.898412 0.326539 0.192507
0.221478 0.0258253 0.197613
0.446799 0.30351 0.104655
0.751414 0.591191 0.249991
0.918451 0.333804 0.190897
0.379034 0.511007 0.205907
0.361541 0.176756 0.197608
0.0568248 0.246474 0.191694
0.445175 0.182379 0.182687
0.425616 0.251118 0.209652
0.654467 0.264665 0.192119
0.0512483 0.219344 0.199579
0.222864 0.114256 0.206239
0.376863 0.21897 0.212875
0.401825 0.427915 0.201745
0.776671 0.0948102 0.195757
0.896407 0.245387 0.206739
0.935384 0.143439 0.202831
0.446505 0.299333 0.131144
0.34949 0.547044 0.172489
0.660434 0.129334 0.191272
0.34198 0.0944719 0.18875
0.411581 0.261616 0.208386
0.431969 0.306969 0.150653
0.709509 0.527668 0.198347
0.479742 0.20284 0.232819
0.757996 0.402253 0.203508
0.705706 0.560239 0.209941
0.342281 0.402523 0.222273
0.0719287 0.131017 0.192732
0.340272 0.116795 0.243978
0.481683 0.235436 0.2431
0.406115 0.524774 0.219596
0.737632 0.587678 0.376031
0.728887 0.346114 0.210162
0.889544 0.334633 0.191531
0.81794 0.145227 0.189102
0.778747 0.0520108 0.191366
0.285504 0.0556127 0.212875
0.438922 0.192159 0.191117
0.489393 0.209013 0.20673
0.28689 0.056467 0.188243
0.858037 0.342383 0.206826
0.425698 0.150779 0.240971
0.446753 0.211673 0.244009
0.823274 0.386197 0.196675
0.832828 0.35885 0.192177
0.393633 0.188001 0.240547
0.468741 0.186708 0.19373
0.471219 0.149664 0.242914
0.96354 0.259646 0.191514
0.753579 0.300423 0.165649
0.776283 0.245335 0.184894
0.213841 0.153356 0.230113
0.307589 0.348979 0.18163
0.348289 0.409877 0.222394
0.774124 0.36901 0.189504
0.364369 0.207258 0.19232
0.419549 0.140997 0.2431
0.644214 0.225574 0.207013
0.45421 0.0972228 0.26777
0.711557 0.53767 0.201119
0.470629 0.0767807 0.298658
0.213664 0.186683 0.215574
0.161439 0.0653428 0.193577
0.311683 0.262876 0.204242
0.646849 0.13704 0.211324
0.286464 0.339937 0.182586
0.738683 0.349402 0.175175
0.189431 0.188468 0.236455
0.0534074 0.17685 0.197413
0.737507 0.607335 0.341278
0.416036 0.227921 0.240442
0.0766654 0.0920283 0.212606
0.650317 0.288027 0.212259
0.287156 0.342593 0.194151
0.097475 0.308525 0.205831
0.326417 0.320042 0.212059
0.731711 0.599142 0.0673954
0.330793 0.340469 0.194173
0.112191 0.108994 0.198513
0.301873 0.0825248 0.202538
0.402478 0.284465 0.217837
0.133062 0.131456 0.196816
0.391991 0.524681 0.184849
0.744272 0.0652147 0.210162
0.72852 0.401718 0.19871
0.665746 0.299844 0.202758
0.250969 0.351175 0.206342
0.258378 0.0404195 0.212734
0.579423 0.462277 0.210329
0.633591 0.343412 0.196112
0.0488719 0.1491 0.212875
0.751951 0.587328 0.109622
0.752234 0.350675 0.216139
0.645941 0.152096 0.199342
0.357244 0.192723 0.206692
0.358957 0.188483 0.210162
0.577679 0.290312 0.196863
0.353809 0.293911 0.212875
0.684087 0.315654 0.191272
0.851659 0.149523 0.210474
0.636797 0.217501 0.193983
0.749086 0.588106 0.238749
0.388054 0.539535 0.187578
0.43836 0.297631 0.118758
0.743972 0.359624 0.234781
0.870253 0.0718015 0.192774
0.714991 0.0613484 0.188243
0.0482608 0.249969 0.212875
0.289371 0.340136 0.220439
0.791623 0.583756 0.338577
0.78931 0.204016 0.18291
0.916292 0.251968 0.203453
0.451385 0.255279 0.165047
0.550836 0.455392 0.193526
0.455141 0.296994 0.149828
0.410794 0.52021 0.180876
0.431816 0.294124 0.150509
0.710513 0.0825752 0.206528
0.416084 0.463069 0.190423
0.775952 0.456117 0.215276
0.633415 0.455589 0.207666
0.703597 0.0745695 0.209657
0.347198 0.13447 0.20292
0.846788 0.379826 0.20657
0.454219 0.26154 0.154852
0.751832 0.35659 0.212447
0.418835 0.156607 0.242914
0.245802 0.235626  0.226
0.457159 0.182228 0.238116
0.764105 0.203481 0.184562
0.252866 0.161359 0.208206
0.160536 0.0652314 0.191272
0.950139 0.184575 0.208161
0.178701 0.283712 0.19478
0.0980357 0.337655 0.188243
0.712501 0.526852 0.205907
0.8494 0.360305 0.189374
0.263667 0.355602 0.194829
0.673796 0.10695 0.191272
0.729438 0.548462 0.202087
0.733468 0.602453 0.10233
0.835876 0.0401671 0.188243
0.964225 0.147348 0.199886
0.166082 0.0528362 0.191539
0.649091 0.371549 0.210033
0.365684 0.146484 0.212875
0.812887 0.0426343 0.212876
0.107081 0.358509 0.206081
0.754268 0.362482 0.191818
0.826755 0.274517 0.211451
0.284227 0.336738 0.194074
0.954832 0.211466 0.189595
0.411402 0.526029 0.218802
0.664935 0.129289 0.201132
0.632175 0.177677 0.189032
0.422577 0.322773 0.206296
0.404784 0.273133 0.196851
0.863101 0.0591653 0.188438
0.168478 0.0562807 0.208554
0.214379 0.166947 0.237212
0.728742 0.570748 0.198079
0.465444 0.294469 0.150584
0.0583778 0.205412 0.203956
0.113866 0.351221 0.188243
0.0512341 0.149409 0.212875
0.452153 0.456377 0.208718
0.088164 0.0703786 0.203255
0.308081 0.319123 0.202174
0.457875 0.207306 0.167932
0.767898 0.385066 0.192574
0.592712 0.459256 0.191228
0.695227 0.0546277 0.204651
0.739966 0.385181 0.209969
0.788129 0.245085 0.216378
0.229805 0.080115 0.203083
0.769445 0.249567 0.17382
0.384895 0.506345 0.197756
0.737811 0.391498 0.215763
0.36639 0.200728 0.207146
0.563743 0.294393 0.191642
0.185097 0.0386062 0.188243
0.445431 0.183357 0.259627
0.368315 0.213347 0.191034
0.346125 0.423523 0.216786
0.167474 0.0686089 0.199809
0.453852 0.193379 0.182717
0.495854 0.237589 0.197985
0.741464 0.608406 0.345213
0.364275 0.543519 0.222351
0.186953 0.168786 0.211213
0.461915 0.0743259 0.310565
0.911288 0.322959 0.212875
0.405503 0.469347 0.20674
0.722942 0.396599 0.199756
0.428828 0.125173 0.240187
0.251046 0.275794 0.170955
0.780925 0.217736 0.170753
0.658985 0.275028 0.197535
0.704661 0.556242 0.189698
0.755489 0.57091 0.211269
0.739859 0.405795 0.197611
0.437623 0.301813 0.126666
0.910472 0.150112 0.19703
0.743102 0.269457 0.210443
0.78769 0.325822 0.204919
0.755417 0.228458 0.185236
0.468052 0.0754012 0.279796
0.952455 0.218756 0.190808
0.30565 0.332691 0.193637
0.431546 0.143563 0.2431
0.447735 0.29632 0.104226
0.478647 0.230689 0.2431
0.771317 0.052595 0.206822
0.0936755 0.0687396 0.192522
0.327899 0.106924 0.203074
0.631276 0.356425 0.209754
0.33882 0.398433 0.179218
0.766353 0.254624 0.167356
0.379856 0.458032 0.208536
0.680843 0.224329 0.205611
0.470853 0.204968 0.190833
0.823729 0.0532933 0.198057
0.476849 0.237617 0.2431
0.748505 0.354729 0.213716
0.373946 0.48786 0.202871
0.621455 0.268775 0.201656
0.751567 0.567891 0.200048
0.788953 0.218608 0.219468
0.736605 0.600591  0.118
0.580494 0.313065 0.193035
0.748232 0.335332 0.223808
0.935412 0.307927 0.212419
0.622347 0.331702 0.198421
0.337243 0.546282 0.187599
0.245913 0.363138 0.209489
0.922981 0.117361 0.193546
0.319339 0.318919 0.203972
0.81521 0.0399711 0.212876
0.748391 0.597214 0.133078
0.44993 0.206683 0.204947
0.0518876 0.206229 0.199486
 0.939 0.26299 0.200366
0.704809 0.351201 0.188243
0.462034 0.174324 0.21837
0.411571 0.190303 0.219705
0.7043 0.521566 0.206708
0.908516 0.33856 0.188851
0.470733 0.0688532 0.294837
0.336602 0.391425 0.216892
0.695146 0.358121 0.208505
0.73457 0.591335 0.115964
0.189055 0.387908 0.194981
0.905488 0.108676 0.191367
0.466361 0.179281 0.200862
0.75859 0.584624 0.247566
0.110864 0.332598 0.206637
0.740044 0.154071 0.18995
0.383882 0.448371 0.18836
0.787706 0.299694 0.209373
0.713655 0.463188 0.195435
0.340475 0.287261 0.191272
0.196514 0.198024 0.187182
0.447996 0.170548 0.216035
0.531946 0.254232 0.191419
0.254986 0.245533 0.192071
0.287812 0.338909 0.210162
0.433182 0.0810807 0.29272
0.277775 0.404978 0.185941
0.0790127 0.290348 0.210162
0.942592 0.233871 0.199775
0.951215 0.236122 0.1902
0.230069 0.24731 0.169561
0.641254 0.360471 0.191022
0.197108 0.281535 0.207254
0.624368 0.209293 0.212875
0.636739 0.213808 0.196719
0.274916 0.32118 0.178073
0.221151 0.379033 0.212875
0.210889 0.215552 0.229302
0.238284 0.234875 0.190157
0.457023 0.190954 0.219972
0.319589 0.0843962 0.188243
0.80602 0.177866 0.18387
0.452653 0.216474 0.248502
0.548171 0.270636 0.191146
0.363137 0.297239 0.209448
0.74571 0.586138 0.10957
0.936182 0.316963 0.206847
0.4735 0.15342 0.245436
0.275016 0.302223 0.171609
0.594686 0.330166 0.204052
0.701224 0.0553518 0.19035
0.101357 0.31959 0.210162
0.296351 0.335057 0.220439
0.466298 0.301954 0.111514
0.0701778 0.129671 0.206238
0.451075 0.178626 0.260445
0.196226 0.286047 0.206884
0.207818 0.20583 0.225357
0.879455 0.1503 0.193336
0.748916 0.326731 0.230464
0.283564 0.387261 0.201279
0.796405 0.364013 0.205731
0.716972 0.439902 0.208597
0.938035 0.248322 0.191272
0.408547 0.181307 0.23301
0.82505 0.360461 0.193678
0.075793 0.137616 0.197105
0.811332 0.0481383 0.21049
0.497382 0.189575 0.240442
0.231122 0.364075 0.20668
0.226054 0.164466 0.191428
0.873577 0.369712 0.205224
0.640605 0.154893 0.190421
0.0490873 0.207095 0.20694
0.40862 0.312439 0.205728
0.213507 0.0383898 0.212875
0.274265 0.372477 0.190277
0.149473 0.371717 0.212875
0.176093 0.0364165 0.188243
0.293975 0.252732 0.206069
0.432736 0.0710832 0.29575
0.417684 0.202277 0.242914
0.296434 0.241463 0.206644
0.072898 0.136127 0.191272
0.0499691 0.136376 0.188243
0.775952 0.444383 0.192368
0.847764 0.354935 0.196804
0.242092 0.371175 0.212875
0.531405 0.245869 0.201267
0.597263 0.30783 0.20134
0.949074 0.205558 0.208488
0.815562 0.387804 0.199345
0.945365 0.261245 0.189719
0.0729219 0.125469 0.204385
0.771678 0.588654 0.100953
0.701805 0.537795 0.206891
0.280642 0.316228 0.173191
0.14556 0.0715433 0.19356
0.744706 0.586231 0.278239
0.708407 0.541838 0.206964
0.45289 0.0750252 0.315425
0.489704 0.224083 0.2431
0.801687 0.252302 0.18677
0.746444 0.595649 0.138034
0.348658 0.518047 0.244199
0.227936 0.387906 0.20572
0.667281 0.11584 0.191272
0.355174 0.533052 0.239387
0.780937 0.0346072 0.212875
0.404672 0.464134 0.210503
0.257941 0.0503589 0.212843
0.702191 0.543074 0.193791
0.434393 0.305255 0.147712
0.390492 0.245944 0.239594
0.41577 0.270189 0.201475
0.646279 0.468342 0.207487
0.775952 0.454755 0.219394
0.44548 0.181944 0.227112
0.754979 0.583864 0.283997
0.351407 0.145263 0.210053
0.815458 0.216374 0.218368
0.214008 0.37819 0.212875
0.277775 0.414484 0.18864
0.426271 0.182385 0.185054
0.0881332 0.0997777 0.210612
0.269835 0.301592 0.20492
0.318089 0.381627 0.181789
0.346897 0.151366 0.204169
0.259272 0.233839 0.227167
0.213992 0.229158 0.189167
0.50343 0.157083 0.243978
0.737013 0.391918 0.18356
0.21062 0.19697 0.166645
0.780258 0.583688 0.296294
0.649198 0.272323 0.197226
0.696827 0.255132 0.193874
0.470629 0.0782467 0.295741
0.309499 0.347211 0.225897
0.191126 0.356606 0.210162
0.41955 0.343846 0.202715
0.446896 0.212534 0.248278
0.377877 0.236685 0.188243
0.107365 0.0932065 0.210162
0.773845 0.58782 0.294814
0.432829 0.077516 0.305521
0.704268 0.54974 0.207122
0.420134 0.539201 0.188807
0.46726 0.181137 0.190285
0.175488 0.36893 0.212334
0.207675 0.0479646 0.192554
0.800762 0.206204 0.182142
0.248303 0.362091 0.192172
0.263048 0.203031 0.1703
0.324613 0.368248 0.218796
0.0656715 0.142833 0.191773
0.199529 0.217877 0.214158
0.94964 0.238336 0.209986
0.346732 0.089047 0.199844
0.347508 0.134933 0.203242
0.334115 0.172173 0.203026
0.277775 0.414239 0.190284
0.204524 0.272644 0.209181
0.801251 0.207376 0.182062
0.465271 0.189811 0.242914
0.709615 0.140549 0.193996
0.787104 0.187284 0.183323
0.209796 0.218452 0.216636
0.247978 0.244993 0.191373
0.119194 0.335424 0.210162
0.196049 0.211797 0.214032
0.35713 0.257003 0.202574
0.769622 0.613894 0.298979
0.201509 0.229025 0.214395
0.434188 0.54501 0.201945
0.21628 0.0285542 0.209793
0.627492 0.233217 0.212875
0.203341 0.251294 0.21103
0.806901 0.206151 0.181569
0.203219 0.0578094 0.192008
0.219382 0.220823 0.188832
0.840474 0.254679 0.189119
0.145039 0.360267 0.212875
0.748143 0.588233 0.16007
0.451536 0.195365 0.21691
0.460826 0.546634 0.196302
0.254704 0.0442916 0.212875
0.94599 0.175294 0.209264
0.374217 0.21852 0.212875
0.246519 0.211388 0.189993
0.390786 0.512026 0.17439
0.260175 0.348023 0.191434
0.0867171 0.0972501 0.18887
0.776765 0.363862 0.197278
0.445661 0.181801 0.230442
0.635007 0.190513 0.193772
0.759704 0.576043 0.22801
0.752711 0.584151 0.282584
0.278584 0.117193 0.204261
0.644312 0.188951 0.208367
0.478873 0.216241 0.235386
0.211464 0.368412 0.210546
0.432736 0.0697166 0.289676
0.459249 0.202546 0.244512
0.310211 0.196158 0.220047
0.695343 0.544459 0.198459
0.421998 0.14186 0.2431
0.56243 0.288043 0.210397
0.427933 0.138312 0.241383
0.346071 0.527983 0.161809
0.0519128 0.207837 0.20989
0.153526 0.3472 0.195482
0.29041 0.348972 0.15682
0.886125 0.324834 0.206395
0.280985 0.236381 0.207851
0.385286 0.450211 0.189436
0.75127 0.582405 0.277847
0.388043 0.443512 0.21079
0.293552 0.239901 0.233835
0.690853 0.343016 0.212875
0.258242 0.286859 0.174449
0.495712 0.151148 0.240442
0.250647 0.352957 0.199946
0.779579 0.603237 0.134792
0.390858 0.515038 0.223686
0.352845 0.148734 0.200298
0.431816 0.298054 0.132692
0.158534 0.21684 0.209724
0.194472 0.204369 0.187346
0.388041 0.196642 0.215815
0.961076 0.247192 0.188243
0.46817 0.308168 0.146748
0.507692 0.212426 0.240928
0.365453 0.213928 0.196187
0.824593 0.123857 0.191441
0.552049 0.469045 0.206941
0.426139 0.247941 0.239594
0.433223 0.127645 0.239594
0.344542 0.190872 0.218056
0.210592 0.179127 0.245603
0.101583 0.322109 0.199429
0.938793 0.302605 0.21258
0.393469 0.446038 0.191773
0.710623 0.0721594 0.193978
0.447781 0.545762 0.205381
0.923701 0.0816314 0.199226
0.905076 0.306736 0.204775
0.239786 0.267082 0.208225
0.420881 0.275031 0.209837
0.182108 0.0323128 0.211251
0.0518166 0.113788 0.204926
0.12605 0.332874 0.197858
0.886104 0.0521621 0.196959
0.345643 0.29068 0.210219
0.3191 0.106967 0.193801
0.382996 0.454788 0.20938
0.751373 0.358559 0.230879
0.801069 0.244179 0.185171
0.418992 0.201994 0.232728
0.10553 0.0983501 0.201503
0.169194 0.352335 0.191272
0.323917 0.0699109 0.192909
0.65823 0.307026 0.212875
0.776225 0.466415 0.181148
0.755226 0.597665 0.13383
0.669813 0.341083 0.195702
0.645956 0.300644 0.188243
0.37407 0.17008 0.188243
0.0641037 0.268061 0.195121
0.736658 0.588739 0.364297
0.163209 0.0440186 0.212875
0.291227 0.330766 0.227098
0.436713 0.0750245 0.300231
0.27241 0.34882 0.213003
0.74968 0.318337 0.236218
0.389801 0.466607 0.20199
0.318447 0.335587 0.212875
