0.205436 0.266337 0.94768
0.225124 0.162828 0.955993
0.210545 0.0308851 0.849996
0.225127 0.238088 0.0381217
0.225448 0.276763 0.423054
0.206868 0.214594 0.366544
0.211392 0.557819 0.715255
0.207559 0.268522 0.545013
0.214686 0.0605207 0.869254
0.223896 0.557641 0.337387
0.374066 0.539837 0.722562
0.214866 0.0585277 0.265497
0.221813 0.210506 0.185414
0.386203 0.536695 0.714163
0.222114 0.120787 0.940179
0.193516 0.551241 0.711468
0.233952 0.295003 0.733713
0.228841 0.261299 0.238966
0.225447 0.466364 0.4901
0.220518 0.0462107 0.755671
0.19399 0.324298 0.732949
0.221092 0.0446554 0.158709
0.169293 0.304412 0.492912
0.205533 0.247125 0.958235
0.202366 0.178695 0.217885
0.205263 0.319958 0.906394
0.362981 0.559655 0.727846
0.230166 0.41583 0.68383
0.225026 0.191128 0.632474
0.20629 0.350338 0.871012
0.189818 0.235219 0.774444
0.165411 0.560189 0.719995
0.200819 0.549337 0.433121
0.206633 0.360747 0.233798
0.20601 0.469616 0.543926
0.20601 0.350864 0.404604
0.183404 0.524614 0.331841
0.218377 0.227025 0.0478949
0.242049 0.339724 0.714949
0.226201 0.210535 0.638815
0.213194 0.0927234 0.0615363
0.189709 0.247562 0.767621
0.224893 0.227662 0.963887
0.226401 0.114487 0.058021
0.231945 0.555977 0.387986
0.21026 0.214368 0.450256
0.195642 0.206775 0.252327
0.24367 0.167728 0.425913
0.229806 0.197434 0.376362
0.219531 0.226987 0.647181
0.217326 0.338984 0.266085
0.228984 0.356614 0.715095
0.225447 0.39031 0.409782
0.225448 0.221204 0.467895
0.216459 0.258059 0.419002
0.21191 0.556942 0.313763
0.208339 0.21451 0.426989
0.190015 0.276407 0.492104
0.197851 0.200398 0.233918
0.197507 0.185654 0.444494
0.209649 0.5449 0.727092
0.210978 0.15385 0.0328934
0.185281 0.557748 0.314408
0.223014 0.204923 0.46887
0.212645 0.272186 0.0438345
0.215668 0.371953 0.791685
0.2136 0.300442 0.660264
0.213941 0.336835 0.423138
0.202366 0.192125 0.41211
0.240971 0.224696 0.777714
0.206526 0.252003 0.3521
0.224371 0.0700791 0.0886469
0.239006 0.551942 0.393231
0.378227 0.561316 0.725621
0.195133 0.195586 0.36315
0.134091 0.55469 0.712848
0.0535028 0.550095 0.699021
0.220588 0.528681 0.677597
0.0588093 0.538325 0.719317
0.22187 0.194297 0.37256
0.24367 0.194784 0.44427
0.21406 0.0636768 0.0880008
0.191391 0.551246 0.729514
0.201507 0.209645 0.257544
0.225448 0.335021 0.622725
0.163701 0.557882 0.725866
0.220694 0.134083 0.943345
0.202366 0.182148 0.213119
0.22576 0.0400416 0.152235
0.230307 0.472598 0.679399
0.223217 0.33529 0.0970513
0.225447 0.477529 0.391808
0.209037 0.258361 0.53301
0.224118 0.11947 0.952456
0.22102 0.349842 0.23429
0.225447 0.409534 0.395477
0.202941 0.555698 0.68815
0.202366 0.169734 0.415789
0.202366 0.160901 0.412519
0.191307 0.194819 0.346999
0.206396 0.150462 0.640873
0.225148 0.230353 0.362592
0.198807 0.378177 0.329732
0.212113 0.138977 0.94373
0.20601 0.194837 0.191146
0.226297 0.167946 0.360075
0.214093 0.31625 0.670094
0.226634 0.15711 0.355329
0.223115 0.110616 0.646775
0.225357 0.0763628 0.312457
0.224968 0.209105 0.365533
0.215325 0.245145 0.948655
0.19417 0.304695 0.723447
0.0960275 0.537376 0.721259
0.192381 0.20844 0.327059
0.22156 0.10734 0.92937
0.217095 0.157207 0.968148
0.22302 0.0340389 0.142796
0.207429 0.390821 0.332376
0.20601 0.201719 0.407765
0.186417 0.548107 0.371533
0.200726 0.343748 0.708448
0.224962 0.338156 0.711322
0.207858 0.235993 0.367463
0.204875 0.0782597 0.308228
0.209519 0.212616 0.0442072
0.209516 0.133445 0.0558928
0.20601 0.472168 0.467521
0.190929 0.195736 0.446548
0.20601 0.395675 0.686941
0.20601 0.346445 0.635182
0.212811 0.52663 0.664063
0.223855 0.187216 0.627801
0.230307 0.487381 0.674702
0.207328 0.0388361 0.804225
0.347264 0.551501 0.732287
0.208648 0.457481 0.413102
0.20601 0.214241 0.469414
0.221871 0.0850879 0.931507
0.220352 0.228522 0.646779
0.239746 0.316689 0.284039
0.202366 0.166046 0.418741
0.044151 0.543231 0.725136
0.20601 0.468662 0.434157
0.216883 0.14633 0.0352272
0.216436 0.0439657 0.18986
0.20601 0.273208 0.53415
0.222076 0.189364 0.399529
0.230612 0.230032 0.210295
0.190419 0.227327 0.7801
0.214632 0.334413 0.871774
0.199667 0.18859 0.457072
0.194292 0.209263 0.263578
0.223147 0.34203 0.705942
0.197506 0.28771 0.496773
0.225199 0.265097 0.048371
0.191791 0.27362 0.753106
0.117855 0.545248 0.713306
0.211716 0.519476 0.664921
0.176406 0.553318 0.728685
0.202366 0.201253 0.815055
0.218061 0.345937 0.84205
0.214402 0.0614352 0.689118
0.225448 0.194882 0.411276
0.228263 0.427341 0.711992
0.200022 0.200022 0.281831
0.225447 0.187933 0.206728
0.335446 0.548485 0.732789
0.204954 0.0521369 0.731396
0.225448 0.242566 0.504337
0.144216 0.293452 0.469629
0.24367 0.145432 0.413984
0.225448 0.332682 0.417345
0.190171 0.55334 0.362952
0.188046 0.321389 0.717076
0.219907 0.446669 0.402726
0.233362 0.195434 0.309361
0.217955 0.08875 0.309784
0.207435 0.0283498 0.231613
0.210825 0.177299 0.0430523
0.20601 0.473387 0.655491
0.226934 0.209936 0.217541
0.20601 0.327996 0.420413
0.214989 0.22431 0.629166
0.213913 0.335269 0.271327
0.222708 0.250503 0.351135
0.21039 0.0843444 0.668754
0.262093 0.103964 0.39013
0.220872 0.147947 0.651821
0.233952 0.143665 0.416835
0.225448 0.259054 0.432238
0.220588 0.522954 0.671456
0.232479 0.384204 0.32743
0.220255 0.214428 0.809018
0.223065 0.0251534 0.820286
0.041257 0.553112 0.698066
0.211343 0.335766 0.303343
0.19601 0.553171 0.310746
0.202366 0.188214 0.812028
0.207066 0.315336 0.408497
0.20601 0.265147 0.535322
0.235251 0.274924 0.245056
0.225447 0.445528 0.389961
0.0310752 0.559084 0.723938
0.217056 0.261774 0.962172
0.217681 0.0730072 0.678832
0.216193 0.0660823 0.718314
0.219946 0.423139 0.351412
0.21895  0.025 0.7971
0.216767 0.263128 0.436835
0.213963 0.0432601 0.203001
0.213498 0.185104 0.95574
0.206907 0.383331 0.65239
0.196984 0.207018 0.241146
0.202366 0.209792 0.177123
0.223055 0.322028 0.921956
0.216153 0.259956 0.418654
0.22809 0.539995 0.438885
0.213383 0.479123 0.697608
0.225448 0.278386 0.551054
0.225311 0.460663 0.702736
0.202366 0.198686 0.798311
0.209462 0.476918 0.437546
0.218094 0.476918 0.569323
0.195927 0.541634 0.422232
0.224964 0.285218 0.932808
0.22347 0.112736 0.0472571
0.220588 0.525163 0.673306
0.199194 0.358316 0.304041
0.209097 0.558411 0.314939
0.226329 0.180365 0.808491
0.218978 0.457481 0.51502
0.236473 0.128258 0.409534
0.221496 0.31932 0.701848
0.0790629 0.566295 0.718478
0.219177 0.304492 0.3374
0.199936 0.453973 0.67992
0.20601 0.459585 0.567892
0.214531 0.530049 0.382222
0.224757 0.203619 0.425688
0.229093 0.188924 0.80314
0.216054 0.537111 0.662805
0.205514 0.0639652 0.701503
0.212391 0.46006 0.400237
0.211396 0.168487 0.0462805
0.299553 0.102631 0.377041
0.212218 0.449835 0.37092
0.227174 0.542887 0.438744
0.225447 0.468783 0.482019
0.214148 0.338908 0.299067
0.219563 0.290005 0.325997
0.225448 0.46897 0.60434
0.211805 0.312472 0.56762
0.202366 0.215777 0.451949
0.220132 0.18958 0.956877
0.224609 0.485422 0.389288
0.241028 0.148125 0.408964
0.214046 0.299724 0.65985
0.223096 0.363822 0.847031
0.19853 0.200086 0.228263
0.224251 0.145625 0.360552
0.206076 0.213117 0.363879
0.216063 0.460601 0.400137
0.211414 0.39439 0.393998
0.209431 0.476918 0.611906
0.226067 0.358925 0.178214
0.20601 0.365303 0.655572
0.209052 0.411971 0.347675
0.214318 0.161574 0.370285
0.20601 0.375475 0.415824
0.219392 0.457481 0.609948
0.233952 0.284853 0.735763
0.21492 0.0544527 0.85534
0.208062 0.476918 0.476436
0.207844 0.0269848 0.186556
0.241365 0.228898 0.772709
0.190348 0.193743 0.319732
0.213052 0.309322 0.690637
0.220588 0.540295 0.701765
0.211238 0.0406398 0.87235
0.197507 0.244404 0.463365
0.231892 0.207191 0.288364
0.219404 0.457481 0.643783
0.223721 0.0854049 0.0715949
0.0495138 0.546448 0.72693
0.199974 0.202651 0.373367
0.202366 0.205197 0.490848
0.216126 0.457481 0.472393
0.110228 0.547422 0.733949
0.209167 0.192664 0.425226
0.202366 0.241879 0.445136
0.242208 0.204114 0.305589
0.197447 0.526706 0.327935
0.199936 0.474786 0.671683
0.231221 0.184081 0.45488
0.216879 0.291555 0.572129
0.21518 0.132328 0.639295
0.207691 0.182302 0.960461
0.255045 0.0932926 0.362724
0.20601 0.236662 0.439142
0.189265 0.242859 0.769923
0.209176 0.259791 0.504596
0.238297 0.148971 0.409445
0.20601 0.267645 0.518239
0.205538 0.152882 0.0465812
0.147715 0.541749 0.721841
0.224952 0.198894 0.366782
0.220517 0.0354729 0.860509
0.20601 0.460954 0.617468
0.224474 0.12451 0.0471397
0.226618 0.332321 0.713064
0.218185 0.412878 0.409006
0.206063 0.34618 0.124641
0.225448 0.274747 0.526958
0.210382 0.0333314 0.255821
0.212527 0.188735 0.410538
0.22383 0.129008 0.356648
0.204092 0.218011 0.211276
0.380102 0.553881 0.699429
0.0326127 0.563724 0.719171
0.223588 0.349204 0.118168
0.221059 0.553807 0.432982
0.193373 0.303078 0.268467
0.202366 0.194394 0.196692
0.226426 0.287014 0.067079
0.202366 0.212617 0.447584
0.216082 0.476918 0.615127
0.223879 0.365121 0.172081
0.202305 0.35304 0.708762
0.221354 0.336745 0.274416
0.222908 0.153855 0.64846
0.20709 0.0857672 0.687302
0.216431 0.53508 0.697785
0.39255 0.565077 0.708557
0.224288 0.34907 0.2489
0.204848 0.310937 0.916264
0.325843 0.545741 0.732813
0.214476  0.025 0.829363
0.18788 0.559215 0.328741
0.201958 0.438328 0.366269
0.213313 0.5605 0.3236
0.222826 0.476918 0.511605
0.247909 0.0932806 0.362724
0.187788 0.272094 0.743086
0.247328 0.103964 0.382357
0.256247 0.103964 0.389212
0.216196 0.505799 0.667886
0.220902 0.337754 0.727891
0.224575 0.10448 0.941719
0.20601 0.456815 0.399997
0.217749 0.457481 0.671517
0.230307 0.455494 0.691082
0.206253 0.457481 0.417691
0.225559 0.334079 0.283118
0.202558 0.516644 0.346719
0.108654 0.565609 0.717531
0.208434 0.257904 0.347253
0.20601 0.244823 0.49971
0.223152 0.0684421 0.0843045
0.213859 0.367807 0.828825
0.236858 0.17094 0.432298
0.225448 0.271093 0.546043
0.20601 0.196686 0.398072
0.335537 0.539393 0.725787
0.210726 0.487761 0.665847
0.197506 0.291054 0.496891
0.222736 0.350186 0.162033
0.215439 0.369062 0.663775
0.204094 0.408277 0.717287
0.202366 0.200286 0.462865
0.218472 0.444054 0.676774
0.225448 0.224851 0.425581
0.266595 0.103964 0.405087
0.22398 0.0282054 0.827353
0.19373 0.321901 0.287882
0.19999 0.20575 0.216093
0.212604 0.126901 0.0603809
0.189442 0.238465 0.767975
0.225447 0.20836 0.207267
0.201832 0.389335 0.690455
0.207008 0.213111 0.434488
0.22427 0.0305073 0.761489
0.225448 0.468047 0.56131
0.224889 0.160072 0.037393
0.187788 0.264821 0.479125
0.204509 0.208184 0.364708
0.239529 0.322759 0.278057
0.215776 0.371593 0.210085
0.20601 0.461247 0.477431
0.326821 0.562897 0.71031
0.189295 0.338872 0.719864
0.238904 0.200314 0.278057
0.205122 0.0603848 0.715043
0.23145 0.180693 0.445564
0.235154 0.150246 0.410169
0.216684 0.0484146 0.243096
0.230612 0.194668 0.345498
0.226158 0.0950703 0.0773265
0.212025 0.218111 0.485217
0.223531 0.0613584 0.308249
0.225503 0.31247 0.0875694
0.225448 0.29482 0.558711
0.190525 0.227891 0.453086
0.233952 0.180533 0.435223
0.219413 0.36999 0.181907
0.232129 0.344993 0.298248
0.202366 0.156047 0.450676
0.222474 0.558312 0.399723
0.202101 0.196717 0.356047
0.221252 0.350373 0.716539
0.245302 0.557612 0.714841
0.206367 0.169842 0.958156
0.219912 0.313021 0.667521
0.214152 0.202692 0.0465471
0.202366 0.1855 0.414683
0.21946 0.439291 0.677965
0.223263 0.208939 0.371739
0.208392 0.0251633 0.808989
0.216334 0.345452 0.290159
0.20601 0.474299 0.602762
0.217441 0.0468688 0.712592
0.256921 0.528324 0.340631
0.220241 0.561395 0.320022
0.20714 0.0609947 0.90338
0.20601 0.207201 0.402624
0.228668 0.444073 0.676769
0.211344 0.542226 0.718334
0.206866 0.342757 0.603851
0.210364 0.429986 0.356415
0.219142 0.216094 0.805019
0.213605 0.52778 0.37271
0.193312 0.196537 0.273196
0.20601 0.249796 0.496181
0.213047 0.263922 0.360805
0.301199 0.547996 0.728393
0.24367 0.315789 0.722603
0.278252 0.0998565 0.408887
0.2093 0.21571 0.794758
0.205134 0.241805 0.357385
0.207683 0.0303279 0.842214
0.204889 0.0368347 0.200034
0.193349 0.339411 0.72944
0.207465 0.320525 0.318375
0.368507 0.537644 0.711545
0.206199 0.293401 0.665088
0.223946 0.402451 0.675263
0.230307 0.394421 0.706249
0.201086 0.346411 0.720248
0.213109 0.553457 0.434382
0.22642 0.301352 0.325598
0.220376 0.346724 0.154049
0.202366 0.143867 0.252756
0.221536 0.349317 0.284898
0.216987 0.176033 0.645504
0.226356 0.148322 0.353557
0.198362 0.301002 0.272472
0.26858 0.54769 0.72827
0.202366 0.223828 0.224699
0.218265 0.535934 0.698766
0.225447 0.446533 0.396249
0.202366 0.146053 0.382264
0.191648 0.227743 0.780466
0.216707 0.206274 0.383776
0.20601 0.284777 0.423859
0.248211 0.103964 0.377871
0.207374 0.028553 0.198126
0.20601 0.213234 0.463201
0.249383 0.526202 0.328877
0.21122 0.510927 0.38584
0.227928 0.408396 0.685689
0.211948 0.316466 0.699219
0.202351 0.211023 0.201296
0.217141 0.271908 0.934278
0.224113 0.0286456 0.80528
0.210749 0.0893575 0.0876462
0.225447 0.208603 0.21592
0.236622 0.195228 0.793389
0.218447 0.46398 0.671792
0.3863 0.54271 0.72505
0.209297 0.440444 0.708352
0.224538 0.0776633 0.68199
0.197506 0.285365 0.488451
0.204838 0.271308 0.0575538
0.225922 0.149098 0.0445267
0.229125 0.210514 0.214093
0.20601 0.250348 0.512607
0.226062 0.151947 0.644246
0.282499 0.0972216 0.362724
0.216352 0.0873625 0.906357
0.24367 0.150918 0.417315
0.205415 0.0544367 0.728698
0.235714 0.194402 0.36429
0.210348 0.557824 0.336014
0.225448 0.190247 0.399583
0.209573 0.42914 0.367344
 0.226 0.0796154 0.691591
0.20601 0.471946 0.474985
0.218407 0.220877 0.970841
0.199583 0.20914 0.427696
0.0536368 0.558458 0.701205
0.226079 0.266566 0.0526732
0.216624 0.345542 0.761666
0.20601 0.461472 0.622598
0.202366 0.217984 0.194338
0.215724 0.348969 0.64004
0.114898 0.546576 0.718066
0.223111 0.250916 0.0486687
0.192064 0.377642 0.720079
0.206181 0.542797 0.311562
0.203738 0.555797 0.684425
0.217606 0.363942 0.399582
0.0530785 0.55002 0.698999
0.218015 0.0463562 0.713788
0.0641988 0.546244 0.701477
0.230978 0.202792 0.34305
0.226006 0.352149 0.240613
0.217233 0.120954 0.956897
0.206661 0.0779925 0.683296
0.224108 0.300101 0.0766021
0.242704 0.207275 0.325991
0.031169 0.566735 0.71224
0.210193 0.439826 0.369335
0.239025 0.13059 0.399001
0.377971 0.54555 0.727028
0.233952 0.192111 0.441446
0.209287 0.0507477 0.856702
0.217181 0.349743 0.179453
0.206354 0.325148 0.894647
0.220805 0.211389 0.429752
0.209638 0.420862 0.682572
0.24367 0.172751 0.425747
0.21948 0.154268 0.0513694
0.208911 0.215121 0.628094
0.203601 0.203413 0.818255
0.406458 0.547812 0.715784
0.202366 0.207097 0.465173
0.206692 0.470122 0.670257
0.226324 0.16494 0.641033
0.21485  0.025 0.217197
0.20314 0.205792 0.237286
0.202366 0.166775 0.458446
0.282884 0.103964 0.396065
0.20601 0.473087 0.628819
0.224102 0.0777351 0.91968
0.234247 0.175709 0.434841
0.206525 0.121949 0.950367
0.226006 0.226094 0.642615
0.287981 0.0979028 0.362724
0.24367 0.195192 0.44442
0.226036 0.339787 0.280176
0.201105 0.55121 0.729529
0.212556 0.0406629 0.272928
0.202366 0.17016 0.424204
0.225577 0.356274 0.840654
0.207792 0.0473303 0.117697
0.224261 0.202177 0.368326
0.210869 0.496591 0.378937
0.212654 0.487754 0.380493
0.221098 0.348436 0.610644
0.196322 0.555352 0.312492
0.202366 0.173796 0.453144
0.219929 0.298608 0.0791367
0.213178 0.476918 0.433727
0.20601 0.473817 0.507172
0.184123 0.517492 0.345137
0.21629 0.0690601 0.887432
0.230307 0.410105 0.70187
0.214515 0.288723 0.924224
0.207063 0.213611 0.186825
0.222614 0.457481 0.582183
0.237884 0.558055 0.334283
0.239038 0.557724 0.715065
0.215448 0.055552 0.856887
0.207973 0.0723307 0.700197
0.223085 0.231448 0.500363
0.20601 0.46043 0.445691
0.287111 0.103964 0.36635
0.155931 0.304412 0.481117
0.240705 0.204848 0.34298
0.241799 0.271362 0.75406
0.22648 0.208631 0.640417
0.211851 0.558603 0.315092
0.205824 0.0998718 0.0675465
0.223195 0.0255917 0.215543
0.202366 0.208141 0.17231
0.222149 0.344737 0.89126
0.216979 0.336557 0.902394
0.199936 0.45364 0.689276
0.20796 0.371194 0.195984
0.223473 0.189523 0.972476
0.198879 0.31456 0.277537
0.226237 0.0723024 0.904611
0.221436 0.173408 0.643221
0.224781 0.15056 0.959724
0.216546 0.247963 0.968132
0.222208 0.412013 0.353673
0.202366 0.214517 0.806414
0.20601 0.20794 0.197305
0.0977016 0.53999 0.707717
0.20896 0.368838 0.823755
0.218372 0.27421 0.521846
0.204872 0.519226 0.664951
0.202366 0.178191 0.208523
0.220855 0.288329 0.653276
0.211241  0.025 0.804728
0.219129 0.457481 0.628725
0.217536 0.323346 0.0796249
0.183876 0.533501 0.374711
0.36778 0.565993 0.717472
0.20601 0.402168 0.395599
0.22524 0.236242 0.505922
0.224028 0.435028 0.371583
0.223492 0.338567 0.274566
0.187788 0.274754 0.751712
0.219577 0.362098 0.143102
0.202366 0.223166 0.217362
0.224346 0.338231 0.876033
0.225083 0.361259 0.825339
0.210459 0.195848 0.460371
0.218148 0.236813 0.507044
0.20601 0.476483 0.622871
0.213372 0.0329093 0.745164
0.214006 0.208384 0.646392
0.239952 0.367863 0.712523
0.113683 0.546236 0.727116
0.20601 0.470708 0.436905
0.223562 0.0388212 0.136643
0.226911 0.232026 0.22083
0.337434 0.541629   0.73
0.360657 0.562776 0.725491
0.20642 0.342498 0.282322
0.209401 0.267436 0.0591336
0.23748 0.331276 0.284281
0.230256 0.556565 0.356721
0.193755 0.192027 0.36013
0.221285 0.353671 0.183183
0.187788 0.316828 0.722095
0.187936 0.561832 0.318271
0.24367 0.0865669 0.394167
0.264341 0.095151 0.408887
0.212091 0.528468 0.324648
0.215778 0.266429 0.0405129
0.204927 0.0460142 0.145119
0.230307 0.425089 0.701331
0.109913 0.538185 0.714888
0.219348 0.42202 0.350594
0.210518 0.326789 0.287107
0.225973 0.0488322 0.266053
0.207641 0.342488 0.710474
0.209726 0.048458 0.890267
0.207449 0.243045 0.0347214
0.207682 0.30736 0.332704
0.22396 0.307342 0.428618
0.214542 0.369771 0.180831
0.239072 0.329797 0.293704
0.225448 0.190379 0.412065
0.220588 0.506936 0.669447
0.223819 0.277386 0.55487
0.225429 0.0361517 0.758312
0.256583 0.544921 0.329773
0.221584 0.348941 0.160319
0.224306 0.0461083 0.726378
0.207164 0.211249 0.45401
0.208739 0.421525 0.713607
0.208168 0.117361 0.93999
0.20601 0.48491 0.383184
0.202366 0.148592 0.465494
0.238675 0.350542 0.29836
0.209954 0.207567 0.378286
0.215889 0.488786 0.380292
0.210144 0.217323 0.0288039
0.220333 0.476918 0.600781
0.224019 0.188594 0.628545
0.225435 0.0596565 0.881901
0.221472 0.457481 0.529652
0.197507 0.206918 0.452925
0.225448 0.468101 0.662441
0.220722 0.294675 0.675665
0.20601 0.344696 0.608195
0.237327 0.162199 0.41696
0.237202 0.194893 0.300596
0.202366 0.546357 0.672937
0.225226 0.0478298 0.144643
0.208861 0.410286 0.342996
0.229093 0.195535 0.80016
0.181761 0.530785 0.320321
0.171745 0.538276 0.319994
0.199486 0.558832 0.717281
0.218207 0.0671289 0.915145
0.199936 0.423197 0.686215
0.234513 0.102752 0.395931
0.224568 0.457481 0.485171
0.216448 0.101261 0.680812
0.234374 0.204834 0.367725
0.222935 0.0687295 0.682634
0.208394 0.549379 0.308271
0.225535 0.227134 0.0384269
0.20601 0.219331 0.468719
0.223334 0.0536119 0.100725
0.224139 0.0589096 0.721747
0.197523 0.26991 0.239437
0.230307 0.447413 0.697328
0.192978 0.207331 0.274528
0.222794 0.208614 0.372665
0.222262  0.025 0.225432
0.205917 0.280771 0.0587238
0.228884 0.518668 0.342941
0.157662 0.545378 0.713263
0.208384 0.310842 0.666483
0.202366 0.144693 0.277432
0.0469107 0.551947 0.698297
0.219685  0.025 0.813092
0.36288 0.544748 0.702555
0.0648734 0.563258 0.706858
0.225447 0.200638 0.195964
0.209861 0.220387 0.457457
0.216629 0.180925 0.644186
0.190936 0.326238 0.287221
0.20601 0.3355 0.622319
0.212535 0.457481 0.59345
0.187788 0.230831 0.461567
0.20571 0.328821 0.896921
0.210873 0.0720777 0.70285
0.20601 0.460089 0.432531
0.221298 0.162218 0.352856
0.211094 0.21254 0.627793
0.25927 0.533857 0.326537
0.191677 0.20571 0.350831
0.240387 0.172745 0.422952
0.218726 0.147375 0.346098
0.199379 0.208625 0.427509
0.206089 0.0331492 0.83563
0.205156 0.305731 0.678204
0.207687 0.345336 0.714084
0.196211 0.231452 0.466717
0.205946 0.181577 0.633228
0.214428 0.331793 0.724089
0.189012 0.555886 0.341479
0.226293 0.0419433 0.844082
0.209068 0.555711 0.312778
0.211052 0.0789748 0.326473
0.211031 0.3104 0.309662
0.2236 0.286662 0.565899
0.223918 0.431565 0.679897
0.117532 0.552872 0.728864
0.215689 0.0801351 0.672496
0.295873 0.545678 0.727466
0.21244 0.287514 0.926593
0.336707 0.566481 0.71978
0.224092 0.0372401 0.855649
0.224451 0.0514284 0.115644
0.224153 0.0287848 0.173198
0.21441 0.434498 0.710004
0.241021 0.225803 0.778023
0.225448 0.267692 0.427074
0.225645 0.191426 0.36514
0.199936 0.45588 0.674916
0.221084 0.337587 0.727437
0.207421 0.548059 0.663421
0.202366 0.178536 0.194038
0.229093 0.213796 0.793743
0.246895 0.550713 0.711484
0.225736 0.257974 0.353608
0.206652 0.0426783 0.861296
0.159596 0.54288 0.716372
0.230078 0.208338 0.262451
0.197507 0.231066 0.77299
0.143322 0.300324 0.515793
0.21689 0.0851928 0.904924
0.225448 0.189711 0.422107
0.217685 0.217964 0.800531
0.206209 0.394378 0.665606
0.104147 0.566294 0.72123
0.2065 0.207225 0.409189
0.20601 0.471285 0.512885
0.317775 0.543602 0.716001
0.219376 0.281235 0.330824
0.195635 0.262305 0.758065
0.202366 0.214408 0.206777
0.232573 0.203126 0.298083
0.221791 0.188055 0.422438
0.225447 0.466035 0.493762
0.221188 0.340441 0.629912
0.240356 0.216293 0.783307
0.371414 0.538555 0.71997
0.24177 0.203193 0.301941
0.225634 0.3358 0.11922
0.160327 0.560112 0.722151
0.268274 0.544273 0.726047
0.0849318 0.545674 0.730521
0.211037 0.453671 0.383125
0.212611 0.30999 0.334227
0.0329645 0.562967 0.702633
0.287173 0.546729 0.727886
0.0895256 0.539072 0.709694
0.202366 0.201622 0.491849
0.214948 0.348018 0.82636
0.209017 0.0873272 0.912069
0.2124 0.321052 0.67663
0.208724 0.217478 0.192599
0.225448 0.254277 0.500256
0.24367 0.0940772 0.404302
0.207762 0.476918 0.543225
0.212182  0.025 0.221053
0.206614 0.360586 0.234273
0.20601 0.234946 0.47995
0.225448 0.190052 0.426456
0.225448 0.319599 0.596189
0.236459 0.225765 0.771899
0.405484 0.565489 0.70817
0.208127 0.164821 0.644846
0.225129 0.166886 0.64272
0.208205 0.552004 0.674127
0.232611 0.19889 0.329168
0.221021 0.370488 0.215517
0.207356 0.0286147 0.768528
0.205434 0.152452 0.356055
0.190843 0.528587 0.324424
0.208265 0.457481 0.611004
0.21833 0.527447 0.689007
0.20601 0.375892 0.654798
0.21899 0.193948 0.780781
0.212276  0.025 0.200713
0.202366 0.525441 0.666283
0.225448 0.312627 0.411313
0.20676 0.325362 0.907781
0.197507 0.239325 0.467666
0.291909 0.551649 0.711632
0.199936 0.399276 0.714652
0.223566 0.221251 0.45849
0.212853 0.483392 0.696423
0.215116 0.340077 0.863315
0.216549 0.198187 0.0268903
0.207938 0.0537861 0.700924
0.18943 0.340762 0.7254
0.224241 0.215887 0.632401
0.225448 0.283228 0.547526
0.282281 0.543142 0.715588
0.255204 0.53614 0.344307
0.213187 0.348099 0.886684
0.214462 0.235375 0.950258
0.210013 0.0754487 0.900432
0.113683 0.544388 0.725878
0.215471 0.363224 0.851359
0.201728 0.395069 0.720956
0.20275 0.558164 0.371107
0.202014 0.556121 0.412524
0.219391 0.457481 0.512994
0.225448 0.315007 0.59036
0.216985 0.131079 0.639704
0.217223 0.077387 0.701067
0.220054 0.441776 0.403635
0.20651 0.192413 0.367675
0.226215 0.185563 0.784005
0.205863 0.0531608 0.278064
0.202366 0.143605 0.396218
0.238207 0.341339 0.302396
0.226119 0.335998 0.284855
0.191601 0.521971 0.336774
0.195298 0.330818 0.731435
0.209505 0.197456 0.183499
0.251271 0.543769 0.713799
0.336389 0.564918 0.72333
 0.025 0.549046 0.715745
0.230307 0.486217 0.694062
0.202366 0.23654 0.197624
0.220588 0.504959 0.678896
0.211063 0.0677234 0.915686
0.23306 0.546138 0.426939
0.197506 0.294022 0.501731
0.207913 0.457481 0.66086
0.206998 0.0386168 0.203366
0.200566 0.231065 0.21105
0.212378 0.131184 0.63967
0.225249 0.349431 0.749746
0.386858 0.562729 0.70331
0.225448 0.252777 0.430185
0.214723 0.0394626 0.130348
0.215211 0.237608 0.508171
0.202366 0.150701 0.421803
0.225917 0.357715 0.785335
0.367358 0.562139 0.726189
0.299553 0.0947952 0.368375
0.225448 0.389319 0.685272
0.224591 0.0573034 0.896703
0.207741 0.223223 0.0317002
0.198575 0.283405 0.259496
0.249345 0.555655 0.314762
0.181427 0.544663 0.353797
0.216884 0.34054 0.863036
0.225447 0.204896 0.198458
0.195867 0.523955 0.333072
0.240535 0.21976 0.78318
0.181113 0.556527 0.322749
0.202366 0.213636 0.404159
0.225448 0.262228 0.508957
0.202366 0.195844 0.433719
0.225447 0.4628 0.469586
0.239506 0.345965 0.707783
0.222377 0.316629 0.697082
0.198882 0.19708 0.329405
0.202366 0.184023 0.441569
0.225448 0.298658 0.570969
0.226511 0.233547 0.957692
0.242244 0.337735 0.72721
0.21449 0.292383 0.543587
0.199936 0.386495 0.699512
0.225973 0.328338 0.103737
0.0742704 0.546729 0.702419
0.206524 0.165134 0.635685
0.223018 0.484996 0.395603
0.212264 0.0336984 0.743323
0.225448 0.247765 0.427714
0.113683 0.558195 0.714604
0.0442731 0.543642 0.700717
0.225447 0.465335 0.453014
0.331401 0.539721 0.708751
0.223681 0.0830965 0.926558
0.225447 0.403733 0.397411
0.218523 0.557744 0.336615
0.223246 0.170999 0.957095
0.20601 0.332002 0.610471
0.200321 0.199777 0.341518
0.202366 0.250768 0.450558
0.225447 0.472186 0.522467
0.216644 0.438224 0.385958
0.291061 0.0865913 0.408887
0.211159 0.0902487 0.936209
0.239428 0.30924 0.720943
0.234635 0.209212 0.279198
0.237077 0.209049 0.287349
0.207486 0.282852 0.653846
0.206475 0.263909 0.509523
0.205676 0.148888 0.955915
0.20601 0.382557 0.40749
0.275906 0.0959775 0.408887
0.0841707 0.555674 0.703623
0.225447 0.471448 0.455815
0.210665 0.187803 0.0424262
0.208335 0.0391805 0.131864
0.199716 0.207333 0.218376
0.208038 0.205265 0.183032
0.207861 0.0434187 0.273959
0.222272 0.192638 0.371636
0.216041 0.476918 0.630271
0.205209 0.0486887 0.862993
0.205939 0.0577908 0.110253
0.213452 0.0652957 0.314314
0.20601 0.467427 0.564069
0.225448 0.192028 0.402582
0.20601 0.212079 0.453345
0.202366 0.203022 0.462235
0.221943 0.207225 0.417056
0.206088 0.29551 0.0666341
0.225938 0.271776 0.0551621
0.213774 0.174559 0.953644
0.22666 0.289107 0.331762
0.202366 0.184361 0.213062
0.257961 0.528516 0.336036
0.205308 0.346764 0.730012
0.20601 0.476636 0.646184
0.202366 0.21073 0.405469
0.202366 0.201635 0.20133
0.206022 0.360165 0.801854
0.214732 0.407174 0.717594
0.197507 0.193067 0.453732
0.210901 0.199958 0.18259
0.188024 0.535711 0.392788
0.226286 0.378552 0.716879
0.257041 0.545246 0.324664
0.225448 0.463498 0.567612
0.204978 0.0619082 0.288567
0.20601 0.475417 0.428129
0.208764 0.407489 0.341199
0.207849 0.14126 0.961165
0.205294 0.0354867 0.209781
0.189738 0.343352 0.712326
0.192956 0.306398 0.272321
0.221476 0.407611 0.340064
0.225447 0.451638 0.396415
0.217942  0.025 0.768178
0.218167 0.337819 0.0993237
0.211151 0.284041 0.929669
0.228415 0.202765 0.781324
0.202366 0.175157 0.407811
0.094496 0.562032 0.72976
0.235613 0.319691 0.715665
0.220619  0.025 0.780389
0.234938 0.158572 0.4149
0.205454 0.331653 0.708547
0.20601 0.37004 0.404821
0.230733 0.343523 0.726295
0.208038 0.457481 0.576644
0.202366 0.176055 0.407975
0.205709 0.189727 0.964874
0.202366 0.181272 0.464797
0.203504 0.20499 0.380617
0.202366 0.146725 0.290439
0.205231 0.31826 0.0945305
0.329436 0.564337 0.713625
0.223214 0.0884807 0.913932
0.225447 0.466297 0.429196
0.202366 0.201043 0.201851
0.218895 0.158893 0.350056
0.223752 0.202956 0.970212
0.219687 0.3559 0.80093
0.188991 0.334617 0.72519
0.217704 0.362223 0.256153
0.197506 0.261999 0.477991
0.383944 0.557989 0.700377
0.230307 0.402808 0.699186
0.188139 0.196314 0.320759
0.206337 0.216234 0.426673
0.202366 0.191567 0.811189
0.205577 0.228547 0.360416
0.202366 0.209937 0.472298
0.219409 0.420337 0.713937
0.196743 0.323921 0.289372
0.22452 0.0385767 0.219685
0.224728 0.0479491 0.745128
0.222872 0.29923 0.411451
0.22428 0.345727 0.635996
0.207011 0.298339 0.664699
0.234157 0.19316 0.794844
0.202366 0.152248 0.45696
0.187788 0.307325 0.729343
0.218582 0.220085 0.0470831
0.188837 0.289879 0.487362
0.250657 0.560144 0.719905
0.220532 0.48431 0.696168
0.197457 0.54148 0.721394
0.216539 0.351751 0.191182
0.216625 0.119795 0.643401
0.202366 0.211443 0.410193
0.371477 0.56028 0.726707
0.391228 0.565573 0.715846
0.207809 0.0271055 0.818468
0.187788 0.301778 0.475454
0.191947 0.207662 0.353129
0.207467 0.29201 0.0590741
0.328941 0.562124 0.730433
0.202366 0.157901 0.418664
0.199126 0.201602 0.294631
0.202366 0.236674 0.410595
0.224251 0.205322 0.0414728
0.256498 0.55544 0.727837
0.246471 0.103964 0.378809
0.21851 0.560515 0.323543
0.218332 0.0558135 0.138569
0.223994 0.03081 0.241698
0.20601 0.344467 0.625241
0.223087 0.365032 0.841253
0.104246 0.565176 0.715967
0.225447 0.379825 0.406184
0.208949 0.158424 0.352726
0.20601 0.459786 0.400642
0.225158 0.0866079 0.914079
0.217269 0.115324 0.0448498
0.219812 0.228813 0.0299529
0.233953 0.313566 0.271339
0.225636 0.302975 0.67223
0.170925 0.536278 0.318811
0.103331 0.557935 0.706477
0.22753 0.551449 0.729433
0.213998 0.289123 0.325199
0.225356 0.056864 0.111222
0.209771 0.432232 0.360641
0.229889 0.206343 0.352308
0.220844 0.110156 0.353441
0.240024 0.36384 0.703938
0.225448 0.390414 0.672022
0.211488 0.36651 0.66076
0.193434 0.223452 0.783247
0.221959 0.184896 0.0255612
0.206439 0.360909 0.772208
0.223933 0.141979 0.360523
0.223165 0.121685 0.356681
0.206982 0.129166 0.35422
0.216893 0.106551 0.0758755
0.239574 0.202035 0.283645
0.21241 0.457481 0.550705
0.221412 0.457481 0.569898
0.225447 0.471328 0.526397
0.233952 0.198362 0.44688
0.149966 0.55653 0.713584
0.20601 0.472755 0.430534
0.214773 0.231696 0.369972
0.188957 0.560343 0.324227
0.274317 0.103964 0.370389
0.214435 0.34952 0.11525
0.211696 0.457481 0.64691
0.221106 0.476918 0.637994
0.204545 0.371013 0.709541
0.224013 0.262289 0.957986
0.207359 0.440839 0.385479
0.213512 0.181552 0.643096
0.366331 0.562965 0.70615
0.220588 0.514244 0.667632
0.217826 0.272882 0.0657746
0.226236 0.180148 0.635779
0.221749 0.0558175 0.732343
0.279925 0.103964 0.393773
0.154201 0.304412 0.515701
0.213095 0.0261948 0.760831
0.233952 0.139426 0.407535
0.0913711 0.555012 0.731903
0.272145 0.0978385 0.408887
0.215278  0.025 0.768964
0.199936 0.428438 0.692076
0.21687 0.192428 0.382459
0.215993 0.215648 0.048651
0.258684 0.523557 0.336874
0.212648 0.232606 0.42367
0.210792  0.025 0.817536
0.202366 0.194721 0.219921
0.207005 0.389599 0.329969
0.212466 0.542251 0.706032
0.214844 0.142129 0.636084
0.207669 0.321314 0.101527
0.20789 0.0392113 0.203584
0.190765 0.248402 0.476289
0.214642 0.313133 0.697876
0.215087 0.476918 0.622544
0.208122 0.055581 0.269617
0.221303 0.266768 0.542418
0.199936 0.464965 0.67503
0.225573 0.359219 0.227077
0.208835 0.104051 0.348762
0.217894 0.467691 0.700784
0.221623 0.241495 0.647291
0.20601 0.465984 0.623508
0.217425 0.0353722 0.860279
0.212434 0.523834 0.664398
0.221231 0.30822 0.0646237
0.207269 0.34602 0.282512
0.217571 0.452926 0.674556
0.235292 0.206134 0.247956
0.223542 0.380831 0.677677
0.209833 0.483133 0.395949
0.208419 0.244457 0.486252
0.206382 0.476918 0.517409
0.224422 0.359332 0.845613
0.202366 0.250498 0.424666
0.226203 0.358891 0.780433
0.221406 0.0483627 0.709106
0.210607 0.177626 0.797747
0.0574738 0.557005 0.701141
0.208216 0.457481 0.429592
0.198517 0.192777 0.425185
0.0270112 0.536936 0.712707
0.208164 0.385138 0.691504
0.215631 0.0673779 0.882913
0.100707 0.541951 0.706909
0.223895 0.0389936 0.822115
0.225448 0.281918 0.42855
0.209827 0.31859 0.899354
0.322579 0.543261 0.73224
0.208736 0.19146 0.781737
0.219939 0.468908 0.700446
0.202366 0.233051 0.47551
0.0708477 0.556349 0.702388
0.225801 0.0577826 0.887294
0.187788 0.29423 0.740449
0.213415 0.032863 0.854528
0.202608 0.517142 0.665201
0.215577 0.476918 0.574197
0.206468 0.395572 0.393781
0.216675 0.1255 0.937479
0.207853 0.315737 0.9273
0.225284 0.348932 0.853038
0.228305 0.198751 0.460559
0.212526 0.264503 0.36047
0.273517 0.55905 0.717716
0.20601 0.216926 0.467883
0.205403 0.101199 0.331646
0.343659 0.540707 0.706195
0.24852 0.544248 0.363545
0.202929 0.443576 0.676894
0.205224 0.27474 0.65813
0.199433 0.556269 0.382407
0.205175 0.0366419 0.764031
0.207046 0.391028 0.339903
0.113683 0.543095 0.721784
0.215054 0.359533 0.130492
0.216757 0.0437519 0.216496
0.248008 0.531716 0.318584
0.219674 0.272284 0.936125
0.200813 0.197788 0.252341
0.241587 0.23115 0.769846
0.213098 0.457481 0.522197
0.23618 0.297702 0.270038
0.319096 0.540024 0.729008
0.223972 0.392857 0.412726
0.224347 0.457481 0.650358
0.213254 0.199946 0.424352
0.399831 0.559847 0.723744
0.221461 0.515133 0.34954
0.204299 0.448525 0.675656
0.202366 0.2311 0.478159
0.223859 0.385812 0.723527
0.207479 0.0909418 0.0677092
0.215181  0.025 0.804853
0.0981679 0.53867 0.711982
0.225447 0.458939 0.401347
0.224492 0.212919 0.812638
0.229317 0.557921 0.335287
0.173668 0.540083 0.317627
0.307938 0.546295 0.727712
0.221888 0.525633 0.329939
0.240322 0.527273 0.326878
0.205863 0.285006 0.938463
0.22626 0.0983382 0.327925
0.205561 0.240675 0.958976
0.226329 0.0668126 0.700847
0.202366 0.23309 0.41057
0.113683 0.547985 0.716143
0.205998 0.155078 0.959073
0.226025 0.17184 0.0404441
0.233243 0.252067 0.236206
0.202366 0.186675 0.389925
0.212371 0.0785784 0.301503
0.205147 0.324263 0.702707
0.223768 0.0275004 0.210635
0.199722 0.205792 0.336609
0.188825 0.332296 0.718758
0.197507 0.185559 0.441905
0.225448 0.464768 0.598752
0.225447 0.459151 0.463729
0.208056 0.413991 0.344727
0.233594 0.183932 0.45447
0.231021 0.391934 0.333932
0.207416 0.250686 0.0356508
0.226392 0.0608622 0.288966
0.215239 0.281377 0.414725
0.223135 0.0365185 0.262265
0.242833 0.329489 0.720334
0.211291 0.457481 0.664026
0.206455 0.366988 0.199694
0.20601 0.230327 0.49236
0.188505 0.553812 0.712497
0.206718 0.246276 0.962389
0.224406 0.0433062 0.866941
0.221275 0.0434112 0.279341
0.218167 0.365563 0.16014
0.204874 0.0626457 0.708808
0.222203 0.195225 0.64186
0.193022 0.304631 0.272953
0.242394 0.195218 0.307144
0.183416 0.54236 0.72286
0.220121 0.338404 0.62756
0.202366 0.221409 0.217092
0.218404 0.357602 0.873749
0.222594 0.457481 0.538695
0.205412 0.0643502 0.706706
0.225919 0.318102 0.910566
0.208723 0.213445 0.0436863
0.113683 0.551487 0.722674
0.211671 0.32989 0.281447
0.206002 0.306919 0.326217
0.129525 0.545651 0.727455
0.204317 0.2146 0.438582
0.208343 0.170193 0.956661
0.204829 0.44333 0.366166
0.223546 0.411282 0.342747
0.209738 0.212807 0.449723
0.175747 0.304412 0.5067
0.222127 0.113866 0.664352
0.241025 0.227138 0.780229
0.225758 0.397786 0.720201
0.20601 0.402751 0.687308
0.207002 0.0410078 0.760997
0.235065 0.170694 0.432166
0.16429 0.544205 0.725934
0.218544 0.183046 0.0253762
0.20537 0.350267 0.139337
0.210475 0.45442 0.70447
0.243492 0.131333 0.411174
0.0684394 0.539281 0.707037
0.197507 0.197335 0.43832
0.211375 0.244441 0.421499
0.214279 0.103758 0.921881
0.215657 0.545193 0.310363
0.20601 0.469823 0.492241
0.209364 0.457481 0.506355
0.20601 0.272308 0.536984
0.193503 0.216687 0.446891
0.226146 0.0599566 0.889129
0.212219 0.335831 0.726992
0.22433 0.309843 0.92919
0.20601 0.259835 0.532216
0.156468 0.29783 0.469629
0.207283 0.0831493 0.924156
0.237965 0.300157 0.269338
0.212617  0.025 0.234533
0.20601 0.199989 0.202319
0.207137 0.450629 0.383683
0.233342 0.553911 0.411609
0.223287 0.0735859 0.320336
0.225364 0.110215 0.935633
0.225366 0.112289 0.337484
0.0706486 0.563315 0.707632
0.205287 0.0713468 0.69607
0.225527 0.0560902 0.714485
0.219177 0.191108 0.973818
0.24165 0.195338 0.300941
0.213581 0.366304 0.417661
0.213772 0.200703 0.459672
0.20711 0.187053 0.360468
0.213946 0.059727 0.131298
0.220035 0.0415671 0.77678
0.188295 0.296865 0.498086
0.242068 0.300948 0.725512
0.223684 0.201619 0.641596
0.22652 0.10503 0.0671592
0.197507 0.277511 0.74918
0.205961 0.116955 0.0533163
0.211299 0.0347092 0.141241
0.230307 0.407321 0.690553
0.190909 0.335027 0.297419
0.236793 0.208454 0.317099
0.233879 0.318358 0.719589
0.214793 0.207225 0.424657
0.197507 0.281464 0.742053
0.220588 0.542435 0.696595
0.20601 0.251516 0.512945
0.19555 0.357397 0.30337
0.20604 0.357083 0.215784
0.211107 0.36187 0.25789
0.197507 0.299177 0.740916
0.209647 0.523735 0.333482
0.224123 0.0744116 0.0979726
0.24235 0.242994 0.765075
0.21861 0.208271 0.354421
0.225448 0.46972 0.544108
0.21227 0.344832 0.250624
0.207397 0.558312 0.405527
0.202238 0.204536 0.35774
0.192748 0.34766 0.302356
0.172003 0.53354 0.326024
0.207462 0.182081 0.81261
0.328172 0.542668 0.706952
0.225448 0.280667 0.415063
0.205953 0.282006 0.935092
0.207205 0.0399827 0.259811
0.212402 0.0527238 0.743582
0.205735 0.279272 0.0585841
0.202366 0.186144 0.192227
0.21966 0.255497 0.0342063
0.230307 0.42084 0.710386
0.205901 0.354671 0.227333
0.240404 0.20844 0.341896
0.218104 0.342237 0.85939
0.212411 0.125961 0.939416
0.217034 0.043567 0.202638
0.391457 0.565471 0.716051
0.202366 0.19943 0.808374
0.210443 0.0456819 0.756101
0.228178 0.557385 0.401805
0.195895 0.276174 0.252009
0.0919585 0.539256 0.709367
0.230307 0.459933 0.687782
0.217598 0.202624 0.972666
0.204482 0.45687 0.376061
0.209898 0.0997152 0.344908
0.225448 0.341083 0.404484
0.206657 0.0383894 0.213344
0.207293 0.215748 0.357223
0.225448 0.468798 0.655715
0.220203 0.051482 0.298173
0.185416 0.5495 0.711889
0.187897 0.195446 0.318705
0.207053 0.232402 0.964925
0.217586 0.106314 0.950846
0.229184 0.555382 0.72786
0.0445767 0.541867 0.724671
0.208106 0.287988 0.670219
0.218281  0.025 0.79259
0.0862081 0.539994 0.706602
0.197507 0.234771 0.467055
0.220633 0.251599 0.0510447
0.243329 0.258676 0.760417
0.220387 0.195597 0.973369
0.177148 0.304412 0.488422
0.202366 0.241456 0.292621
0.205147 0.265148 0.0527143
0.196301 0.19555 0.365489
0.376136 0.556618 0.727417
0.248708 0.548574 0.344101
0.21819 0.325839 0.0830178
0.187788 0.281307 0.49311
0.211983 0.170606 0.953833
0.308372 0.542119 0.722458
0.193792 0.260832 0.747617
0.20794 0.143656 0.0378685
0.215554 0.22972 0.350115
0.214741 0.198959 0.354129
0.24296 0.544943 0.713408
0.211151 0.079811 0.672784
0.20601 0.468627 0.424202
0.207637 0.237552 0.966417
0.202366 0.21706 0.404494
0.225447 0.415649 0.406432
0.20601 0.391701 0.688765
0.113683 0.54353 0.708924
0.0545157 0.56651 0.71385
0.196492 0.286924 0.25187
0.229093 0.187128 0.800688
0.207818 0.2507 0.634399
0.205139 0.223805 0.212503
0.211519 0.228929 0.498096
0.2249 0.18142 0.638534
0.207734 0.352169 0.12299
0.177045 0.304202 0.515793
0.225135 0.0509882 0.122729
0.209234 0.235348 0.0462461
0.280494 0.0905402 0.362724
0.22316 0.211806 0.0287392
0.206937 0.505715 0.667906
0.201792 0.449146 0.675501
0.227913 0.185306 0.815633
0.207254 0.203951 0.958642
0.206501 0.0684575 0.0928228
0.222162 0.418278 0.351941
0.232378 0.198054 0.371245
0.319584 0.554622 0.706308
0.224417 0.556922 0.342774
0.20815 0.0259683 0.784398
0.233952 0.302591 0.736013
0.224017 0.0283316 0.194464
0.20932 0.154136 0.632151
0.235862 0.366853 0.312043
0.217404 0.323132 0.1119
0.24367 0.188146 0.435253
0.225448 0.469832 0.670475
0.399466 0.539672 0.702373
0.0898567 0.564595 0.723484
0.232448 0.187905 0.456761
0.20601 0.467313 0.555126
0.214117 0.329384 0.40592
0.215659 0.457481 0.508922
0.307196 0.556318 0.727486
0.210869 0.523436 0.378351
0.194285 0.269858 0.476292
0.284004 0.554311 0.728288
0.0256519 0.564556 0.705803
0.207405 0.313733 0.927413
0.221522 0.201945 0.373443
0.19381 0.361358 0.703165
0.20754 0.36146 0.845278
0.192356 0.553781 0.368851
0.217605 0.476918 0.494422
0.22234 0.0663443 0.891559
0.224279 0.344642 0.283884
0.221589 0.375935 0.415871
0.208728 0.363505 0.418181
0.176889 0.550236 0.32341
0.224029 0.0398284 0.262443
0.195457 0.553667 0.393071
0.213774 0.0431339 0.222928
0.219798 0.353744  0.879
0.24367 0.301155 0.72631
0.217354 0.341223 0.138577
0.217045 0.342823 0.147214
0.208977 0.111138 0.046149
0.207511 0.201769 0.466094
0.24367 0.28765 0.736361
0.226973 0.372554 0.320574
0.216678 0.251079 0.494174
0.220677 0.221846 0.354315
0.131905 0.293846 0.508278
0.133423 0.557408 0.726656
0.0668074 0.566128 0.71751
0.207865 0.210417 0.476341
0.116816 0.54133 0.721021
0.213139 0.0439975 0.23589
0.207652 0.416189 0.715089
0.205069 0.341416 0.875999
0.207787 0.158537 0.0338019
0.213528 0.531339 0.319288
0.20601 0.327822 0.411394
0.223644 0.0314362 0.154264
0.226499 0.120255 0.0558775
0.205266 0.199073 0.424035
0.178989 0.547687 0.335631
0.132258 0.29596 0.515793
0.220031 0.177897 0.375633
0.209056 0.320211 0.701287
0.207528 0.216516 0.0431007
0.238895 0.194403 0.795026
0.20601 0.268321 0.515619
0.19956 0.348063 0.307473
0.218279 0.0427381 0.829327
0.192332 0.285314 0.734127
0.21563 0.282535 0.531805
0.224529 0.126259 0.046779
0.223133 0.0395012 0.231622
0.22188 0.425137 0.712604
0.185375 0.543897 0.725421
0.225448 0.287145 0.53776
0.234192 0.334911 0.297542
0.20595 0.378411 0.699055
0.233952 0.167557 0.429999
0.21174 0.0417784 0.214468
0.225447 0.444741 0.389986
0.209984 0.441235 0.376052
0.227827 0.200119 0.213498
0.196566 0.267039 0.744197
0.216601 0.504151 0.668278
0.239681 0.208591 0.79129
0.212843 0.44678 0.676093
0.214974 0.271809 0.435222
0.198012 0.322809 0.278094
0.180199 0.528187 0.364819
0.209587 0.485422 0.382201
0.223412 0.219535 0.444937
0.170422 0.534891 0.318478
0.215641 0.476918 0.579005
0.202366 0.243118 0.316419
0.210891 0.334846 0.275658
0.20023 0.192541 0.458868
0.233875 0.344937 0.728158
0.212458 0.204019 0.35505
0.202633 0.49014 0.694548
0.212793 0.3245 0.287756
0.208943 0.457481 0.616423
0.213425 0.205468 0.470116
0.20601 0.464183 0.670856
0.113683 0.554845 0.721137
0.232864 0.19601 0.281974
0.218333 0.443179 0.403374
0.21866 0.391942 0.689803
0.225448 0.232784 0.472865
0.210251 0.0832551 0.307332
0.214101 0.259188 0.94189
0.0392507 0.553524 0.726687
0.299553 0.102829 0.40566
0.202366 0.143586 0.331204
0.222977 0.560116 0.325139
0.202658 0.556014 0.351765
0.205444 0.359986 0.217697
0.224393 0.0481933 0.122546
0.236072 0.554858 0.372685
0.167323 0.544243 0.725998
0.215749 0.485422 0.3908
0.227848 0.246544 0.227121
0.219045 0.229481 0.952122
0.243647 0.206673 0.317584
0.217701 0.181618 0.435268
0.21717 0.193915 0.355051
0.242136 0.174023 0.423679
0.189561 0.342597 0.720056
0.193143 0.257471 0.749588
0.223159 0.0495523 0.10848
0.24367 0.134821 0.408524
0.217713 0.323123 0.92068
0.202366 0.188332 0.4277
0.221599 0.342243 0.266927
0.226479 0.0682967 0.898763
0.296589 0.103964 0.388403
0.342997 0.548723 0.70331
0.197191 0.204786 0.367936
0.21602 0.197264 0.95308
0.20601 0.463849 0.433648
0.208358 0.294437 0.0569881
0.212922 0.348007 0.233347
0.216769 0.355573 0.876511
0.205815 0.199176 0.780019
0.219724 0.119846 0.337902
0.197507 0.181422 0.443263
0.175891 0.543148 0.71557
0.207625 0.221334 0.36837
0.202366 0.214904 0.461142
0.206418 0.0317395 0.193252
0.213563 0.323377 0.111479
0.20601 0.275131 0.425012
0.224265 0.393432 0.341634
0.216126 0.289141 0.432001
0.221214 0.124015 0.957847
0.226114 0.0353171 0.79284
0.233186 0.543565 0.42971
0.202366 0.211907 0.814583
0.225447 0.371391 0.401693
0.201096 0.473172 0.699261
0.233274 0.198282 0.323534
0.208401 0.462977 0.672043
0.191522 0.320295 0.283083
0.0819223 0.562521 0.727281
0.209698 0.238858 0.0468965
0.214135 0.314785 0.570387
0.233952 0.105261 0.390106
0.199372 0.198226 0.245048
0.139416 0.29899 0.469629
0.225227 0.262942 0.952862
0.222024 0.227208 0.954385
0.207418 0.351403 0.123799
0.212569 0.0423307 0.195686
0.210842 0.451698 0.38266
0.234359 0.539262 0.430258
0.230307 0.403805 0.702202
0.207802 0.457339 0.376404
0.202366 0.232636 0.453972
0.225448 0.383208 0.664769
0.217548 0.343144 0.146978
0.215315 0.36556 0.399285
0.208306 0.368802 0.221609
0.131905 0.302719 0.478843
0.225448 0.224032 0.431284
0.207479 0.114745 0.0485092
0.160766 0.298642 0.515793
0.220761 0.213135 0.434554
0.207133 0.238058 0.0352729
0.187788 0.27067 0.484197
0.20601 0.259656 0.525763
0.20601 0.360016 0.627915
0.233059 0.552118 0.729165
0.225447 0.476936 0.387667
0.139789 0.553239 0.712268
0.212991 0.0812489 0.0971067
0.224325 0.126846 0.943833
0.208583 0.313334 0.691414
0.222049 0.417701 0.355689
0.194219 0.222081 0.774492
0.20601 0.363608 0.628807
0.195941 0.276531 0.250855
0.223662 0.319325 0.321957
0.213063 0.04266 0.20999
0.17554 0.522678 0.350618
0.20601 0.350889 0.40872
0.226658 0.374676 0.714213
0.215747 0.180452 0.8087
0.202366 0.187619 0.414699
0.229808 0.446999 0.676038
0.215627 0.33232 0.0918388
0.238556 0.312849 0.736543
0.20694 0.108206 0.332842
0.190651 0.330693 0.287676
0.216573 0.0527934 0.900202
0.101629 0.545153 0.732156
0.224796 0.243313 0.037507
0.199153 0.214495 0.445082
0.20653 0.269375 0.64981
0.234419 0.11819 0.404164
0.0761569 0.553749 0.730657
0.224137 0.0287304 0.19306
0.215661 0.360458 0.264833
0.195935 0.276221 0.251266
0.202366 0.207325 0.489165
0.217882 0.457481 0.430776
0.199936 0.422265 0.682266
0.202366 0.199518 0.807361
0.20601 0.219442 0.439979
0.203344 0.250484 0.231747
0.205288 0.0593538 0.282419
0.201384 0.555033 0.712985
0.221269 0.436739 0.369949
0.203433 0.365187 0.722623
0.373525 0.562492 0.704179
0.221074 0.309233 0.592859
0.21264 0.370645 0.185126
0.219156 0.184753 0.201614
0.226492 0.313384 0.686503
0.20601 0.274055 0.540958
0.207008 0.284352 0.65658
0.0935271 0.543711 0.705536
0.225448 0.469039 0.617563
0.205045 0.337445 0.118718
0.207912 0.247577 0.646613
0.216748 0.0634373 0.87568
0.220939 0.0413697 0.166289
0.222256 0.261939 0.361949
0.214966 0.353009 0.802766
0.187788 0.298621 0.501355
0.203905 0.20635 0.22636
0.209674 0.457481 0.546578
0.225304 0.354133 0.143567
0.225448 0.290406 0.552954
0.0382461 0.539845 0.720484
0.156642 0.304412 0.481264
0.222361 0.476918 0.563224
0.239233 0.198922 0.791766
0.202366 0.19309 0.432765
0.228978 0.42634 0.681203
0.20625 0.170653 0.958511
0.213666 0.0882107 0.690844
0.213188 0.312785 0.0963143
0.208098 0.325805 0.685098
0.215607 0.0648027 0.122787
0.256587 0.0878094 0.362724
0.198319 0.541903 0.722099
0.209608 0.457481 0.42504
0.207857 0.457481 0.51836
0.196285 0.205184 0.440531
0.199767 0.205387 0.336993
0.194302 0.281053 0.736475
0.204919 0.201029 0.960567
0.21516 0.374233 0.669883
0.21587 0.393892 0.665024
0.173938 0.529809 0.33686
0.210854 0.460857 0.381132
0.208235 0.141894 0.0521922
0.226193 0.331774 0.290178
0.227869 0.181765 0.448511
0.202366 0.238866 0.455017
0.205484 0.190292 0.035854
0.220791 0.210509 0.0281225
0.0712392 0.54318 0.728085
0.197506 0.203387 0.429416
0.240823 0.207284 0.294047
0.20601 0.289146 0.564825
0.223781 0.358437 0.738125
0.225448 0.374386 0.656322
0.20601 0.367945 0.636518
0.208346 0.476918 0.540469
0.225447 0.468775 0.498277
0.0688388 0.550118 0.700694
0.227701 0.206217 0.228488
0.20601 0.286341 0.557487
0.221807 0.457481 0.41064
0.217307 0.247748 0.439694
0.225448 0.293692 0.572465
0.202366 0.174182 0.394909
0.219982 0.359261 0.270716
0.196882 0.209345 0.792391
0.202366 0.147655 0.331109
0.239607 0.347656 0.727526
0.205274 0.330435 0.892171
0.232039 0.179943 0.443502
0.202366 0.187559 0.479225
0.241465 0.290981 0.745776
0.39621 0.537377 0.7146
0.0311721 0.554946 0.725328
0.167075 0.304412 0.479566
0.0320504 0.549078 0.697129
0.208949 0.388966 0.690547
0.225447 0.457557 0.451928
0.198387 0.55858 0.315074
0.195946 0.316568 0.273533
0.200996 0.199228 0.228336
0.227141 0.1969 0.36217
0.228104 0.373967 0.699383
0.230005 0.38752 0.337268
0.20601 0.460516 0.592694
0.213995 0.0549007 0.694926
0.225551 0.108656 0.340671
0.221021 0.369195 0.221874
0.232643 0.38418 0.322942
0.203801 0.189907 0.426229
0.209326 0.457481 0.576122
0.225295 0.356643 0.843371
0.224643 0.314829 0.427227
0.213316 0.331696 0.619636
0.240183 0.366593 0.721945
0.202366 0.164912 0.434387
0.113683 0.560434 0.717293
0.211381 0.281024 0.951066
0.225571 0.0973664 0.669377
0.21725 0.226705 0.443604
0.218365 0.157524 0.650578
0.20601 0.465437 0.543594
0.233393 0.345958 0.727921
0.214768 0.513046 0.385439
0.229027 0.357076 0.717361
0.216195 0.127878 0.640753
0.193771 0.35599 0.304499
0.202366 0.215373 0.796944
0.198936 0.31365 0.277053
0.240577 0.208921 0.293741
0.0964262 0.552784 0.7332
0.205769 0.20412 0.640444
0.199936 0.395827 0.719834
0.226376 0.290728 0.932101
0.206527 0.0883585 0.92526
0.20601 0.387682 0.666925
0.204287 0.215613 0.806173
0.237414 0.193328 0.32658
0.209688 0.325518 0.289873
0.399021 0.552749 0.696978
0.220079 0.0415376 0.812259
0.224665 0.317018 0.694941
0.211291 0.227054 0.370514
0.20491 0.0816282 0.31145
0.206469 0.385964 0.327975
0.223047 0.294605 0.657014
0.221143 0.437885 0.386021
0.209474 0.329786 0.91161
0.224825 0.467933 0.700717
0.202366 0.166229 0.192417
0.202366 0.216582 0.452967
0.211258 0.476918 0.651011
0.221765 0.351465 0.171357
0.205127 0.269584 0.655514
0.026468 0.566244 0.712829
0.215436 0.248507 0.347017
0.403442 0.563493 0.719189
0.224994 0.404906 0.718224
0.187788 0.217829 0.454644
0.228065 0.557263 0.40557
0.233952 0.268631 0.747363
0.207868 0.151355 0.364778
0.207153 0.207602 0.967748
0.223409 0.21104 0.476109
0.224347 0.15614 0.363648
0.195573 0.208805 0.299532
0.217047 0.295348 0.576623
0.196734 0.320201 0.286628
0.189803 0.34499 0.714428
0.20601 0.293336 0.572854
0.217412 0.409095 0.341149
0.202366 0.226099 0.480997
0.195995 0.250866 0.46579
0.210013 0.31724 0.301049
0.220458 0.216844 0.971244
0.241671 0.559177 0.328894
0.224698 0.255168 0.0406156
0.213308 0.485422 0.383826
0.198284 0.322443 0.284276
0.225864 0.0475826 0.136354
0.292969 0.103964 0.373216
0.0360559 0.539862 0.720281
0.225864 0.22572 0.0393611
0.404668 0.556819 0.724223
0.198883 0.289843 0.264243
0.202366 0.148461 0.3675
0.212525 0.165324 0.0481904
0.221463 0.366202 0.836717
0.205237 0.194713 0.780486
0.209189 0.279595 0.351763
0.219193 0.30407 0.68268
0.225448 0.362718 0.642594
0.223411 0.558312 0.397396
0.209003 0.350061 0.837535
0.210976 0.0727949 0.32098
0.225318 0.237058 0.477401
0.215552 0.239226 0.479994
0.210953 0.24286 0.648183
0.202366 0.2035 0.438996
0.224991 0.354463 0.740007
0.196079 0.310087 0.279171
0.208117 0.203975 0.627964
0.201134 0.428604 0.680637
0.0637802 0.538504 0.720264
0.21168 0.457481 0.501752
0.228881 0.36177 0.317824
0.213485 0.370508 0.184452
0.215684 0.450957 0.705432
0.212829 0.497974 0.669749
0.215739 0.233611 0.650433
0.24367 0.1858 0.432691
0.382454 0.552427 0.698686
0.206704 0.0552849 0.890496
0.223571 0.274044 0.352802
 0.025 0.557817 0.700435
0.208402 0.174068 0.973246
0.146384 0.299163 0.515793
0.204342 0.474285 0.698952
0.226367 0.356913 0.173979
0.20609 0.348827 0.853578
0.258764 0.522186 0.3376
0.212929 0.112421 0.930984
0.218969 0.476918 0.434288
0.211003 0.36563 0.16047
0.192421 0.376628 0.701513
0.102591 0.563799 0.712343
0.21977 0.457481 0.638163
0.235528 0.364935 0.315483
0.224299 0.0389377 0.165969
0.19131 0.194486 0.307368
0.202366 0.546665 0.687697
0.175606 0.52439 0.349696
0.21062 0.457481 0.568718
0.213593 0.485422 0.391507
0.225448 0.200906 0.460729
0.189829 0.208727 0.300764
0.201403 0.559434 0.327864
0.217327 0.476918 0.489928
0.223184 0.344105 0.891149
0.199936 0.444778 0.689475
0.219912 0.281034 0.33131
0.209022 0.269926 0.957469
0.22509 0.0437552 0.846054
0.370576 0.54012 0.723582
0.275239 0.558689 0.724521
0.206708 0.303679 0.678123
0.258853 0.527978 0.332776
0.216654 0.201374 0.37351
0.20048 0.181951 0.434355
0.233952 0.313506 0.736195
0.197507 0.258408 0.759451
0.211402 0.182367 0.358191
0.20601 0.372243 0.666144
0.202366 0.205786 0.222646
0.205918 0.1389 0.348593
0.0816314 0.538225 0.711653
0.218563 0.414221 0.715636
0.199936 0.473888 0.692204
0.202366 0.168054 0.398663
0.214551 0.31701 0.426822
0.220022 0.525428 0.686684
0.213914 0.457481 0.654337
0.225977 0.209702 0.203858
0.199143 0.554736 0.406983
0.225448 0.228815 0.48436
0.20201 0.404616 0.337875
0.23337 0.285507 0.261046
0.207873 0.217007 0.802829
0.233787 0.193866 0.319131
0.221568 0.0486424 0.850902
0.233952 0.305239 0.725469
0.211676 0.175885 0.973945
0.225447 0.188369 0.202631
0.253113 0.103179 0.408887
0.225588 0.299294 0.930279
0.211746 0.130621 0.639855
0.27557 0.559692 0.722849
0.206822 0.447514 0.706388
0.202366 0.228408 0.20728
0.205233 0.354625 0.238753
0.202366 0.205326 0.403644
0.202028 0.201438 0.199109
0.20601 0.385551 0.680015
0.294993 0.103964 0.392313
0.225448 0.269822 0.52802
0.159667 0.295129 0.515793
0.184433 0.544297 0.726087
0.218311 0.206856 0.0460425
0.360936 0.555778 0.729363
0.225447 0.47444 0.437729
0.218491 0.354721 0.802108
0.236154 0.258028 0.749196
0.209189 0.269654 0.340014
0.20601 0.421709 0.395132
0.225448 0.461286 0.670554
0.402604 0.561038 0.723043
0.214784 0.371716 0.638494
0.213088 0.0881288 0.66539
0.207876 0.348455 0.117095
0.20601 0.363347 0.630099
0.205578 0.331657 0.707821
0.212841 0.105407 0.0752131
0.218185 0.26617 0.661252
0.229093 0.187282 0.808892
0.205456 0.133889 0.35018
0.214033 0.335856 0.729349
0.224337 0.224979 0.356436
0.202366 0.146711 0.341321
0.361762 0.537092 0.714122
0.207337 0.100959 0.340747
0.207302 0.196355 0.969416
0.21351 0.0429572 0.811377
0.20601 0.199453 0.426354
0.210572 0.205968 0.375368
0.191421 0.235173 0.77565
0.226277 0.352237 0.248325
0.194274 0.323715 0.714458
0.202366 0.217572 0.231595
0.195964 0.545918 0.727562
0.202366 0.149744 0.244043
0.225448 0.392022 0.66459
0.199398 0.196107 0.460489
0.24367 0.26394 0.752206
0.205972 0.141515 0.645344
0.226803 0.20431 0.363376
0.20601 0.239518 0.503305
0.224389 0.124592 0.953064
0.160475 0.543205 0.715398
0.221898 0.471031 0.398199
0.151739 0.304412 0.514694
0.219518 0.146484 0.0351793
0.225448 0.470466 0.632723
0.225571 0.0583053 0.890441
0.139744 0.542552 0.723179
0.205403 0.0631236 0.296994
0.202366 0.207391 0.454842
0.20601 0.462907 0.665283
0.208976 0.213942 0.436772
0.210021 0.361951 0.142379
0.219261 0.209076 0.645353
0.218971 0.268178 0.417146
0.202644 0.520351 0.664816
0.225448 0.229649 0.471261
0.202366 0.53242 0.678068
0.202366 0.207639 0.164314
0.206979 0.392491 0.340957
0.235851 0.223805 0.773279
0.22362 0.0915429 0.934542
0.258036 0.103964 0.381555
0.207918 0.346608 0.114334
0.21645 0.290678 0.0773171
0.199936 0.484132 0.674857
0.199936 0.469664 0.677988
0.206308 0.0445791 0.751975
0.204939 0.0533539 0.27105
0.20601 0.256725 0.509028
0.244357 0.542668 0.723373
0.225448 0.233223 0.424139
0.207709 0.476918 0.596739
0.202366 0.24585 0.449581
0.202366 0.177822 0.436795
0.202366 0.245377 0.315792
0.198391 0.322903 0.281185
