0.134322 0.156096 0.579574
0.145364 0.74033 0.299595
0.127874 0.332889 0.251088
0.128063 0.674218 0.530336
0.143417 0.406999 0.437849
0.129126 0.726422 0.0692894
0.115814 0.254202 0.369956
0.121622 0.625918 0.247404
0.145602 0.203652 0.386493
0.122978 0.0852895 0.542321
0.117967 0.224207 0.341203
0.125922 0.389217 0.174674
0.115654 0.267054 0.40338
0.12942 0.136311 0.578201
0.119189 0.278625 0.35248
0.113674 0.344402 0.233903
0.101725 0.377948 0.384367
0.126792 0.221322 0.58226
0.148411 0.766458 0.34455
0.134322 0.896753 0.25288
0.13437 0.174294 0.521868
0.130436 0.960394 0.387093
0.148226 0.769325 0.373457
0.132599 0.813418 0.584581
0.12798 0.726387 0.0982494
0.122481 0.0674769 0.308103
0.211089 0.770568 0.0724624
0.13088 0.600104 0.273302
0.140106 0.425574 0.479858
0.120766 0.339676 0.42197
0.111919 0.739328 0.213447
0.174888 0.31883 0.0446828
0.122217 0.596221 0.40192
0.13251 0.152599 0.229098
0.125475 0.898942 0.489322
0.149351 0.744691 0.265536
0.13405 0.329486 0.546595
0.127639 0.744981 0.570352
0.140887 0.735798 0.416288
0.121622 0.591502 0.269119
0.14291 0.341016 0.0429919
0.145602 0.227933 0.402478
0.12047 0.346685 0.535607
0.12047 0.144979 0.237322
0.124609 0.460655 0.071559
0.126738 0.77678 0.209069
0.122512 0.335465 0.371751
0.129256 0.931111 0.496345
0.105639 0.74023 0.292407
0.130521 0.697919 0.151304
0.12047 0.882371 0.554761
0.230322 0.840366 0.123873
0.12047 0.0815361 0.530377
0.186039 0.751981 0.0627683
0.129241 0.753093 0.586584
0.12047 0.745348 0.579288
0.131102 0.868619 0.229986
0.137549 0.84847 0.463311
0.215646 0.844622 0.113227
0.127032 0.441582 0.419951
0.114681 0.216913 0.367388
0.134341 0.434474 0.419134
0.0302317 0.854487 0.0800991
0.143417 0.44417 0.437455
0.120603 0.742478 0.134706
0.134322 0.931384 0.507359
0.142868 0.783241  0.398
0.139741 0.795233 0.455825
0.105829 0.75527 0.343075
0.123174 0.484146 0.150325
0.116993 0.750676 0.18451
0.121622 0.413278 0.371553
0.132896 0.596608 0.401303
0.131982 0.450428 0.408873
0.12047 0.0359589 0.380628
0.128151 0.396109 0.412342
0.118003 0.85974 0.379335
0.123675 0.443245 0.403497
0.122146 0.601538 0.356926
0.122898 0.407677 0.415538
0.123681 0.960699 0.409625
0.147426 0.193269 0.395699
0.0972694 0.234613 0.412279
0.132453 0.605648 0.39803
0.149847 0.308825 0.285965
0.132498 0.674048 0.457739
0.132476 0.707446 0.29663
0.13622 0.738131 0.182636
0.0285439 0.835912 0.130929
0.146195 0.419991 0.376982
0.029628 0.852978 0.0865581
0.124361 0.654161 0.279445
0.186987 0.463021 0.478974
0.136361 0.750964 0.188338
0.108226 0.35775 0.0496318
0.143417 0.452712 0.407748
0.0251957 0.801825 0.164937
0.121622 0.402087 0.266821
0.0410854 0.792059 0.0689969
0.136799 0.182317 0.495586
0.151179 0.381824 0.0574084
0.131912 0.628487 0.29303
0.134322 0.839957 0.222454
0.121118 0.106475 0.556739
0.104074 0.748501 0.301505
0.123843 0.387295 0.151045
0.130854 0.14781 0.582998
0.1766 0.464673 0.4805
0.133227 0.742125 0.120832
0.12047 0.778565 0.216728
0.111514 0.204315 0.423411
0.124481 0.622306 0.328607
0.126455 0.533901 0.318907
0.141972 0.833568 0.398326
0.0401061 0.782563 0.0727495
0.126763 0.534789 0.143119
0.216025 0.830668 0.0880408
0.121176 0.622314 0.491929
0.113373 0.791973 0.370303
0.146302 0.408992 0.477062
0.123659 0.854229 0.285894
0.123489 0.190031 0.593583
0.151146 0.446445 0.44803
0.121241 0.0708462 0.288699
0.12599 0.609629 0.422934
0.104273 0.74593 0.185745
0.110518 0.768513 0.351006
0.140687 0.454365 0.467619
0.134322 0.654325 0.268655
0.123174 0.654748 0.148088
0.134314 0.223276 0.288013
0.120991 0.177523 0.588302
0.112839 0.430365 0.0686414
0.103727 0.731136 0.181056
0.0777822 0.366199 0.373361
0.104399 0.74404 0.294776
0.132354 0.896518 0.465413
0.123816 0.37144 0.321967
0.129221 0.739954 0.569557
0.112801 0.190883 0.401253
0.129513 0.595992 0.376986
0.14804 0.233303 0.381435
0.129414 0.579794 0.152827
0.104915 0.230342 0.388072
0.123756 0.846957 0.577735
0.1335 0.613669 0.324222
0.12902 0.382773 0.463689
0.133611 0.461361 0.391345
0.140247 0.795554 0.337947
0.134004 0.551561 0.312097
0.114093 0.25836 0.43305
0.129755 0.97268 0.416885
0.127762 0.973945 0.409507
0.126258 0.857523 0.574207
0.107368 0.749891 0.2566
0.134322 0.356228 0.289904
0.130369 0.0656813 0.382281
0.12047 0.154995 0.234156
0.117629 0.730258 0.181056
0.118384 0.25195 0.48398
0.134312 0.921234 0.27429
0.224837 0.792564 0.0623493
0.124763 0.304269 0.573762
0.122354 0.627438 0.313934
0.132185 0.48309 0.368699
0.0379853 0.81943 0.151303
0.210245 0.75667 0.0736766
0.109053 0.763257 0.324511
0.120678 0.799788 0.219425
0.0847552 0.327981 0.0562642
0.121673 0.927485 0.278265
0.111164 0.732667 0.237587
0.134322 0.705912 0.563095
0.122015 0.236136 0.592371
0.229399 0.775852 0.0700764
0.144304 0.201609 0.41499
0.121639 0.960313 0.364598
0.129015 0.644633 0.315262
0.146133 0.792915 0.408218
0.128102 0.872224 0.547272
0.135898 0.180661 0.50079
0.143417 0.415042 0.439011
0.128173 0.637304 0.223065
0.145049 0.77264 0.352475
0.13399 0.726756 0.57018
0.121622 0.475894 0.381699
0.111318 0.215433 0.398406
0.121743 0.40358 0.428853
0.037237 0.817176 0.0834996
0.12382 0.19561 0.594157
0.101725 0.410593 0.415848
0.148639 0.730671 0.227644
0.0351389 0.809475 0.169846
0.128171 0.404551 0.385844
0.131764 0.360081 0.390097
0.145897 0.222834 0.398558
0.141376 0.444066 0.379074
0.123509 0.531426 0.33578
0.123437 0.529769 0.337272
0.127465 0.113326 0.56649
0.118261 0.298971 0.405837
0.130124 0.404379 0.390915
0.135757 0.727324 0.474444
0.124887 0.84551 0.578509
0.132518 0.374041 0.192284
0.133115 0.654508 0.275722
0.124871 0.332121 0.273209
0.146749 0.363691 0.466695
0.0731076 0.750637 0.0731676
0.150128 0.735504 0.20276
0.134322 0.843289 0.573568
0.131031 0.641395 0.369566
0.127008 0.662236 0.499761
0.122426 0.884229 0.251924
0.134075 0.5262 0.332589
0.130079 0.0832337 0.485564
0.126989 0.379759 0.469533
0.128274 0.4543 0.152486
0.113574 0.294122 0.417546
0.142369 0.739363 0.279123
0.147358 0.764288 0.367159
0.125556 0.391719 0.395544
0.130908 0.40019 0.144343
0.118862 0.18433 0.482134
0.132213 0.732435 0.228982
0.131216 0.972921 0.408339
0.143417 0.39953 0.41354
0.22423 0.871953 0.132157
0.14186 0.742645 0.205332
0.139435 0.187287 0.476008
0.129925 0.729437 0.188338
0.125077 0.877634 0.548914
0.125461 0.413967 0.310918
0.145048 0.457739 0.389089
0.13035 0.71624 0.143575
0.13135 0.949352 0.491736
0.145602 0.202626 0.390288
0.143626 0.426478 0.0649134
0.230817 0.844192 0.100953
0.133389 0.386093 0.463676
0.129759 0.651272 0.319594
0.122697 0.42104 0.0559537
0.145762 0.235261 0.43716
0.152163 0.241013 0.365502
0.160561 0.355118 0.0623637
0.13198 0.606698 0.393244
0.121622 0.576395 0.288434
0.112811 0.771438 0.426662
0.132984 0.0751979 0.28262
0.21293 0.758654 0.0737697
0.125452 0.627897 0.317239
0.123815 0.604169 0.144077
0.134322 0.168464 0.583437
0.037927 0.762785 0.0728388
0.128432 0.39553 0.17447
0.110839 0.325921 0.273758
0.0296265 0.830845 0.138666
0.133858 0.281706 0.238502
0.13232 0.69189 0.551449
0.111088 0.753281 0.322336
0.103249 0.277012 0.414794
0.12047 0.607839 0.450374
0.12047 0.188268 0.223758
0.227879 0.851538 0.115338
0.146826 0.319846 0.266336
0.145694 0.278079 0.332743
0.115084 0.176836 0.40101
0.142702 0.775372 0.380745
0.12047 0.956051 0.46805
0.125799 0.728256 0.231783
0.12047 0.276746 0.233993
0.125345 0.364883 0.408893
0.133708 0.958568 0.442705
0.134322 0.0590849 0.501602
0.101725 0.403369 0.40792
0.143417 0.434161 0.39447
0.229877 0.816435 0.152974
0.125985 0.931416 0.345942
0.118148 0.872029 0.391822
0.133907 0.135441 0.238923
0.137123 0.732313 0.324089
0.145696 0.437822 0.477448
0.114314 0.725449 0.187184
0.230949 0.817877 0.0751443
0.138611 0.148357 0.444302
0.132577 0.687268 0.238013
0.122293 0.334642 0.457784
0.125818 0.0462347 0.358747
0.11225 0.221766 0.426531
0.109699 0.226344 0.401549
0.127774 0.757193 0.587403
0.128043 0.951025 0.455781
0.128971 0.394525 0.431449
0.127428 0.189345 0.577571
0.129722 0.555332 0.152403
0.145812 0.227219 0.403084
0.129427 0.278754 0.250136
0.126843 0.742525 0.228248
0.12047 0.277795 0.233461
0.113558 0.244644 0.419932
0.1279 0.709936 0.17357
0.12774 0.683843 0.180462
0.130928 0.66665 0.21202
0.14937 0.746837 0.283611
0.12047 0.110214 0.554496
0.132911 0.633616 0.231639
0.150989 0.2785 0.337918
0.120693 0.959513 0.461197
0.131118 0.594951 0.403532
0.131623 0.956696 0.359085
0.128547 0.972469 0.374711
0.143554 0.199314 0.389661
0.15183 0.265341 0.33182
0.108711 0.728711 0.233963
0.14675 0.363558 0.377181
0.132895 0.256909 0.5802
0.15147 0.388168 0.0659546
0.134322 0.756985 0.216716
0.12569 0.337587 0.260116
0.124503 0.8099 0.224072
0.120626 0.604098 0.388359
0.10064 0.218578 0.403612
0.0398462 0.832286 0.141658
0.145102 0.76136 0.31542
0.134322 0.610147 0.459372
0.104577 0.751221 0.284821
0.111441 0.737406 0.256399
0.121598 0.400491 0.437026
0.137785 0.336456 0.254353
0.12047 0.602418 0.391326
0.120576 0.240798 0.505688
0.126154 0.415047 0.318679
0.0982685 0.229127 0.382611
0.144447 0.341988 0.24057
0.1214 0.401123 0.429987
0.121054 0.389719 0.360704
0.132809 0.365622 0.294007
0.129766 0.957361 0.322412
0.121232 0.053549 0.483125
0.13981 0.271095 0.371535
0.143479 0.811258 0.409176
0.130456 0.598158 0.143721
0.133864 0.741618 0.505616
0.130405 0.956085 0.358343
0.141038 0.766827 0.43516
0.121303 0.735543 0.578785
0.121874 0.0962221 0.406703
0.14055 0.360973 0.224829
0.123906 0.848459 0.511768
0.147761 0.404088 0.0655923
0.143612 0.35278 0.229214
0.145602 0.218712 0.404536
0.141446 0.320071 0.0332872
0.12201 0.0424721 0.477539
0.127526 0.658127 0.503502
0.0315714 0.866721 0.140297
0.131754 0.040234 0.430651
0.111245 0.325161 0.0358836
0.12132 0.730009 0.227853
0.133085 0.34974 0.276072
0.107548 0.251224 0.35967
0.132936 0.0685999 0.304983
0.110914 0.787668 0.385177
0.133802 0.607044 0.342269
0.144079 0.401954 0.470518
0.125761 0.902414 0.529922
0.126356 0.571324 0.284539
0.13758 0.398846 0.0562435
0.125637 0.752382 0.0625268
0.129581 0.329797 0.280961
0.127004 0.922826 0.269008
0.12134 0.400559 0.43197
0.121622 0.523199 0.335357
0.128545 0.652899 0.152574
0.131772 0.772962 0.587323
0.123472 0.8905 0.308263
0.117992 0.380729 0.0536414
0.14455 0.772633 0.389383
0.150664 0.429058 0.430643
0.223966 0.78578 0.160348
0.142763 0.761744 0.353332
0.136283 0.692709 0.375685
0.133763 0.312545 0.565442
0.134322 0.398946 0.423988
0.141071 0.373147 0.465793
0.143539 0.343196 0.421193
0.133624 0.310403 0.567186
0.121335 0.682408 0.555112
0.0952361 0.357641 0.0685992
0.149796 0.33447 0.0411431
0.104465 0.765877 0.355334
0.131554 0.708459 0.16028
0.124376 0.359945 0.304333
0.132541 0.303127 0.509097
0.122704 0.871351 0.232073
0.14801 0.203023 0.423575
0.132293 0.64516 0.272476
0.126156 0.0600975 0.297947
0.125412 0.390442 0.191299
0.104569 0.765985 0.351777
0.143883 0.303361 0.283734
0.181955 0.478845 0.474054
0.128259 0.388473 0.381912
0.138306 0.713602 0.415886
0.134322 0.272815 0.581758
0.129563 0.390033 0.375979
0.0300768 0.796884 0.172339
0.126147 0.393613 0.124036
0.123346 0.336752 0.457093
0.226814 0.834121 0.080271
0.126749 0.524571 0.327356
0.117357 0.7164 0.377781
0.129867 0.733989 0.216549
0.121622 0.388094 0.157112
0.101929 0.383003 0.394887
0.124246 0.423894 0.404677
0.0336989 0.809359 0.169891
0.122393 0.459873 0.388772
0.120761 0.602272 0.436824
0.135774 0.325601 0.396944
0.116528 0.412433 0.43756
0.134322 0.619809 0.315244
0.111658 0.741466 0.200962
0.0924257 0.374635 0.380643
0.132993 0.304756 0.316028
0.0926772 0.348651 0.0571507
0.121542 0.329339 0.40785
0.12047 0.377081 0.31705
0.138783 0.148153 0.377069
0.0923278 0.379225 0.373361
0.126665 0.662964 0.500459
0.123237 0.685708 0.180734
0.131341 0.63469 0.304303
0.0400578 0.778976 0.0730857
0.121025 0.742611 0.128071
0.122313 0.88758 0.544012
0.142127 0.76742 0.423006
0.128315 0.38448 0.0693764
0.122869 0.337514 0.370792
0.121622 0.414963 0.338857
0.12047 0.359772 0.295598
0.126498 0.722056 0.161806
0.140728 0.386797 0.378848
0.12918 0.972503 0.377336
0.122173 0.389811 0.44543
0.136584 0.87896 0.409389
0.129505 0.960075 0.327975
0.134321 0.624762 0.244193
0.128581 0.381721 0.345906
0.124225 0.411683 0.43716
0.127826 0.275983 0.225709
0.0407039 0.838799 0.140957
0.131021 0.0875376 0.484466
0.113738 0.183303 0.400258
0.13318 0.386852 0.353087
0.107615 0.772874 0.388283
0.128822 0.406046 0.40664
0.148746 0.296584 0.313066
0.132026 0.957972 0.435921
0.133901 0.384457 0.43116
0.0332193 0.868992 0.0919246
0.13991 0.453754 0.389876
0.14437 0.230662 0.419975
0.111402 0.327411 0.255822
0.131403 0.40236 0.439164
0.129967 0.790551 0.588496
0.107963 0.759942 0.0625859
0.14539 0.280103 0.318878
0.103831 0.733495 0.225802
0.130546 0.837739 0.257063
0.143417 0.431846 0.400368
0.134803 0.361445 0.224739
0.129382 0.414878 0.434017
0.141731 0.735502 0.238738
0.127698 0.964107 0.461849
0.193896 0.763554 0.0715724
0.142269 0.743168 0.192917
0.112657 0.329493 0.26977
0.147504 0.746295 0.227092
0.134708 0.173702 0.518846
0.119145 0.742018 0.144947
0.0899611 0.373813 0.373361
0.121622 0.592629 0.274447
0.13224 0.946649 0.471175
0.141844 0.822726 0.428648
0.137885 0.331755 0.249589
0.11807 0.738413 0.182507
0.135159 0.392604 0.430606
0.132822 0.591951 0.148135
0.128005 0.940339 0.480172
0.121848 0.22995 0.219843
0.133983 0.598697 0.390989
0.126756 0.110964 0.547466
0.125048 0.529321 0.338395
0.111971 0.208475 0.388139
0.11737 0.376524 0.193592
0.12047 0.601667 0.430338
0.122625 0.959974 0.428626
0.122895 0.942309 0.479457
0.124192 0.126455 0.573231
0.155475 0.246312 0.415107
0.137251 0.363451 0.204363
0.123998 0.758781 0.0748585
0.106333 0.749732 0.256902
0.110448 0.767013 0.367772
0.12925 0.104381 0.559574
0.12602 0.202156 0.230767
0.124673 0.35194 0.463045
0.123174 0.514246 0.148272
0.12552 0.813293 0.541488
0.132648 0.489994 0.363216
0.141648 0.79567 0.348029
0.128144 0.455263 0.0638119
0.13236 0.0477067 0.346055
0.128293 0.27479 0.22555
0.1248 0.381556 0.115622
0.145206 0.234325 0.402495
0.123174 0.489486 0.145084
0.148003 0.312584 0.417478
0.134322 0.397012 0.370346
0.125345 0.739688 0.214856
0.146321 0.407081 0.474438
0.0339457 0.805997 0.0791724
0.104791 0.771984 0.373747
0.123847 0.718342 0.285084
0.125841 0.0474922 0.318558
0.223266 0.83088 0.157031
0.143417 0.438454 0.453361
0.134322 0.748099 0.57692
0.122352 0.292545 0.566875
0.154887 0.428849 0.431486
0.146428 0.775896 0.391776
0.122284 0.666038 0.532684
0.146195 0.459765 0.399941
0.146573 0.303715 0.413129
0.134009 0.258275 0.530885
0.141011 0.375438 0.375656
0.161627 0.471298 0.473218
0.134322 0.720598 0.226126
0.083894 0.381312 0.378838
0.138285 0.144644 0.374406
0.129098 0.276402 0.252709
0.134447 0.711327 0.492242
0.118266 0.227192 0.326692
0.11959 0.157246 0.350823
0.136766 0.183738 0.488794
0.131036 0.625386 0.235701
0.126622 0.184494 0.232582
0.0778512 0.751704 0.0738101
0.125572 0.615925 0.486473
0.134322 0.198037 0.226472
0.133977 0.391927 0.171561
0.121707 0.393615 0.464398
0.0708873 0.752211 0.0627039
0.120895 0.197098 0.585329
0.120763 0.316801 0.406409
0.131195 0.781681 0.58834
0.133266 0.661554 0.420915
0.12047 0.190957 0.223864
0.12047 0.655249 0.272043
0.147263 0.749426 0.258387
0.152079 0.243107 0.413885
0.131259 0.364424 0.435022
0.144076 0.278481 0.38147
0.134212 0.760124 0.0740494
0.147273 0.734303 0.267862
0.121072 0.0603499 0.497755
0.0436882 0.765917 0.0618253
0.132802 0.329015 0.555426
0.126816 0.543635 0.326013
0.137467 0.144389 0.375728
0.144312 0.267382 0.381678
0.125947 0.5129 0.143384
0.121008 0.323746 0.407468
0.21204 0.774028 0.0703571
0.117683 0.327124 0.258001
0.122395 0.297955 0.564259
0.11219 0.756795 0.0618253
0.130499 0.745594 0.154466
0.124317 0.387389 0.0729525
0.13296 0.407813 0.328583
0.129304 0.691184 0.191433
0.121766 0.832019 0.226739
0.133953 0.728078 0.181056
0.124009 0.370366 0.515007
0.218424 0.835542 0.0833661
0.111496 0.334603 0.261067
0.13232 0.607946 0.424438
0.123125 0.859647 0.559103
0.131829 0.589433 0.14561
0.145025 0.310791 0.450321
0.127013 0.886545 0.256218
0.117444 0.272697 0.446953
0.138113 0.299409 0.404412
0.133581 0.963493 0.448895
0.12781 0.683893 0.5433
0.129198 0.0426079 0.483264
0.110848 0.206976 0.40641
0.145759 0.333094 0.420959
0.121374 0.0376223 0.384872
0.123045 0.724049 0.566276
0.134258 0.282407 0.579557
0.221028 0.840164 0.0801866
0.128219 0.642188 0.142646
0.145074 0.236229 0.41497
0.0327051 0.845616 0.0923385
0.117329 0.747832 0.345078
0.133775 0.190885 0.221956
0.131585 0.680359 0.149839
0.22118 0.832196 0.155837
0.143417 0.444283 0.394873
0.127466 0.62009 0.458026
0.0338724 0.845067 0.14275
0.121791 0.842115 0.502961
0.229545 0.782759 0.164104
0.145852 0.210164 0.402019
0.12047 0.660595 0.534589
0.0257947 0.823605 0.15222
0.111452 0.73645 0.250405
0.12047 0.968514 0.39353
0.130439 0.652586 0.225866
0.12732 0.937279 0.286347
0.122017 0.299037 0.248133
0.205849 0.765849 0.0729378
0.142034 0.749369 0.409299
0.125922 0.224148 0.595893
0.126585 0.741223 0.181056
0.169257 0.33202 0.0459938
0.121622 0.382618 0.105233
0.134613 0.63496 0.233586
0.132773 0.402977 0.397619
0.132527 0.573102 0.148541
0.147106 0.296236 0.313208
0.119552 0.136157 0.387019
0.158731 0.763669 0.0664649
0.142751 0.730789 0.230842
0.134322 0.361131 0.519183
0.139027 0.188701 0.468884
0.133905 0.383988 0.340893
0.118081 0.850096 0.441314
0.12212 0.764185 0.0689644
0.136248 0.165174 0.337881
0.120795 0.966549 0.435074
0.122702 0.945807 0.325552
0.116375 0.263582 0.363327
0.125783 0.726506 0.0848937
0.130408 0.913505 0.260953
0.149336 0.750621 0.305652
0.134872 0.713439 0.48967
0.134322 0.686359 0.555642
0.13622 0.850148 0.330418
0.029628 0.849861 0.0859864
0.141091 0.308872 0.289292
0.109918 0.739271 0.287154
0.139209 0.419529 0.439585
0.149116 0.313935 0.279345
0.134322 0.125339 0.563499
0.154887 0.462437 0.465855
0.132488 0.383233 0.111345
0.147628 0.452585 0.45417
0.142316 0.748824 0.310651
0.126163 0.567119 0.143314
0.167197 0.763285 0.0654853
0.13154 0.411686 0.381575
0.139663 0.750399 0.187584
0.123635 0.410317 0.283187
0.14945 0.389821 0.0584045
0.141791 0.439676 0.376855
0.141269 0.793452 0.350951
0.122106 0.0421881 0.365235
0.14756 0.281841 0.380699
0.118339 0.209858 0.323932
0.179437 0.459444 0.478873
0.135695 0.744387 0.497768
0.131587 0.727455 0.110662
0.142531 0.30046 0.414213
0.127114 0.623887 0.501382
0.122413 0.621209 0.304632
0.1258 0.390641 0.384643
0.120587 0.895542 0.541289
0.114386 0.209761 0.444745
0.135871 0.81754 0.298209
0.112867 0.215353 0.378614
0.129443 0.796942 0.223266
0.11208 0.735913 0.219825
0.22654 0.855283 0.0800942
0.131518 0.965815 0.450534
0.132321 0.132881 0.563861
0.231026 0.814163 0.157462
0.143726 0.763083 0.412659
0.123227 0.320222 0.32355
0.133149 0.913337 0.533923
0.124309 0.759949 0.538956
0.12705 0.678958 0.185259
0.125746 0.616501 0.453448
0.12047 0.384909 0.473128
0.133683 0.243251 0.228229
0.133403 0.382179 0.0902636
0.134322 0.0329122 0.381534
0.128384 0.744928 0.153075
0.127752 0.617436 0.396993
0.0900318 0.371665 0.380643
0.154887 0.457664 0.459394
0.12066 0.870487 0.23476
0.104256 0.742088 0.282935
0.128535 0.188315 0.237793
0.145241 0.310779 0.29439
0.150515 0.285556 0.327127
0.13797 0.134925 0.431033
0.133844 0.408411 0.322905
0.134766 0.439546 0.413676
0.153059 0.260169 0.338296
0.121622 0.399828 0.240903
0.121272 0.242669 0.520129
0.131412 0.629306 0.291134
0.121942 0.287683 0.242781
0.132983 0.83871 0.577906
0.121622 0.384249 0.0950297
0.125628 0.501903 0.151626
0.121776 0.67012 0.260732
0.134458 0.728965 0.0789678
0.130415 0.905231 0.545073
0.131472 0.37533 0.195713
0.213131 0.756531 0.0725929
0.124946 0.611822 0.262487
0.12636 0.190404 0.594546
0.143417 0.428487 0.468526
0.12861 0.845271 0.218984
0.134267 0.307784 0.562286
0.107294 0.250481 0.360155
0.219537 0.777579 0.0618253
0.124688 0.417629 0.346473
0.137497 0.850843 0.442008
0.13407 0.139999 0.508183
0.137191 0.808967 0.31751
0.121622 0.573194 0.289529
0.121546 0.614673 0.339499
0.146146 0.750638 0.0731682
0.133422 0.0403718 0.368166
0.123563 0.72402 0.565997
0.121622 0.458071 0.400635
0.225006 0.852515 0.10786
0.131105 0.399542 0.184028
0.0288815 0.820344 0.0717426
0.143417 0.397932 0.435277
0.133621 0.326286 0.478652
0.130113 0.937777 0.423089
0.12652 0.454869 0.0750733
0.142311 0.764161 0.348712
0.113697 0.184843 0.401804
0.139864 0.316227 0.422057
0.127912 0.203969 0.216647
0.134871 0.103761 0.434691
0.119553 0.738758 0.0921466
0.130144 0.836108 0.540812
0.122863 0.849363 0.511326
0.123174 0.50541 0.149907
0.122613 0.597019 0.262563
0.082164 0.761641 0.0636091
0.140356 0.269614 0.410078
0.153329 0.744681 0.187283
0.132163 0.611973 0.442603
0.128259 0.748059 0.0677349
0.129037 0.594061 0.398226
0.122075 0.419191 0.368398
0.134294 0.104237 0.548598
0.133936 0.920461 0.525213
0.123443 0.632959 0.242386
0.223066 0.834627 0.104302
0.149164 0.739342 0.269559
0.148507 0.730739 0.229784
0.146435 0.412826 0.0718973
0.12047 0.0382012 0.361316
0.123132 0.247405 0.231607
0.147604 0.452407 0.463183
0.109218 0.285422 0.411134
0.145051 0.736988 0.284099
0.12047 0.400084 0.391282
0.130142 0.235726 0.218085
0.136739 0.733149 0.147105
0.130534 0.886557 0.28377
0.139312 0.184304 0.358805
0.154782 0.253195 0.415524
0.116131 0.155774 0.395254
0.137934 0.14024 0.448685
0.141266 0.7946 0.349717
0.121796 0.135573 0.566121
0.231235 0.788349 0.165594
0.129471 0.407916 0.427055
0.125031 0.725742 0.565992
0.142257 0.743543 0.223062
0.112112 0.311083 0.422383
0.13152 0.0866006 0.48375
0.130039 0.0358804 0.346477
0.117434 0.804579 0.45974
0.125298 0.709509 0.151518
0.12047 0.95821 0.451057
0.120197 0.16305 0.324994
0.123328 0.384473 0.423027
0.115711 0.366602 0.0504894
0.122963 0.640853 0.503176
0.0996128 0.252213 0.409069
0.143417 0.384154 0.40596
0.145765 0.342083 0.457254
0.126491 0.945218 0.340327
0.125626 0.596926 0.432105
0.130204 0.884624 0.559705
0.130032 0.40927 0.378571
0.106941 0.303808 0.287695
0.121622 0.381814 0.106406
0.121996 0.843601 0.576843
0.124314 0.590733 0.267592
0.123604 0.916027 0.394053
0.129386 0.409595 0.435034
0.107825 0.308784 0.295938
0.125872 0.640469 0.274736
0.126547 0.812316 0.210932
0.112464 0.203378 0.431768
0.132345 0.0910131 0.435991
0.129298 0.504869 0.152819
0.126908 0.13236 0.558995
0.125628 0.332937 0.25092
0.110221 0.740293 0.289551
0.215385 0.77181 0.0622724
0.143831 0.195245 0.413685
0.121622 0.403299 0.257872
0.142322 0.345747 0.375077
0.127878 0.767757 0.224092
0.128617 0.843516 0.232707
0.122674 0.625929 0.248511
0.0380615 0.839151 0.120373
0.135074 0.38247 0.200564
0.133155 0.630734 0.492004
0.120741 0.600618 0.369121
0.12047 0.606305 0.449807
0.142728 0.778879 0.383136
0.131558 0.835293 0.539713
0.202898 0.75757 0.07492
0.155193 0.466759 0.47904
0.127128 0.757018 0.557137
0.144754 0.225769 0.431517
0.128881 0.601047 0.448061
0.121904 0.811026 0.509249
0.133058 0.13117 0.248439
0.123174 0.696759 0.148822
0.120174 0.343989 0.246616
0.12047 0.319836 0.558973
0.12047 0.389386 0.469776
0.138218 0.792677 0.48115
0.133502 0.740488 0.279742
0.133101 0.121963 0.253513
0.0315658 0.788001 0.170516
0.220457 0.768611 0.0746519
0.122322 0.967293 0.357404
0.1331 0.52548 0.14736
0.124505 0.891442 0.305971
0.131154 0.661561 0.202656
0.131884 0.0788441 0.38222
0.10414 0.23635 0.412357
0.131014 0.552467 0.144488
0.129212 0.908571 0.274295
0.114447 0.812515 0.371362
0.112755 0.287327 0.312413
0.125484 0.285559 0.229798
0.137715 0.280548 0.454584
0.139675 0.831835 0.35721
0.137575 0.738221 0.188338
0.12047 0.91841 0.525353
0.145124 0.201885 0.384228
0.121094 0.934822 0.290032
0.220793 0.86942 0.132024
0.131484 0.050648 0.470766
0.101448 0.232863 0.404908
0.120741 0.752292 0.0733612
0.135406 0.390245 0.188796
0.121104 0.634419 0.299667
0.103781 0.282284 0.319259
0.1256 0.678898 0.151617
0.12381 0.736837 0.0703506
0.146033 0.280834 0.37731
0.121622 0.69629 0.182476
0.139223 0.75331 0.44844
0.129658 0.273487 0.573277
0.141788 0.344613 0.457898
0.143417 0.408107 0.417303
0.136417 0.224486 0.32152
0.129561 0.647922 0.475667
0.211678 0.769363 0.0635821
0.13211 0.606515 0.393293
0.146966 0.341704 0.460667
0.141654 0.317026 0.0316782
0.123174 0.419434 0.145196
0.0347256 0.846277 0.140509
0.220429 0.85225 0.0866717
0.122247 0.285612 0.570301
0.134208 0.351554 0.424053
0.141739 0.741379 0.222522
0.126584 0.963091 0.333542
0.146259 0.227891 0.418115
0.121178 0.711949 0.327128
0.121622 0.46485 0.39217
0.117736 0.146643 0.444227
0.127415 0.100713 0.55775
0.126852 0.94167 0.477237
0.12047 0.622742 0.312857
0.127971 0.5636 0.290929
0.119507 0.728455 0.168308
0.131184 0.385973 0.144722
0.133414 0.256204 0.588356
0.12275 0.869809 0.243113
0.12028 0.854897 0.333738
0.142876 0.337135 0.254019
0.134322 0.878812 0.556594
0.124875 0.37222 0.423557
0.129044 0.474838 0.372076
0.126342 0.626993 0.478101
0.106392 0.736278 0.279803
0.12864 0.722406 0.16243
0.131862 0.9512 0.337868
0.110556 0.307335 0.299437
0.1174 0.415523 0.437643
0.143536 0.414764 0.479565
0.12047 0.957077 0.454455
0.123505 0.319149 0.248156
0.132284 0.374059 0.50772
0.139122 0.846488 0.440742
0.0355838 0.871953 0.132115
0.127741 0.41126 0.394029
0.160321 0.23302 0.382642
0.126875 0.432857 0.427905
0.128397 0.334066 0.248593
0.127111 0.388118 0.152108
0.119569 0.411789 0.437787
0.131796 0.729214 0.230452
0.0410828 0.824388 0.154428
0.125931 0.715546 0.152108
0.13669 0.183123 0.492506
0.124319 0.41276 0.303336
0.0387997 0.802543 0.0662691
0.132789 0.715565 0.224485
0.126001 0.388132 0.178893
0.118549 0.729661 0.18688
0.127094 0.188489 0.239798
0.131396 0.126525 0.57298
0.105821  0.753 0.282939
0.141917 0.42309 0.48026
0.120809 0.216985 0.22019
0.136656 0.33516 0.419667
0.136608 0.707353 0.436574
0.126754 0.468687 0.151992
0.154887 0.456818 0.459954
0.144422 0.323068 0.380633
0.138906 0.337144 0.257165
0.13122 0.350378 0.490312
0.13198 0.309603 0.557163
0.139114 0.270446 0.373406
0.121906 0.144472 0.233122
0.132276 0.0816655 0.274724
0.131629 0.38851 0.17005
0.227712 0.852273 0.0830899
0.116697 0.785256 0.340145
0.23126 0.835895 0.139917
0.141907 0.413715 0.412005
0.136631 0.336813 0.254262
0.123232 0.805501 0.275435
0.140048 0.833681 0.352604
0.131152 0.744894 0.141939
0.128331 0.440274 0.404172
0.116921 0.766639 0.462238
0.121868 0.401866 0.425023
0.133356 0.743429 0.0917593
0.110425 0.771072 0.375736
0.125033 0.461799 0.151432
0.120092 0.164809 0.328802
0.127447 0.199734 0.216883
0.122697 0.38347 0.430881
0.140287 0.76399 0.0672833
0.121622 0.511641 0.346968
0.143417 0.384946 0.457804
0.137401 0.735422 0.0814372
0.076311 0.376859 0.373361
0.22739 0.835049 0.0814506
0.124724 0.394681 0.234552
0.111219 0.215475 0.426931
0.12047 0.902763 0.540697
0.12047 0.362829 0.512322
0.122725 0.832102 0.581008
0.124806 0.945952 0.469534
0.152847 0.382452 0.0706167
0.111528 0.780645 0.386037
0.138972 0.323862 0.263519
0.123625 0.338408 0.459007
0.124782 0.415458 0.426468
0.121622 0.63285 0.233506
0.134322 0.114453 0.559312
0.121874 0.867947 0.323521
0.13805 0.792932 0.481872
0.0263252 0.82043 0.0831604
0.151205 0.257412 0.343239
0.122095 0.0278256 0.406626
0.134015 0.322361 0.0338801
0.134322 0.360803 0.297662
0.153008 0.259093 0.416736
0.12501 0.609897 0.42934
0.12375 0.746038 0.213664
0.120472 0.844188 0.309867
0.133294 0.394492 0.419459
0.130005 0.0547448 0.306432
0.129615 0.270149 0.560246
0.124915 0.197479 0.594669
0.119753 0.293082 0.343138
0.143417 0.424072 0.441715
0.130609 0.820372 0.225941
0.151721 0.467107 0.478991
0.120835 0.956127 0.453303
0.12047 0.63728 0.506584
0.126025 0.282896 0.243383
0.13991 0.421145 0.478168
0.143892 0.769077 0.377489
0.135958 0.155152 0.326141
0.147716 0.265559 0.442831
0.127259 0.187664 0.577887
0.119578 0.376438 0.19094
0.118583 0.741694 0.332833
0.134322 0.0963231 0.267219
0.145602 0.223091 0.385616
0.129622 0.729778 0.240817
0.215654 0.832126 0.145746
0.123146 0.20946 0.595096
0.0581666 0.74908 0.0686843
0.125695 0.121534 0.25723
0.133919 0.41126 0.325784
0.134322 0.603011 0.431831
0.143417 0.425702 0.446933
0.125747 0.0396481 0.399571
0.145602 0.216738 0.430499
0.141072 0.744179 0.382098
0.118058 0.757238 0.461807
0.127521 0.84949 0.230716
0.125111 0.450048 0.151458
0.102604 0.246917 0.379298
0.142291 0.790647 0.357361
0.156767 0.261597 0.347759
0.127888 0.653935 0.280842
0.105896 0.728293 0.224864
0.143417 0.444702 0.452654
0.127274 0.95515 0.439459
0.133254 0.89364 0.247952
0.120749 0.94002 0.307314
0.139584 0.350379 0.242515
0.134322 0.949076 0.320511
0.123739 0.13087 0.561738
0.125848 0.942451 0.476318
0.137437 0.285476 0.45812
0.120894 0.320682 0.452426
0.127379 0.218943 0.230347
0.1428 0.768543 0.351512
0.113854 0.232619 0.4404
0.0396745 0.849672 0.120704
0.13202 0.839344 0.579103
0.144255 0.294115 0.312632
0.143219 0.359233 0.379954
0.121966 0.818489 0.574737
0.122565 0.414146 0.404847
0.125706 0.685526 0.561271
0.0261209 0.830304 0.154077
0.117592 0.327221 0.036243
0.12796 0.378334 0.469657
0.0358181 0.865232 0.107652
0.143975 0.769235 0.417526
0.110942 0.75707 0.318728
0.104134 0.744893 0.257171
0.125912 0.412002 0.395331
0.129919 0.502141 0.152132
0.0405397 0.827395 0.149995
0.120621 0.855722 0.233398
0.121622 0.398933 0.19803
0.122559 0.709869 0.571718
0.151482 0.447021 0.448606
0.131521 0.464392 0.384652
0.112037 0.738288 0.22394
0.146931 0.345276 0.45968
0.150374 0.249348 0.370905
0.121408 0.210883 0.585773
0.113168 0.764273 0.414765
0.142953 0.758946 0.402984
0.122516 0.622842 0.25128
0.12047 0.357154 0.523857
0.121622 0.389448 0.138713
0.142207 0.795118 0.357669
0.11997 0.842232 0.310959
0.131905 0.379739 0.500454
0.134322 0.844867 0.572261
0.131014 0.417836 0.349032
0.084046 0.362119 0.380643
0.121209 0.245683 0.222038
0.036393 0.852688 0.117313
0.123174 0.404821 0.147439
0.143417 0.38759 0.404836
0.130269 0.391981 0.218638
0.10454 0.2303 0.391853
0.107923 0.259948 0.41457
0.143417 0.443095 0.447129
0.142221 0.755539 0.317198
0.137082 0.170604 0.343878
0.121826 0.637661 0.50136
0.129569 0.32792 0.269518
0.123053 0.0810408 0.521956
0.149377 0.285459 0.328126
0.121143 0.968356 0.428693
0.110542 0.273451 0.329971
0.12725 0.974802 0.400116
0.143474 0.312329 0.290669
0.0330122 0.868949 0.0880397
0.133379 0.413657 0.437514
0.12047 0.620575 0.477581
0.227712 0.85302 0.0814647
0.126012 0.642476 0.29454
0.142831 0.221626 0.447854
0.145454 0.468887 0.44786
0.123174 0.722814 0.149088
0.0347319 0.853162 0.116035
0.220937 0.848754 0.0986896
0.117965 0.183984 0.481626
0.0357518 0.871751 0.136667
0.112257 0.309217 0.297851
0.126648 0.167167 0.222763
0.130048 0.489152 0.376883
0.128269 0.205668 0.581881
0.137994 0.735765 0.14848
0.113683 0.782721 0.368223
0.145124 0.209524 0.381238
0.139274 0.350332 0.418832
0.220751 0.826665 0.159792
0.128482 0.0439342 0.379743
0.124267 0.381021 0.313346
0.0254902 0.795438 0.167568
0.129349 0.393174 0.152836
0.122612 0.901643 0.442422
0.121224 0.0572743 0.504394
0.121997 0.606853 0.460114
0.125088 0.944505 0.500132
0.154397 0.21834 0.404047
0.125815 0.530065 0.33805
0.112523 0.207899 0.426072
0.124344 0.290009 0.246064
0.148535 0.752564 0.062417
0.121622 0.415245 0.372183
0.120163 0.341857 0.23973
0.159296 0.229231 0.399325
0.12964 0.753651 0.0881274
0.130293 0.469149 0.37798
0.142285 0.405159 0.0581608
0.12979 0.856033 0.223708
0.126442 0.595915 0.423938
0.118229 0.174637 0.344893
0.119805 0.737778 0.181056
0.132813 0.939208 0.503904
0.121626 0.306693 0.242648
0.121922 0.138667 0.235832
0.123014 0.66895 0.196243
0.133522 0.1218 0.559502
0.126686 0.29486 0.233663
0.130508 0.375629 0.438211
0.0404792 0.758176 0.0650902
0.138855 0.835395 0.352199
0.120384 0.135212 0.473143
0.16454 0.461725 0.4805
0.140585 0.338118 0.253751
0.140474 0.334961 0.254569
0.12511 0.755937 0.573607
0.12047 0.93498 0.500594
0.14606 0.230828 0.415457
0.134322 0.0391219 0.445971
0.204567 0.753924 0.0625252
0.143417 0.394072 0.401751
0.113095 0.780529 0.37518
0.13236 0.0971232 0.34145
0.131131 0.725667 0.135049
0.142505 0.223306 0.370212
0.0770452 0.370077 0.373361
0.220168 0.823746 0.0889855
0.127875 0.195017 0.231712
0.128699 0.394027 0.173777
0.128836 0.959415 0.382077
0.145602 0.217426 0.402438
0.229551 0.813637 0.154354
0.145569 0.303983 0.453395
0.123455 0.415606 0.331741
0.128638 0.489843 0.376281
0.129505 0.467338 0.142412
0.134322 0.185905 0.224318
0.135638 0.748357 0.084303
0.0358181 0.870097 0.103342
0.116739 0.239852 0.464475
0.1333 0.828497 0.523759
0.121475 0.681177 0.391788
0.14702 0.408231 0.0674321
0.148711 0.7524 0.325112
0.132234 0.636916 0.299564
0.114109 0.828076 0.393293
0.126943 0.286394 0.245323
0.12512 0.386249 0.17749
0.161732 0.219218 0.407886
0.229655 0.775239 0.0686797
0.122498 0.584245 0.286764
0.123111 0.317687 0.261578
0.129814 0.574323 0.152277
0.128554 0.681721 0.199804
0.146553 0.290868 0.450297
0.123903 0.929329 0.298241
0.145602 0.226907 0.38127
0.133273 0.365606 0.307845
0.143417 0.429866 0.43568
0.122136 0.695015 0.467505
0.146557 0.771537 0.349207
0.121518 0.684295 0.54777
0.143417 0.384177 0.44561
0.134322 0.238735 0.224386
0.143417 0.403351 0.406618
0.129371 0.394809 0.125333
0.135799 0.126421 0.432301
0.132159 0.396516 0.236081
0.133582 0.924286 0.512133
0.133433 0.473808 0.379568
0.121087 0.772553 0.286048
0.12529 0.345482 0.544465
0.124316 0.652094 0.534329
0.0890029 0.37507 0.373361
0.151457 0.290853 0.314887
0.132694 0.0377064 0.417188
0.129239 0.15241 0.585505
0.14502 0.760078 0.0740775
0.110681 0.284574 0.327765
0.121781 0.592006 0.27931
0.108989 0.739313 0.294768
0.119122 0.719502 0.33241
0.115679 0.250102 0.373385
0.150643 0.420803 0.432687
0.1407 0.173931 0.42738
0.130918 0.689062 0.19143
0.0284448 0.834404 0.15335
0.120452 0.705801 0.459372
0.14024 0.406301 0.378929
0.129969 0.731288 0.24132
0.132068 0.574734 0.284208
0.231325 0.840453 0.0965758
0.147126 0.325469 0.455742
0.129615 0.629987 0.247844
0.145602 0.204463 0.415431
0.137815 0.140615 0.429955
0.128314 0.390946 0.390382
0.0829049 0.363903 0.380643
0.12918 0.655046 0.15278
0.104329 0.376479 0.378063
0.12643 0.0735052 0.464781
0.121511 0.137317 0.237091
0.13197 0.620645 0.330189
0.137303 0.337465 0.040817
0.123605 0.965637 0.346571
0.146195 0.452799 0.463179
0.135934 0.360606 0.208985
0.123174 0.545539 0.146807
0.223549 0.845432 0.0924221
0.130998 0.638441 0.49902
0.0264398 0.796982 0.162286
0.133823 0.0490503 0.488153
0.128715 0.0652308 0.320982
0.133306 0.905558 0.541458
0.0397757 0.828752 0.0799017
0.111259 0.743122 0.213932
0.227019 0.851826 0.0801153
0.0985621 0.218539 0.407449
0.101508 0.26512 0.412054
0.122502 0.727513 0.116263
0.12047 0.0900499 0.271124
0.175116 0.753368 0.0748124
0.129391 0.936883 0.511282
0.125418 0.67639 0.143556
0.120845 0.670779 0.539508
0.121193 0.824722 0.574137
0.160979 0.326832 0.0400014
0.123174 0.716518 0.14952
0.133968 0.35488 0.529533
0.126028 0.870551 0.245045
0.142713 0.194413 0.425007
0.110953 0.793539 0.412496
0.132612 0.0389696 0.429743
0.143417 0.38847 0.446604
0.123781 0.612296 0.320713
0.13481 0.105272 0.386748
0.227712 0.852305 0.0860586
0.104095 0.734255 0.181056
0.121932 0.0667686 0.504799
0.0376147 0.834659 0.100993
0.0270691 0.779704 0.0695155
0.135883 0.817002 0.299312
0.128291 0.307591 0.255911
0.134685 0.382213 0.0744538
 0.121 0.36836 0.501893
0.125624 0.926247 0.449799
0.141753 0.345754 0.377469
0.127833 0.0323476 0.357069
0.117419 0.720377 0.427521
0.145602 0.213043 0.397324
0.133096 0.497372 0.363623
0.12799 0.329956 0.546655
0.145442 0.2084 0.402053
0.12047 0.112885 0.5572
0.121432 0.33052 0.259015
0.121622 0.387506 0.120163
0.115734 0.412519 0.437484
0.122237 0.733289 0.18688
0.145602 0.19701 0.396641
0.118381 0.155839 0.453598
0.128834 0.421185 0.36649
0.125679 0.246418 0.557668
0.106342 0.749524 0.254347
0.120622 0.753826 0.0735747
0.12047 0.393038 0.449249
0.143417 0.408765 0.448403
0.122555 0.382313 0.115833
0.1234 0.30726 0.24056
0.129078 0.74099 0.0693205
0.110861 0.76558 0.357121
0.122164 0.367286 0.51665
0.0890115 0.764176 0.0689864
0.123242 0.0917394 0.367935
0.139791 0.273882 0.409708
0.0332948 0.780672 0.0749717
0.130373 0.652465 0.20956
0.134322 0.602371 0.367902
0.117338 0.405593 0.417708
0.126482 0.929128 0.522426
0.121225 0.738945 0.225286
0.12395 0.399171 0.181033
0.143417 0.411589 0.42717
0.12444 0.675828 0.15124
0.145602 0.235173 0.41096
0.134322 0.871407 0.558318
0.156195 0.478845 0.478381
0.126035 0.813261 0.245642
0.143417 0.409904 0.409822
0.112232 0.214546 0.438109
0.122887 0.341091 0.458457
0.132601 0.15795 0.237311
0.112268 0.737042 0.207112
0.128178 0.41384 0.301722
0.122945 0.0870698 0.544023
0.134322 0.0504835 0.332227
0.124943 0.746043 0.0699104
0.120693 0.818593 0.221679
0.112473 0.405022 0.418697
0.137781 0.175141 0.473513
0.121041 0.383872 0.326949
0.115836 0.327127 0.274936
0.12309 0.392997 0.400455
0.153402 0.28604 0.317102
0.129747 0.227044 0.595342
0.12162 0.289393 0.56947
0.131521 0.389618 0.181469
0.106279 0.247232 0.409033
0.129307 0.115897 0.284189
0.124656 0.493764 0.15131
0.130857 0.381945 0.15084
0.121622 0.415291 0.394724
0.122019 0.762919 0.504983
0.231206 0.835343 0.144862
0.144484 0.746166 0.187096
0.121622 0.588472 0.280014
0.143417 0.43284 0.391416
0.129855 0.38894 0.15222
0.130478 0.610087 0.14375
0.150618 0.280257 0.418861
0.123174 0.523201 0.148823
0.142912 0.3144 0.287681
0.133541 0.223257 0.29346
0.150104 0.737647 0.191703
0.12047 0.076619 0.284983
0.13945 0.17785 0.469618
0.143417 0.381614 0.451755
0.121244 0.39524 0.183084
0.143417 0.440479 0.415614
0.12125 0.377533 0.0525304
0.122277 0.0552516 0.329118
0.126691 0.390219 0.430107
0.138554 0.338837 0.253562
0.220429 0.857712 0.0831841
0.145602 0.217073 0.387145
0.0263816 0.786496 0.0708581
0.129101 0.705676 0.178018
0.110945 0.3163 0.41564
0.143417 0.423193 0.41468
0.166958 0.467347 0.473218
0.139804 0.724448 0.377817
0.116833 0.445172 0.0642252
0.13232 0.345874 0.284806
0.135319 0.739334 0.165608
0.155108 0.256097 0.345292
0.12159 0.306627 0.242672
0.123174 0.465845 0.14582
0.130997 0.104196 0.268723
0.230641 0.838783 0.132058
0.111551 0.731648 0.214418
0.110745 0.315929 0.422341
0.151129 0.285983 0.307919
0.10773 0.753572 0.279401
0.161714 0.221049 0.40601
0.126092 0.0550017 0.334703
0.140797 0.193946 0.364327
0.13289 0.898668 0.261072
0.125658 0.380264 0.106436
0.144322 0.784266 0.383233
0.123473 0.631897 0.243376
0.101933 0.264408 0.338243
0.143417 0.393919 0.460118
0.111053 0.749406 0.311579
0.109989 0.28862 0.411423
0.103614 0.260771 0.408801
0.159128 0.76127 0.0733595
0.117713 0.179383 0.355827
0.143417 0.444217 0.451617
0.132763 0.794492 0.586085
0.218171 0.83045 0.154753
0.116116 0.804708 0.450794
0.145492 0.795579 0.387866
0.114748 0.758807 0.364235
0.142483 0.352332 0.234272
0.132391 0.514164 0.340509
0.130309 0.356349 0.533143
0.12047 0.738115 0.221886
0.110738 0.774435 0.377403
0.142398 0.744739 0.234056
0.141181 0.794524 0.347647
0.124765 0.935237 0.307089
0.121845 0.415725 0.337605
0.135324 0.157268 0.490333
0.125514 0.45325 0.408552
0.144709 0.328079 0.0373326
0.142118 0.454649 0.38602
0.122197 0.964101 0.451894
0.0981737 0.345588 0.0480699
0.130231 0.496303 0.369965
0.135684 0.852901 0.468103
0.120408 0.684456 0.364963
0.131727 0.372701 0.206329
0.133631 0.405467 0.269564
0.170713 0.317281 0.0368396
0.127489 0.662781 0.525939
0.128174 0.318722 0.565969
0.132958 0.413294 0.378365
0.134322 0.813713 0.218086
0.107965 0.761548 0.316173
0.128254 0.320411 0.264824
0.120696 0.358033 0.233843
0.141474 0.356915 0.46434
0.146253 0.786338 0.409376
0.128928 0.46495 0.3993
0.115881 0.354598 0.420392
0.122955 0.435834 0.0567637
0.124051 0.363608 0.409453
0.121622 0.58389 0.282877
0.11945 0.297257 0.470656
0.115073 0.346098 0.230488
0.146493 0.271983 0.338383
0.12047 0.853856 0.231854
0.13985 0.318347 0.266662
0.123716 0.762282 0.0707433
0.127502 0.903064 0.547757
0.122913 0.601628 0.35246
0.142964 0.782071 0.386826
0.124291 0.605682 0.463099
0.141129 0.737529 0.205265
0.12047 0.326404 0.554267
0.136004 0.13061 0.456189
0.123174 0.451346 0.150173
0.120736 0.11078 0.253428
0.12047 0.105773 0.262034
0.132703 0.379433 0.47735
0.142357 0.730523 0.223906
0.143417 0.440533 0.447807
0.125817 0.123662 0.240124
0.128367 0.878449 0.547805
0.132813 0.221979 0.27235
0.122189 0.197122 0.59278
0.125487 0.106575 0.251462
0.150686 0.28755 0.413123
0.133336 0.336913 0.428715
0.139182 0.805729 0.325538
0.125672 0.299575 0.275378
0.134467 0.570784 0.292325
0.0369105 0.841857 0.0802134
0.134322 0.714534 0.569521
0.226269 0.801625 0.15734
0.122651 0.072969 0.283224
0.141506 0.740028 0.211256
0.129612 0.725274 0.127406
0.145941 0.20978 0.401097
0.131028 0.663928 0.252721
0.132895 0.826098 0.519667
0.132631 0.411809 0.314572
0.145897 0.798888 0.403206
0.128447 0.464982 0.399057
0.110325 0.72888 0.214513
0.106852 0.400374 0.0716324
0.130342 0.406232 0.15155
0.127477 0.755787 0.572988
0.133764 0.604264 0.392997
0.134322 0.0353379 0.393152
0.130949 0.411076 0.435926
0.145725 0.207628 0.413849
0.122734 0.0917994 0.533242
0.143417 0.43588 0.458078
0.137514 0.699093 0.418621
0.105802 0.395547 0.0608784
0.120969 0.93107 0.295164
0.134322 0.953173 0.32639
0.14106 0.794824 0.447109
0.118559 0.383805 0.183486
0.146423 0.780292 0.388009
0.0901747 0.339157 0.0471696
0.13421 0.866395 0.311029
0.129492 0.369004 0.0501963
0.126117 0.583776 0.273194
0.134322 0.602207 0.379097
0.129254 0.623048 0.365761
0.122711 0.28463 0.230825
0.127606 0.941098 0.47822
0.116951 0.805584 0.458981
0.106171 0.37672 0.388604
0.132433 0.689459 0.179395
0.150557 0.339684 0.0436761
0.134311 0.407945 0.300606
0.112113 0.757236 0.07492
0.122949 0.761022 0.527195
0.111294 0.754057 0.316277
0.152694 0.236051 0.388757
0.127278 0.389153 0.185347
0.120548 0.951419 0.467398
0.143417 0.406896 0.430347
0.126431 0.947383 0.496751
0.137456 0.734106 0.117379
0.0993158 0.233791 0.376133
0.153827 0.222211 0.399277
0.218345 0.81406 0.0697664
0.132962 0.613117 0.250585
0.216804 0.837013 0.10026
0.129587 0.804154 0.587377
0.118231 0.267347 0.340544
0.11943 0.879641 0.369095
0.144996 0.803327 0.393082
0.140154 0.409767 0.377689
0.11716 0.158564 0.452625
0.123322 0.666916 0.531854
0.121034 0.128503 0.480112
0.133321 0.395235 0.41102
0.129304 0.845041 0.561262
0.127426 0.0305451 0.363383
0.128951 0.760701 0.587314
0.142104 0.765293 0.426657
0.12344 0.100673 0.371186
0.139005 0.714483 0.416114
0.219423 0.812157 0.0807527
0.129477 0.472169 0.142373
0.129044 0.728839 0.181056
0.144844 0.342291 0.375195
0.133621 0.387322 0.134227
0.128222 0.407676 0.362918
0.148539 0.731248 0.233167
0.121636 0.0379596 0.42689
0.0998585 0.253907 0.409122
0.134886 0.82095 0.503391
0.126089 0.599405 0.258835
0.134019 0.404273 0.263596
0.125526 0.179611 0.578916
0.128803 0.391039 0.0927813
0.125857 0.194061 0.217884
0.146195 0.456179 0.461588
0.127067 0.354629 0.536066
0.11862 0.342809 0.233545
0.126362 0.244712 0.255244
0.126818 0.372711 0.0510396
0.132471 0.510755 0.352486
0.128054 0.146365 0.229102
0.113519 0.815879 0.419301
0.12047 0.382875 0.331131
0.133418 0.318924 0.474221
0.127557 0.618603 0.39701
0.11659 0.791379 0.334842
0.133718 0.176976 0.588274
0.131149 0.970677 0.365052
0.125077 0.436312 0.143667
0.146996 0.265103 0.413388
0.122492 0.803904 0.282456
0.126228 0.744861 0.105484
0.122827 0.279698 0.524972
0.226805 0.826821 0.074916
0.146581 0.220042 0.379402
0.12212 0.412381 0.387495
0.111029 0.756139 0.31724
0.14061 0.227968 0.359689
0.0255243 0.83326 0.148272
0.132646 0.076746 0.293942
0.150179 0.736666 0.210388
0.121393 0.199332 0.220665
0.131306 0.859152 0.572448
0.103458 0.234186 0.376481
0.125439 0.142352 0.279094
0.130497 0.243167 0.58107
0.122648 0.211955 0.594652
0.148747 0.256534 0.359945
0.150726 0.740429 0.181056
0.122762 0.816869 0.574046
0.12405 0.421966 0.387745
0.122134 0.74296 0.151418
0.133696 0.0347019 0.448831
0.149261 0.742809 0.22363
0.123197 0.0907663 0.408208
0.12704 0.27078 0.239075
0.0383068 0.80182 0.170282
0.131213 0.670885 0.550264
0.129734 0.951174 0.489038
0.125332 0.727308 0.113811
0.13002 0.594552 0.403071
0.110588 0.782361 0.391824
0.2222 0.823161 0.162079
0.11252 0.217361 0.430056
0.1335 0.41107 0.318794
0.133879 0.709515 0.562791
0.0866229 0.380481 0.373361
0.143417 0.410866 0.473429
0.134322 0.62709 0.304248
0.140358 0.401865 0.473924
0.131931 0.0280212 0.420989
0.100376 0.259048 0.347385
0.227338 0.819532 0.0853811
0.12047 0.959568 0.354353
0.132695 0.626466 0.297824
0.0816065 0.762345 0.0727117
0.12291 0.77865 0.210357
0.131213 0.383225 0.127299
0.124657 0.0501616 0.46871
0.12047 0.387584 0.465982
0.135455 0.741416 0.0983077
0.0404693 0.826433 0.155107
0.132032 0.214569 0.217392
0.123093 0.341215 0.547724
0.119382 0.744476 0.188338
0.127418 0.641211 0.524921
0.113832 0.350709 0.239199
0.216873 0.847655 0.128031
0.132678 0.375863 0.327598
0.132531 0.695008 0.233777
0.134322 0.60369 0.386467
0.128704 0.33811 0.260454
0.0948881 0.326898 0.0398547
0.223599 0.823277 0.144637
0.18078 0.473188 0.473218
0.140295 0.473584 0.428061
0.130095 0.892769 0.524189
0.130234 0.486583 0.361838
0.147653 0.763946 0.331758
0.143417 0.449489 0.387578
0.133398 0.0309314 0.381016
0.105308 0.281411 0.418139
0.113927 0.347833 0.229701
0.12047 0.952877 0.474984
0.145602 0.209938 0.419752
0.138028 0.792711 0.317355
0.145602 0.20709 0.390475
0.0400859 0.822388 0.0765579
0.143974 0.289488 0.309918
0.143078 0.447578 0.380849
0.131026 0.0955126 0.276563
0.131491 0.608112 0.415926
0.134322 0.266273 0.230539
0.134322 0.127033 0.244061
0.215223 0.784771 0.0682341
0.143121 0.78715 0.42921
0.155747 0.229973 0.404912
0.130826 0.391572 0.424487
0.13305 0.256622 0.529145
0.130797 0.12316 0.524672
0.129501 0.404892 0.394311
0.129298 0.676832 0.26365
0.124459 0.708386 0.572352
0.133902 0.223163 0.296495
0.121711 0.137807 0.575969
0.103783 0.743839 0.276321
0.142427 0.829475 0.399076
0.102279 0.271912 0.332794
0.122211 0.395899 0.182685
0.133466 0.728166 0.0889112
0.23099 0.841897 0.107116
0.113004 0.818826 0.397347
0.142009 0.322482 0.277365
0.118025 0.381005 0.1881
0.12608 0.19365 0.260387
0.122761 0.76777 0.267781
0.133971 0.351302 0.533135
0.230827 0.783586 0.0689205
0.13309 0.757323 0.0866505
0.109407 0.386298 0.0566395
0.131548 0.08647 0.527162
0.12912 0.323594 0.537874
0.148646 0.743907 0.212969
0.130736 0.168103 0.27244
0.103892 0.376951 0.388835
0.121622 0.570244 0.29052
0.122048 0.898132 0.393838
0.154812 0.329104 0.0395209
0.132776 0.366474 0.206619
0.126945 0.947257 0.396967
0.0288313 0.804219 0.158734
0.0345122 0.866454 0.11974
0.12047 0.035224 0.422556
0.145982 0.321048 0.417437
0.121827 0.687305 0.559335
0.132816 0.861551 0.569457
0.112742 0.331706 0.424113
0.115091 0.218517 0.362603
0.124505 0.135691 0.563689
0.138939 0.181196 0.35332
0.220933 0.782759 0.167366
0.133542 0.511208 0.350068
0.14741 0.736165 0.275536
0.123524 0.925071 0.506188
0.039944 0.811243 0.0707093
0.108622 0.305671 0.420949
0.145029 0.273593 0.381561
0.129685 0.143455 0.581405
0.104152 0.742823 0.198038
0.13546 0.746599 0.489344
0.121907 0.365246 0.504199
0.134322 0.397558 0.399861
0.145467 0.32454 0.273951
0.125092 0.397958 0.458015
0.12047 0.343666 0.278448
0.121622 0.447576 0.410819
0.125444 0.375858 0.427115
0.133486 0.347849 0.391682
0.130507 0.404742 0.396251
0.110923 0.320962 0.0340049
0.126412 0.611604 0.320179
0.104728 0.771138 0.365495
0.120943 0.654442 0.523772
0.165212 0.313111 0.032253
0.106878 0.254465 0.364931
0.0320946 0.788001 0.163176
0.163186 0.477498 0.4805
0.129878 0.732785 0.18688
0.12047 0.399151 0.408829
0.111675 0.286635 0.310401
0.115563 0.76251 0.064133
0.143417 0.438877 0.420908
0.123593 0.798224 0.587396
0.220785 0.828971 0.0762192
0.118281 0.228567 0.325477
0.132473 0.0944479 0.275786
0.143417 0.392189 0.441462
0.143417 0.465964 0.44315
0.13398 0.928916 0.28234
0.137348 0.345224 0.425942
0.0740001 0.748939 0.0654872
0.13341 0.235367 0.591568
0.131022 0.919116 0.321379
0.145602 0.209067 0.422334
0.147241 0.319549 0.420354
0.13997 0.165322 0.427677
0.109527 0.770239 0.349329
0.134322 0.831443 0.220915
0.131969 0.661865 0.527504
0.142594 0.409644 0.478356
0.111937 0.203608 0.415905
0.0265679 0.821627 0.161512
0.123082 0.41252 0.391626
0.12047 0.396358 0.426632
0.103323 0.261082 0.340534
0.112065 0.244034 0.413556
0.129163 0.353244 0.29555
0.134359 0.633828 0.235786
0.134451 0.394165 0.177243
0.13431 0.866647 0.489174
0.12058 0.123841 0.451098
0.131253 0.452376 0.395198
0.125167 0.571459 0.2997
0.1214 0.951558 0.333566
0.150007 0.738444 0.18703
0.12047 0.800578 0.218379
0.135583 0.745674 0.294866
0.225199 0.78812 0.075232
0.121841 0.270266 0.508673
0.145123 0.442641 0.474972
0.112052 0.73897 0.190034
0.0310499 0.87095 0.109686
0.184105 0.761667 0.0731204
0.132834 0.385521 0.176296
0.227464 0.843474 0.142161
0.0383674 0.792384 0.161882
0.126182 0.717491 0.220794
0.151197 0.239794 0.382371
0.132953 0.671194 0.548164
0.123425 0.287141 0.301006
0.146262 0.207556 0.415316
0.139407 0.330825 0.248229
0.12047 0.221383 0.223941
0.148559 0.755764 0.337259
0.123174 0.418067 0.147752
0.104142 0.744699 0.252207
0.134322 0.174949 0.228172
0.137689 0.332919 0.249514
0.125348 0.597183 0.261205
0.145017 0.34324 0.242367
0.120542 0.277296 0.576575
0.140187 0.418372 0.474156
0.223419 0.819871 0.147724
0.109792 0.209806 0.40262
0.133306 0.63268 0.495116
0.149975 0.301708 0.291889
0.231313 0.840546 0.136622
0.124836 0.884093 0.544448
0.1205 0.419014 0.437939
0.112078 0.234994 0.429136
0.11807 0.739683 0.145783
0.130272 0.690419 0.513094
0.129346 0.148293 0.228657
0.134322 0.336093 0.266983
0.143417 0.427092 0.420776
0.132091 0.323928 0.547232
0.131314 0.169063 0.274686
0.144494 0.773404 0.393471
0.123672 0.51453 0.144123
0.12047 0.329414 0.261405
0.134322 0.96024 0.355619
0.151267 0.429752 0.431337
0.149458 0.739245 0.260755
0.122788 0.653892 0.534934
0.149097 0.737747 0.265146
0.222946 0.853111 0.122392
0.134322 0.624868 0.485107
0.122492 0.916065 0.532829
0.143417 0.412415 0.461145
0.130204 0.0794089 0.53742
0.132381 0.853189 0.224132
0.132503 0.625036 0.318927
0.146195 0.433977 0.475947
0.123008 0.376323 0.481083
0.147399 0.757157 0.302971
0.128731 0.0490113 0.497216
0.127424 0.219233 0.582264
0.132133 0.320747 0.549549
0.132742 0.727717 0.105683
0.13022 0.320125 0.263851
0.113595 0.21699 0.373395
0.129138 0.634865 0.492915
0.117318 0.332643 0.424966
0.12047 0.964664 0.408748
0.111153 0.740008 0.276274
0.126151 0.904623 0.494435
0.134038 0.386078 0.345762
0.167403 0.763166 0.0715651
0.127166 0.405048 0.423226
0.230239 0.837827 0.130951
0.121622 0.41156 0.323985
0.155562 0.2517 0.350268
0.216989 0.762554 0.0623698
0.222868 0.863719 0.107622
0.132327 0.415462 0.148817
0.218176 0.839005 0.123014
0.0946962 0.355196 0.059648
0.111358 0.334736 0.25006
0.145602 0.199704 0.416924
0.126399 0.759192 0.2382
0.130949 0.725425 0.133273
0.131744 0.382573 0.114707
0.147014 0.336801 0.458139
0.0998895 0.221035 0.413938
0.12047 0.137511 0.240572
0.133616 0.920346 0.281108
0.225524 0.787882 0.160111
0.123174 0.622656 0.144638
0.225858 0.786713 0.075084
0.144326 0.779739 0.372648
0.127929 0.0646524 0.499327
0.126599 0.540884 0.151942
0.12616 0.728724 0.188338
0.14132 0.764728 0.363971
0.122906 0.056828 0.304881
0.121622 0.398743 0.202299
0.12062 0.34009 0.24783
0.12047 0.25409 0.586371
0.112704 0.430586 0.41767
0.121622 0.395329 0.166566
0.119051 0.336947 0.419223
0.102727 0.270293 0.330643
0.128364 0.629852 0.142599
0.141434 0.760959 0.442629
0.127919 0.959286 0.367945
0.122474 0.218358 0.22803
0.215595 0.813053 0.160237
0.101725 0.416799  0.419
0.129172 0.3787 0.102667
0.113136 0.791933 0.370418
0.135453 0.356624 0.427229
0.132941 0.683178 0.193058
0.132405 0.387507 0.0910702
0.127471 0.274831 0.225286
0.122238 0.498951 0.352906
0.123873 0.421932 0.387968
0.0972436 0.363736 0.0584762
0.134252 0.735463 0.18688
0.121209 0.842504 0.310403
0.130372 0.604497 0.270211
0.103013 0.236075 0.393701
0.121622 0.410464 0.308265
0.221211 0.84733 0.0801428
0.120897 0.265592 0.585119
0.059237 0.75297 0.0739588
0.112992 0.411359 0.0584147
0.12047 0.949014 0.483056
0.146562 0.754578 0.285363
0.12797 0.677917 0.556425
0.143163 0.734132 0.260816
0.123261 0.721615 0.513361
0.125143 0.598627 0.360177
0.111372 0.748371 0.288531
0.139131 0.757119 0.454098
0.131625 0.959595 0.424882
0.121309 0.634212 0.300456
0.143138 0.376503 0.37963
0.147689 0.268799 0.441931
0.222484 0.844475 0.0934327
0.121115 0.753383 0.22142
0.122299 0.960644 0.425973
0.12047 0.0961251 0.542891
0.124279 0.379477 0.151187
0.029628 0.855236 0.089688
0.122534 0.28091 0.310463
0.124278 0.97121 0.367915
0.129809 0.160391 0.562799
0.129553 0.388976 0.142477
0.124716 0.64642 0.509798
0.212826 0.775921 0.0697553
0.146979 0.407647 0.0639325
0.152348 0.23224 0.38718
0.0254124 0.805008 0.0702889
0.152798 0.225895 0.407286
0.12431 0.397364 0.459276
0.13991 0.463149 0.456838
0.129909 0.43805 0.142968
0.0731914 0.756628 0.07492
0.134786 0.297764 0.32503
0.13991 0.46042    0.4
0.1103 0.754836 0.338892
0.125151 0.448854 0.0600936
0.123457 0.0263251 0.406454
0.123085 0.656613 0.521788
0.122249 0.0294249 0.384968
0.12047 0.803126 0.579493
0.145602 0.203245 0.426106
0.125294 0.0981948 0.510302
0.126737 0.0995027 0.538496
0.130873 0.455143 0.391944
0.126227 0.353002 0.537318
0.101725 0.385348 0.392203
0.144551 0.366522 0.0514193
0.133964 0.413968 0.350936
0.103744 0.740938 0.204689
0.13054 0.392015 0.21555
0.137368 0.735209 0.0870245
0.231005 0.83905 0.0932673
0.134322 0.802451 0.218336
0.206313 0.751677 0.0724514
0.122406 0.272313 0.585433
0.133609 0.0840733 0.274893
0.134322 0.709284 0.231844
0.130774 0.692071 0.512286
0.132508 0.0463777 0.3258
0.12047 0.664966 0.53932
0.129054 0.77826 0.588749
0.11285 0.249069 0.423852
0.13704 0.748328 0.080715
0.103966 0.747253 0.286784
0.107609 0.253429 0.355959
0.12047 0.680963 0.547784
0.13006 0.721795 0.143175
0.12549 0.744017 0.145609
0.130623 0.0659975 0.380723
0.216205 0.822044 0.0771212
0.148103 0.765468 0.338698
0.140627 0.174105 0.394723
0.112386 0.222245 0.438953
0.145602 0.210954 0.406441
0.125985 0.50793 0.342996
0.0959954 0.227468 0.405877
0.141503 0.765892 0.434955
0.135425 0.432966 0.426529
0.121028 0.964453 0.444278
0.122668 0.242404 0.525512
0.12047 0.0504101 0.48263
