0.289532 0.0750676 0.706316
0.0848162 0.069902 0.51899
0.157352 0.0689695 0.64401
0.360149 0.121474 0.149374
0.0595615 0.185303 0.86954
0.183299 0.188674 0.892621
0.2672 0.197575 0.756732
0.347436 0.199126 0.51959
0.33534 0.105202 0.207495
0.37343 0.148512 0.191386
0.209771 0.0960176 0.967595
0.13175 0.0706468 0.395383
0.224514 0.0694719 0.596762
0.0736783 0.0961631 0.0979388
0.0805067 0.123493 0.328809
0.372999 0.143121 0.391527
0.28956 0.11682 0.791962
0.324645 0.131657 0.293329
0.142545 0.0936676 0.0998006
0.290799 0.199066 0.126534
0.363493 0.167681 0.703609
0.353406 0.195134 0.174428
0.0764492 0.0715782 0.211166
0.212596 0.069497 0.592194
0.0368175 0.134187 0.12844
0.0667694 0.0706284 0.394651
0.267003 0.0940001 0.0689594
0.174924 0.0724192 0.729677
0.329366 0.231864 0.262788
0.241974 0.270924 0.495967
0.339897 0.0287995 0.749037
0.0750919 0.0792815 0.744579
0.242225 0.269867 0.366093
0.218104 0.207562 0.166359
0.0599763 0.192883 0.700687
0.0722878 0.211473 0.216271
0.144482 0.270572 0.480237
0.0758669 0.121515 0.81475
0.0414674 0.179757 0.445892
0.0709021 0.221923 0.538271
0.344107 0.198996 0.4795
0.185321 0.0704482 0.428401
0.215446 0.094702 0.0559707
0.075103 0.115576 0.266967
0.0315735 0.142461 0.585674
0.264515 0.12619 0.0357592
0.354577 0.194133 0.174101
0.217851 0.272197 0.465703
0.205208 0.27133 0.371962
0.138942 0.259073 0.294693
0.0487347 0.139624 0.745945
0.0767917 0.0701588 0.47273
0.0354154 0.115711 0.451157
0.0455612 0.158732 0.892092
0.376113 0.144825 0.298937
0.233765 0.200819 0.712813
0.0734965 0.233401 0.559701
0.261487 0.269352 0.522967
0.267884 0.224526 0.231924
0.369646 0.124465 0.413899
0.284502 0.0736954 0.30866
0.0483089 0.101163 0.862797
0.0751335 0.115712 0.758873
0.360975 0.123936 0.0454417
0.0707742 0.229843 0.310622
0.0783694 0.105296 0.310479
0.247413 0.0704534 0.42853
0.356657 0.0771574 0.718124
0.255623 0.0716129 0.722797
0.327175 0.0770367 0.766791
0.353497 0.107077 0.179136
0.204907 0.0830087 0.821112
0.2085 0.218913 0.212569
0.352099 0.205059 0.323997
0.266954 0.269271 0.512388
0.340875 0.033647 0.738841
0.164876 0.271866 0.462826
0.103426 0.0693119 0.622158
0.293649 0.217465 0.608734
0.289545 0.114998 0.23757
0.345021 0.213825 0.332789
0.0684593 0.225558 0.332827
0.116664 0.0806337 0.800825
0.333666 0.0892679 0.697658
0.284591 0.220765 0.606763
0.0404126 0.170468 0.731396
0.0972605 0.133425 0.0568818
0.188035 0.192775 0.86119
0.0548276 0.0778851 0.659486
0.083798 0.0929525 0.119195
0.175053 0.0690204 0.640737
0.360768 0.174018 0.648754
0.339133 0.0618708 0.714357
0.360073 0.176069 0.561665
0.0317524 0.143824 0.666596
0.0869176 0.193489 0.731635
0.0754613 0.0701389 0.476057
0.303059 0.0694401 0.602683
0.137546 0.081116 0.804948
0.19394 0.196809 0.102501
0.046775 0.150139 0.759331
0.252069 0.093775 0.0694533
0.357461 0.132605 0.764612
0.0297506 0.166436 0.266561
0.356549 0.120384 0.305459
0.215664 0.201937 0.655424
0.185478 0.0910886 0.964066
0.306533 0.262481 0.526425
0.362457 0.100457 0.644335
0.329381 0.194026 0.682134
0.113658 0.0831038 0.82215
0.368343 0.135138 0.212283
0.355149 0.0900064 0.664793
0.0459256 0.104392 0.854674
0.265941 0.0697694 0.542958
0.221211 0.162026 0.94389
0.318579 0.191209 0.778426
0.0959499 0.0857454 0.172071
0.244203 0.0717732 0.724121
0.295668 0.197128 0.116494
0.356586 0.0601554 0.298905
0.0513007 0.063948 0.265694
0.351874 0.109706 0.77256
0.129653 0.26892 0.403707
0.31472 0.255034 0.305268
0.303935 0.184637 0.864124
0.0839388 0.148804 0.748725
0.17525 0.0968049 0.0355358
0.0580772 0.10038 0.0866499
0.0337123 0.165989 0.41952
0.0712992 0.085896 0.709928
0.344222 0.198982 0.509029
0.356323 0.0986946 0.233839
0.0358691 0.183007 0.36672
0.0808297 0.0846616 0.181391
0.0451506 0.191714 0.161448
0.34647 0.102275 0.11065
0.0811525 0.110733 0.701519
0.283188 0.198935 0.677894
0.0458298 0.0573634 0.234711
0.342864 0.0733498 0.54314
0.350638 0.107213 0.771333
0.112568 0.143533 0.794019
0.156514 0.209024 0.63977
0.359016 0.149867 0.895272
0.203802 0.0859498 0.164048
0.213795 0.201144 0.725199
0.101584 0.208781 0.195121
0.323428 0.0721671 0.307255
0.322442 0.0694966 0.592481
0.33608 0.0461056 0.311139
0.247519 0.127076 0.0354742
0.0539634 0.19591 0.59475
0.05393 0.178724 0.886141
0.104878 0.164004 0.927569
0.318229 0.242916 0.529532
0.282272 0.0799454 0.235388
0.0992406 0.119954 0.941121
0.328064 0.084492 0.182843
0.212698 0.0693863 0.612224
0.101748 0.0873499 0.870734
0.112577 0.121713 0.807511
0.239056 0.271394 0.425461
0.1126 0.0817638 0.734216
0.199776 0.188555 0.901974
0.324875 0.119534 0.24182
0.289548 0.103632 0.324179
0.0647859 0.210752 0.420893
0.355764 0.188373 0.442311
0.148752 0.196551 0.103685
0.0554855 0.202903 0.409271
0.190149 0.270236 0.357472
0.166997 0.104151 0.0303637
0.0319128 0.129123 0.429082
0.333545 0.184149 0.866379
0.198835 0.0835851 0.19291
0.350253 0.0776587 0.245954
0.292736 0.0946442 0.0711649
0.112598 0.0776364 0.286207
0.320785 0.0709174 0.346583
0.157276 0.0907408 0.940788
0.297246 0.0689432 0.644555
0.159414 0.142589 0.0548784
0.289539 0.100442 0.298665
0.240052 0.178545 0.938197
0.134481 0.200914 0.672185
0.357797 0.142303 0.911528
0.0317218 0.168713 0.352526
0.201722 0.143761 0.951659
0.250665 0.080831 0.225066
0.121829 0.0885021 0.899881
0.24628 0.174999 0.0626055
0.323313 0.147375 0.801225
0.0320628 0.137569 0.703875
0.115374 0.262392 0.539526
0.289556 0.125003 0.295141
0.060352 0.0722512 0.518616
0.0642822 0.202266 0.17018
0.341624 0.201748 0.165867
0.0363789 0.112555 0.413504
0.225191 0.210137 0.181101
0.17601 0.202122 0.132163
0.327124 0.0727486 0.271342
0.081873 0.151175 0.92409
0.21027 0.0699122 0.517044
0.0514633 0.0830729 0.529989
0.267789 0.0695043 0.590994
0.23143 0.0839282 0.188791
0.226349 0.271181 0.38755
0.339414 0.221864 0.33667
0.169186 0.0693494 0.618948
0.201015 0.271694 0.494711
0.294609 0.116403 0.19547
0.055616 0.126552 0.31014
0.130467 0.204086 0.153696
0.0870269 0.124627 0.200238
0.341709 0.137407 0.802804
0.216991 0.24295 0.259223
0.33079 0.0715801 0.206349
0.323728 0.11825 0.301871
0.351163 0.127949 0.813236
0.0455028 0.177308 0.78104
0.132687 0.269371 0.413986
0.340433 0.193273 0.659463
0.327422 0.129915 0.304725
0.262736 0.270013 0.430547
0.158128 0.087606 0.87927
0.331024 0.0274802 0.249303
0.120906 0.198142 0.71389
0.103724 0.0870555 0.863568
0.0617447 0.202387 0.538917
0.355968 0.190377 0.136101
0.0661181 0.0493995 0.819521
0.317179 0.0706438 0.393442
0.11123 0.0879847 0.886729
0.350553 0.0980218 0.903974
0.193546 0.27017 0.354546
0.20819 0.20729 0.647512
0.347816 0.210517 0.27895
0.207703 0.218146 0.21082
0.112573 0.103377 0.297401
0.101117 0.185022 0.862245
0.262485 0.191685 0.0862357
0.144963 0.186304 0.898242
0.227159 0.0705944 0.407251
0.0525356 0.178267 0.87513
0.360571 0.0980326 0.417207
0.108977 0.0883726 0.896186
0.287595 0.0867715 0.166325
0.140763 0.0902358 0.927092
0.348782 0.12365 0.817872
0.348094 0.101282 0.162601
0.0489792 0.203563 0.543521
0.355725 0.055792 0.292314
0.249677 0.1951 0.811633
0.259239 0.0682252 0.693577
0.0950801 0.262252 0.370598
0.358707 0.0943783 0.618141
0.112577 0.101648 0.286225
0.329313 0.145829 0.739442
0.2451 0.0830635 0.198903
0.338444 0.0894571 0.140207
0.34056 0.126887 0.0362979
0.226053 0.264654 0.554943
0.242086 0.147184 0.0538268
0.172728 0.193044 0.851943
0.289569 0.136335 0.77048
0.324635 0.240274 0.323859
0.0308318 0.171545 0.273884
0.207681 0.0929781 0.0777445
0.13397 0.0879432 0.886609
0.317238 0.090742 0.929327
0.163269 0.194307 0.0924712
0.272292 0.242423 0.575625
0.342757 0.0250003 0.764612
0.24492 0.199325 0.744531
0.328342 0.228025 0.54281
0.0555578 0.185267 0.868088
0.241657 0.193028 0.845195
0.360268 0.195002 0.2291
0.280476 0.193016 0.813946
0.112562 0.12157 0.277064
0.0767374 0.0873244 0.869806
0.0400997 0.172545 0.580184
0.360971 0.137424 0.877488
0.251706 0.0698941 0.520365
0.0476972 0.089638 0.733374
0.320142 0.24959 0.327517
0.305185 0.0682769 0.685215
0.348004 0.144795 0.27954
0.152994 0.0845217 0.182653
0.356856 0.119013 0.225838
0.037379 0.132261 0.130963
0.13545 0.0709217 0.348618
0.365395 0.16072 0.795278
0.0392382 0.192174 0.309837
0.0520712 0.206823 0.33541
0.333434 0.17773 0.910802
0.273876 0.0702681 0.456498
0.289548 0.117678 0.271406
0.277241 0.160241 0.0561832
0.0759431 0.0302824 0.276428
0.345544 0.213047 0.32904
0.208956 0.269086 0.539771
0.0447977 0.0703143 0.72512
0.367595 0.181721 0.364394
0.176622 0.235596 0.246505
0.20107 0.0764039 0.763995
0.329851 0.0698076 0.536114
0.105459 0.267359 0.458092
0.0444792 0.160769 0.873928
0.194388 0.199748 0.77004
0.293024 0.228059 0.242056
0.169095 0.0682886 0.68675
0.254947 0.0806556 0.227115
0.213568 0.270994 0.369985
0.323689 0.106173 0.309639
0.152938 0.0828214 0.819638
0.357592 0.172633 0.810007
0.367152 0.132566 0.177378
0.208776 0.0708112 0.374086
0.13266 0.0683233 0.694482
0.0472258 0.0888736 0.714202
0.327329 0.069217 0.627873
0.101233 0.152583 0.0548628
0.352916 0.0675512 0.78912
0.343316 0.147491 0.800718
0.0897387 0.256183 0.518634
0.125596 0.263132 0.543405
0.374489 0.156256 0.349221
0.34135 0.191851 0.727041
0.293178 0.0688078 0.652815
0.0359986 0.162812 0.647871
0.33402 0.217385 0.415018
0.198523 0.187747 0.905412
0.287577 0.0834178 0.824847
0.220777 0.271874 0.474119
0.0460283 0.170538 0.853917
0.324938 0.073322 0.717475
0.326661 0.0701253 0.478518
0.118665 0.0686331 0.664451
0.0545162 0.201863 0.547893
0.0431353 0.177778 0.593593
0.327144 0.0919009 0.758361
0.238236 0.271352 0.480638
0.34117 0.200425 0.561481
0.367194 0.124598 0.0516222
0.0760156 0.0900057 0.921333
0.0448927 0.116021 0.14459
0.0623218 0.203933 0.51361
0.0504678 0.0622683 0.26342
0.127718 0.0967621 0.0695308
0.237787 0.271893 0.455254
0.182792 0.211179 0.185266
0.0991474 0.263539 0.362079
0.352497 0.108776 0.135818
0.0307577 0.164156 0.20609
0.347906 0.114375 0.824143
0.344166 0.186458 0.86332
0.0548947 0.198474 0.548965
0.339179 0.204588 0.568312
0.0325082 0.135055 0.676782
0.112575 0.11789 0.744122
0.27676 0.238962 0.57969
0.341223 0.0709448 0.593422
0.0477298 0.198365 0.358966
0.347074 0.198942 0.491255
0.255092 0.0799098 0.235858
0.226537 0.250524 0.574044
0.154931 0.0835976 0.826333
0.0592625 0.0250416 0.763913
0.367374 0.117035 0.401449
0.0326353 0.13466 0.620475
0.328035 0.197203 0.638818
0.368489 0.124539 0.615365
0.0579162 0.0895742 0.913287
0.030856 0.142444 0.494079
0.0761125 0.0979389 0.734096
0.0606856 0.123077 0.838992
0.28352 0.249783 0.55933
0.191479 0.202632 0.68473
0.0556699 0.212167 0.298162
0.0538641 0.204746 0.367977
0.339057 0.14134 0.727923
0.319134 0.184804 0.859974
0.236881 0.190855 0.86898
0.0423044 0.176538 0.564204
0.349596 0.0833804 0.789675
0.190082 0.0882253 0.895605
0.0473436 0.100974 0.824995
0.324176 0.129696 0.83345
0.256577 0.189209 0.873218
0.0766384 0.194127 0.689177
0.32354 0.13169 0.278436
0.214604 0.0846095 0.834972
0.0625925 0.204913 0.481722
0.241052 0.25241 0.569263
0.145275 0.198611 0.748088
0.0938043 0.26322 0.489016
0.258709 0.193532 0.825328
0.354977 0.103267 0.699535
0.222906 0.0898764 0.928676
0.372624 0.148945 0.173351
0.0778814 0.106439 0.21629
0.235347 0.0994941 0.961576
0.371103 0.127249 0.332143
0.349534 0.0999736 0.277961
0.32953 0.110185 0.209989
0.289564 0.119994 0.740378
0.330565 0.0255871 0.766421
0.260045 0.198664 0.736345
0.0422775 0.191302 0.193701
0.0552858 0.0788633 0.470834
0.185181 0.267986 0.545054
0.0766386 0.0509941 0.789705
0.0557836 0.179907 0.898111
0.229482 0.0700949 0.483993
0.104293 0.122122 0.839405
0.169115 0.197473 0.106937
0.123638 0.263413 0.542279
0.0383436 0.167882 0.678919
0.268595 0.0698805 0.522849
0.247029 0.0704278 0.432395
0.0779927 0.1313 0.290634
0.163221 0.269922 0.364766
0.0803394 0.201768 0.619026
0.260371 0.179834 0.0679607
0.312393 0.129625 0.322628
0.0344077 0.157753 0.681229
0.0441126 0.176187 0.766878
0.212897 0.271972 0.419624
0.326983 0.100226 0.738435
0.326801 0.056235 0.748878
0.0481775 0.201342 0.243379
0.211842 0.0871574 0.149017
0.0754784 0.122685 0.220929
0.0799105 0.0876461 0.877407
0.247573 0.0766901 0.766575
0.0465103 0.111016 0.819362
0.242959 0.0828382 0.201549
0.0707558 0.223173 0.395916
0.221449 0.0694053 0.608816
0.326281 0.0927055 0.807762
0.0277418 0.153311 0.214719
0.11064 0.197499 0.708495
0.327096 0.0729907 0.78607
0.10461 0.19707 0.70723
0.0494062 0.129992 0.305494
0.326495 0.0828483 0.697287
0.181967 0.0816076 0.80909
0.286269 0.0854653 0.842511
0.0892811 0.258058 0.519787
0.255835 0.0869905 0.861687
0.289533 0.106038 0.20516
0.0508812 0.194297 0.443706
0.353484 0.143461 0.782993
0.043344 0.124009 0.838394
0.0710835 0.0880975 0.888075
0.34332 0.212864 0.35646
0.0300937 0.148038 0.472569
0.339478 0.10649 0.827653
0.35478 0.0893541 0.66183
0.353771 0.142838 0.783298
0.319533 0.241336 0.508795
0.284193 0.0877893 0.880607
0.215131 0.269721 0.350028
0.254317 0.168959 0.939586
0.240959 0.0698756 0.523705
0.133229 0.240967 0.579424
0.10178 0.0883908 0.149727
0.362566 0.171326 0.6097
0.323895 0.241376 0.323255
0.356182 0.125525 0.807214
0.362011 0.099637 0.917502
0.0311929 0.175915 0.254338
0.305045 0.155643 0.92611
0.308715 0.13279 0.83045
0.0397647 0.169974 0.703956
0.184604 0.0914517 0.105407
0.252998 0.209793 0.637256
0.348158 0.0885215 0.32583
0.365656 0.112454 0.601872
0.126089 0.0723478 0.324601
0.0860342 0.086639 0.853612
0.185372 0.196493 0.101203
0.0615381 0.195269 0.110473
0.31143 0.0703545 0.441934
0.112889 0.0701791 0.469339
0.257424 0.198366 0.750344
0.223123 0.142219 0.943228
0.357681 0.128393 0.910019
0.367364 0.119006 0.619659
0.253301 0.221065 0.223762
0.217839 0.0694197 0.606203
0.284831 0.0871062 0.163858
0.0453154 0.0351065 0.254054
0.286583 0.267408 0.400872
0.290049 0.158872 0.928673
0.336017 0.0939609 0.945277
0.0611892 0.144704 0.785515
0.131989 0.0824081 0.816111
0.249053 0.078253 0.780073
0.166439 0.215669 0.205566
0.376038 0.150141 0.323243
0.0819461 0.194362 0.695443
0.112598 0.0869447 0.76208
0.327039 0.0814172 0.239665
0.339108 0.0702456 0.458322
0.112579 0.102231 0.714884
0.346647 0.150502 0.778221
0.194274 0.0699484 0.510476
0.200713 0.069998 0.501505
0.331618 0.119709 0.720299
0.0470334 0.0982692 0.319871
0.29966 0.122891 0.198624
0.326654 0.115566 0.95184
0.0750787 0.0683579 0.245037
0.330557 0.221486 0.237475
0.133931 0.0753192 0.28985
0.0744965 0.145159 0.261122
0.165283 0.110892 0.0278422
0.361203 0.142011 0.228234
0.179541 0.0785041 0.25275
0.232121 0.0695257 0.587042
0.270374 0.0700792 0.486868
0.0604284 0.19278 0.70374
0.153434 0.271063 0.432977
0.0323544 0.16933 0.366481
0.201029 0.142086 0.949391
0.27754 0.0705958 0.403924
0.350223 0.191209 0.701328
0.136582 0.0684483 0.695543
0.301665 0.194553 0.74557
0.159317 0.19599 0.803774
0.0701437 0.220693 0.506858
0.0888552 0.070076 0.487436
0.209171 0.0785249 0.252457
0.366421 0.163998 0.563559
0.366653 0.187145 0.213291
0.175843 0.190805 0.872858
0.1973 0.194481 0.846481
0.33262 0.0699465 0.829143
0.365438 0.179305 0.121539
0.128722 0.0685175 0.696182
0.307304 0.134702 0.211662
0.289539 0.0988442 0.30696
0.326176 0.0708634 0.319793
0.324051 0.146343 0.264038
0.0723333 0.118568 0.951841
0.317449 0.070552 0.408701
0.0717035 0.225044 0.428517
0.343633 0.0754926 0.442165
0.175777 0.0683773 0.694724
0.204611 0.217359 0.631563
0.188873 0.205478 0.152031
0.327541 0.134366 0.298984
0.311637 0.0975835 0.192071
0.301514 0.223785 0.593878
0.151365 0.091614 0.12041
0.118817 0.0696705 0.560891
0.0535612 0.0796491 0.608863
0.268223 0.083854 0.189589
0.029671 0.142438 0.409935
0.251356 0.0707308 0.383802
0.300514 0.132487 0.319013
0.0388431 0.104077 0.624656
0.0465701 0.0919852 0.398872
0.257232 0.0696789 0.559337
0.311925 0.132329 0.715384
0.310719 0.208791 0.201785
0.36535 0.187695 0.20119
0.070046 0.0698213 0.533634
0.130129 0.0759751 0.282119
0.368778 0.12515 0.577686
0.250681 0.138619 0.93792
0.305155 0.0693559 0.617929
0.342259 0.0920814 0.182457
0.27967 0.185901 0.890146
0.157621 0.187846 0.0782234
0.269171 0.0753533 0.289253
0.0417252 0.204004 0.55999
0.074277 0.119951 0.216076
0.0346906 0.135525 0.83355
0.339829 0.144729 0.279984
0.363117 0.129209 0.204472
0.370397 0.144543 0.705127
0.372813 0.153181 0.438832
0.210049 0.0929591 0.0777663
0.323869 0.0808253 0.314956
0.120365 0.188381 0.867779
0.335186 0.215441 0.376009
0.0771645 0.038248 0.238307
0.327139 0.0894532 0.784327
0.038176 0.132141 0.100171
0.0389306 0.113979 0.0349378
0.279899 0.213428 0.207213
0.370152 0.152025 0.649109
0.293608 0.266712 0.414797
0.346197 0.206963 0.223897
0.214679 0.089775 0.930064
0.0986597 0.150612 0.773255
0.365531 0.114921 0.0375755
0.0462616 0.107042 0.870841
0.133116 0.0890031 0.909176
0.305792 0.111042 0.844212
0.0532259 0.151532 0.922731
0.0554963 0.0805415 0.354171
0.0373853 0.168136 0.535254
0.053957 0.0963669 0.270075
0.152035 0.082275 0.20826
0.305794 0.185911 0.85448
0.230555 0.117513 0.96301
0.275354 0.203747 0.156399
0.153141 0.20096 0.692228
0.364084 0.157928 0.82212
0.309241 0.0695776 0.577769
0.044558 0.0475831 0.796439
0.221784 0.085259 0.17757
0.272865 0.0706519 0.394884
0.269085 0.228328 0.238864
0.273801 0.0829088 0.20066
0.263537 0.0702197 0.463791
0.277439 0.183841 0.909571
0.244162 0.0925756 0.0837727
0.0721437 0.139739 0.725174
0.0477415 0.11477 0.26289
0.0935236 0.0706107 0.398661
0.354972 0.0519392 0.274822
0.0458239 0.127397 0.773681
0.357276 0.0754124 0.722966
0.33773 0.208739 0.483178
0.323685 0.127176 0.744674
0.370019 0.166535 0.186319
0.260394 0.0708251 0.369058
0.224354 0.270672 0.515196
0.0309724 0.172102 0.282941
0.110349 0.0695644 0.580108
0.350372 0.105353 0.763068
0.326365 0.0517357 0.724454
0.166037 0.270882 0.50394
0.207484 0.186326 0.915562
0.213511 0.18572 0.918511
0.266055 0.0742219 0.745368
0.275957 0.0915468 0.946808
0.135597 0.200844 0.130649
0.0347678 0.117838 0.441134
0.147062 0.194561 0.814063
0.191372 0.0708706 0.364207
0.227401 0.142291 0.0548459
0.218276 0.256261 0.56565
0.0845863 0.187033 0.832696
0.032698 0.126417 0.497943
0.281464 0.0943439 0.0692787
0.267759 0.270091 0.447228
0.125334 0.182928 0.917081
0.167747 0.0868997 0.860423
0.140953 0.191144 0.85456
0.0723795 0.0686537 0.66224
0.0603348 0.11866 0.84091
0.0457378 0.150315 0.762884
0.0289263 0.163233 0.293043
0.369741 0.142677 0.159391
0.26878 0.0871168 0.864722
0.045055 0.0464472 0.283378
0.35379 0.187953 0.489437
0.161955 0.124156 0.0378314
0.190116 0.0807026 0.801223
0.0413691 0.126517 0.0847194
0.336596 0.132665 0.226236
0.168122 0.177146 0.0647594
0.326103 0.05295 0.245318
0.322029 0.237448 0.533314
0.0464514 0.0814072 0.739153
0.356383 0.0528726 0.269312
0.112342 0.245347 0.563554
0.152129 0.196967 0.786209
0.0539201 0.0250723 0.262433
0.035771 0.150511 0.777839
0.0867633 0.254883 0.395554
0.0621264 0.127645 0.835237
0.324149 0.11856 0.292521
0.327157 0.0923114 0.760641
0.0778794 0.0704975 0.416417
0.348978 0.115002 0.842491
0.0437658 0.134506 0.21139
0.0582642 0.0683844 0.828744
0.368889 0.122791 0.478572
0.362046 0.146784 0.874854
0.289518 0.0777024 0.298871
0.0457403 0.082528 0.72879
0.357924 0.173444 0.797004
0.289541 0.0870922 0.761446
0.232293 0.267719 0.331486
0.0547713 0.189775 0.820187
0.340178 0.14628 0.275615
0.305441 0.15287 0.0544974
0.203382 0.202794 0.655507
0.371676 0.167717 0.305915
0.2716 0.0894793 0.914443
0.0300171 0.14672 0.178025
0.36633 0.113312 0.376811
0.295871 0.113139 0.702559
0.339824 0.204254 0.484967
0.129871 0.268821 0.398705
0.0321132 0.145252 0.146652
0.358399 0.166651 0.849431
0.248889 0.251253 0.569739
0.0325904 0.161531 0.433173
0.351497 0.0852591 0.446013
0.348686 0.182498 0.862601
0.363759 0.167218 0.699262
0.218247 0.226134 0.229107
0.326837 0.101523 0.803559
0.152435 0.225637 0.231403
0.315848 0.254938 0.332755
0.142307 0.196279 0.787049
0.200654 0.0944889 0.0600574
0.282018 0.083058 0.198895
0.343469 0.0879846 0.8854
0.0745641 0.0911874 0.335299
0.327018 0.100443 0.743886
0.0453797 0.138639 0.823114
0.31505 0.186348 0.845862
0.330382 0.195633 0.624135
0.162313 0.270682 0.380718
0.366631  0.115 0.499353
0.122542 0.262334 0.543477
0.112598 0.0845037 0.728977
0.0968596 0.121883 0.707177
0.228178 0.118667 0.946136
0.267006 0.0909686 0.12923
0.34985 0.14332 0.732895
0.324046 0.129658 0.292172
0.299685 0.0962251 0.0496331
0.32583 0.0415085 0.299406
0.25751 0.270789 0.46595
0.165201 0.0920187 0.108389
0.0671387 0.150537 0.776658
0.253478 0.0700558 0.491093
0.207045 0.0715806 0.334315
0.102807 0.196308 0.112309
0.0289521 0.155189 0.196146
0.215565 0.200776 0.12371
0.0955181 0.0951804 0.105334
0.356054 0.0463053 0.227802
0.289534 0.106173 0.21385
0.365997 0.112418 0.414186
0.0819101 0.195822 0.11258
0.183212 0.246147 0.265509
0.0342995 0.124561 0.0538873
0.174196 0.118755 0.945504
0.200359 0.170219 0.0566202
0.370799 0.145352 0.585492
0.275103 0.201115 0.66125
0.369902 0.15013 0.70646
0.312552 0.0708882 0.351438
0.330166 0.107547 0.948831
0.359166 0.0992507 0.0382428
0.314525 0.146349 0.266989
0.302782 0.123989 0.708589
0.269392 0.202016 0.65838
0.222339 0.114155 0.0311095
0.0559927 0.124723 0.0463985
0.357477 0.108734 0.811413
0.223919 0.0682177 0.69333
0.0481654 0.174393 0.85401
0.0444294 0.189584 0.410158
0.369439 0.127222 0.506425
0.0410675 0.0928231 0.907445
0.1087 0.0708313 0.361985
0.151018 0.070626 0.399624
0.0460297 0.200581 0.286811
0.0300268 0.140881 0.413939
0.23316 0.244917 0.264527
0.0524116 0.0838991 0.386328
0.2075 0.0710939 0.340047
0.0476149 0.162539 0.903188
0.316114 0.0708393 0.359572
0.0376867 0.106023 0.675305
0.226465 0.127532 0.0523808
0.0486977 0.173027 0.0641475
0.366586 0.159284 0.0892752
0.374236 0.144047 0.237138
0.3232 0.0529655 0.296328
0.370574 0.141504 0.564616
0.276112 0.132654 0.0562886
0.261922 0.199631 0.651024
0.0734683 0.069136 0.63292
0.268363 0.0709345 0.348164
0.1791 0.0687179 0.697652
0.209286 0.0739635 0.30621
0.161453 0.126224 0.0305177
0.325538 0.0681915 0.317647
0.0458661 0.179549 0.75231
0.357337 0.0523337 0.799278
0.112595 0.0872294 0.206738
0.355648 0.0321755 0.276912
0.32605 0.232403 0.479938
0.245658 0.0697112 0.706332
0.356713 0.196568 0.352796
0.112585 0.0942267 0.267369
0.197113 0.201295 0.730558
0.338684 0.0866334 0.853472
0.171131 0.21176 0.189077
0.242763 0.0696612 0.562526
0.112579 0.094863 0.309499
0.0467176 0.0902955 0.47068
0.0758555 0.0764392 0.32122
0.102556 0.145411 0.807427
0.0759929 0.209805 0.601038
0.18602 0.230981 0.607771
0.0335356 0.115998 0.0503101
0.365195 0.181723 0.387588
0.17494 0.165794 0.0553734
0.0651815 0.0340224 0.29725
0.203482 0.0819141 0.811645
0.175129 0.203132 0.651854
0.0674967 0.0699097 0.517617
0.0368831 0.181142 0.389257
0.365256 0.13539 0.105573
0.0937917 0.126491 0.710277
0.100925 0.265021 0.392555
0.349677 0.207194 0.250496
0.319693 0.0879655 0.153749
0.294518 0.15058 0.768256
0.327036 0.112192 0.780055
0.186435 0.186307 0.912924
0.0481858 0.131246 0.71437
0.0751453 0.0513501 0.273768
0.0764531 0.117053 0.218877
0.327359 0.0776205 0.323443
0.0731951 0.0914317 0.937187
0.139935 0.0705928 0.403997
0.084855 0.105004 0.192356
0.0792063 0.0988159 0.192133
0.161721 0.211093 0.187026
0.241339 0.184059 0.921744
0.272682 0.071636 0.33294
0.310085 0.0897932 0.849162
0.17196 0.271349 0.404188
0.3655 0.145469 0.839971
0.293313 0.122629 0.707674
0.347162 0.0667176 0.322785
0.0639069 0.1268 0.0381335
0.227726 0.0750085 0.751979
0.0891317 0.258436 0.45905
0.356743 0.200813 0.278462
0.0902761 0.127254 0.0535315
0.128859 0.268656 0.394645
0.347533 0.0389611 0.30404
0.0500365 0.0277862 0.785167
0.327085 0.0668752 0.780829
0.358479 0.177448 0.67726
0.323874 0.0436664 0.292466
0.286498 0.199912 0.650699
0.0565309 0.0770572 0.50204
0.155627 0.125723 0.0450211
0.346123 0.0850691 0.709458
0.191169 0.217568 0.630339
0.053168 0.106982 0.947256
0.253125 0.216328 0.211165
0.0732809 0.178066 0.906084
0.0527354 0.0807025 0.647321
0.258856 0.0789968 0.246555
0.27415 0.198767 0.70244
0.181072 0.265138 0.305855
0.304617 0.0947656 0.0898185
0.225608 0.087335 0.870771
0.244364 0.260937 0.557218
0.289556 0.122891 0.299952
0.0749906 0.078474 0.78123
0.30591 0.262387 0.357633
0.122719 0.19501 0.788091
0.285509 0.216693 0.613054
0.195099 0.0745495 0.299383
0.0403205 0.115873 0.703753
0.112568 0.127863 0.719896
0.280584 0.0966388 0.0368354
0.0753549 0.0966843 0.300091
0.0781817 0.092434 0.820766
0.0359099 0.11209 0.686971
0.308372 0.262363 0.394357
0.262963 0.183294 0.91958
0.314938 0.25459 0.303096
0.105378 0.0702068 0.464742
0.354487 0.154172 0.0575851
0.326992 0.0555377 0.276008
0.357118 0.14128 0.914187
0.077685 0.0881086 0.888451
0.126835 0.0701179 0.47985
0.188523 0.0900489 0.937884
0.0292853 0.146378 0.193156
0.3053 0.0690774 0.636375
0.088021 0.257164 0.329271
0.315267 0.0708589 0.356316
0.285633 0.265418 0.347581
0.0777651 0.0972417 0.698289
0.289545 0.116273 0.211588
0.132739 0.0700324 0.495308
0.214306 0.0933768 0.0722801
0.373602 0.158041 0.230285
0.346862 0.144165 0.247518
0.0569962 0.140163 0.743255
0.0813616 0.240321 0.460371
0.0955537 0.195337 0.698468
0.0316621 0.141775 0.705641
0.324695 0.243076 0.353863
0.234279 0.082371 0.207043
0.214896 0.0875788 0.877725
0.239784 0.0696063 0.572466
0.289567 0.121762 0.714232
0.0452312 0.14292 0.296491
0.056021 0.188256 0.848747
0.0810264 0.240047 0.55526
0.366489 0.118613 0.926557
0.13646 0.0777013 0.775479
0.172027 0.272126 0.458905
0.361016 0.208915 0.566095
0.112571 0.107381 0.287611
0.343923 0.0745787 0.549768
0.0418484 0.150552 0.775975
0.224901 0.075128 0.292314
0.0730946 0.0561642 0.718514
0.308793 0.114434 0.952544
0.16175 0.0887703 0.149884
0.289739 0.0683464 0.680968
0.115551 0.267913 0.51212
0.289551 0.103313 0.793277
0.0856749 0.253071 0.382813
0.0437023 0.132712 0.898581
0.207754 0.0784125 0.253797
0.174135 0.20277 0.136327
0.102747 0.241742 0.564291
0.366879 0.159537 0.67391
0.100607 0.0897063 0.918542
0.359733 0.0956209 0.629566
0.301538 0.0693814 0.613307
0.347056 0.0287259 0.286364
0.182418 0.207566 0.166008
0.0821028 0.1597 0.927235
0.315166 0.106099 0.949058
0.0723866 0.0641127 0.20905
0.303578 0.194008 0.100803
0.0305551 0.155332 0.159706
0.366191 0.161232 0.0898586
0.243767 0.0696238 0.569308
0.127524 0.0708733 0.355791
0.190931 0.195229 0.83196
0.345241 0.0783685 0.384434
0.0388073 0.104085 0.437784
0.280997 0.0827322 0.202716
0.0459266 0.154093 0.910267
0.0919132 0.260935 0.39889
0.0469059 0.140005 0.783234
0.147354 0.191615 0.853779
0.198508 0.0893443 0.924076
0.29243 0.0993119 0.698713
0.368117 0.188179 0.250936
0.075529 0.178664 0.0687823
0.315311 0.248332 0.45201
0.0547046 0.0815416 0.351144
0.356905 0.0383502 0.789736
0.180206 0.0897119 0.924774
0.334832 0.146344 0.264183
0.345087 0.20379 0.550111
0.313444 0.255579 0.452031
0.149513 0.268383 0.352077
0.172725 0.0969065 0.0447622
0.259034 0.0684245 0.676576
0.267832 0.0694661 0.597904
0.35367 0.0762727 0.828491
0.274098 0.268588 0.39765
0.344023 0.0742949 0.593848
0.289564 0.117625 0.732583
0.36881 0.129125 0.636083
0.158508 0.202487 0.671678
0.140484 0.0698547 0.52748
0.0313598 0.171683 0.238539
0.237898 0.15468 0.940193
0.0304368 0.143469 0.722719
0.131337 0.241958 0.577073
0.176197 0.271299 0.496408
0.119449 0.0812263 0.220436
0.0596206 0.139618 0.236622
0.35196 0.0913291 0.79403
0.359883 0.170553 0.790969
0.197561 0.200833 0.744737
0.305822 0.0949535 0.105415
0.0442326 0.180068 0.547745
0.0722756 0.235091 0.351153
0.246463 0.0686008 0.665792
0.180282 0.0798882 0.236441
0.303316 0.0923571 0.125079
0.355721 0.182975 0.0751305
0.0332263 0.158046 0.571977
0.113945 0.266898 0.38887
0.0476815 0.0934168 0.769221
0.155143 0.200893 0.696398
0.302581 0.187488 0.836516
0.249968 0.209914 0.18309
0.0295402 0.161391 0.359554
0.192505 0.27222 0.42682
0.277372 0.198685 0.697604
0.357198 0.0408258 0.789974
0.0943616 0.112804 0.843452
0.174311 0.270386 0.368075
0.112555 0.127013 0.313305
0.112985 0.192086 0.818681
0.329551 0.225938 0.501948
0.235511 0.199356 0.657465
0.0412321 0.163668 0.832659
0.356085 0.11009 0.81889
0.0625411 0.214336 0.232709
0.0434858 0.10061 0.698991
0.112598 0.0849555 0.194752
0.141144 0.228509 0.238153
0.369854 0.133474 0.546961
0.34833 0.144668 0.250393
0.0985574 0.223943 0.592594
0.326491 0.0705286 0.412034
0.342747 0.0726814 0.64692
0.0795693 0.0874184 0.872027
0.0635146 0.0921689 0.848278
0.333356 0.21805 0.483836
0.336013 0.222911 0.308592
0.0628571 0.144409 0.281496
0.366302 0.126372 0.0737788
0.0595818 0.14536 0.283923
0.373104 0.148565 0.430414
0.213438 0.270337 0.359033
0.18614 0.0895112 0.128356
0.247989 0.0741993 0.74508
0.340537 0.0740065 0.337048
0.348305 0.0796255 0.669465
0.04016 0.099127 0.615152
0.0578083 0.202368 0.170214
0.230524 0.270969 0.381102
0.0870577 0.227019 0.241851
0.337638 0.12924 0.0555059
0.076762 0.241392 0.356031
0.0328389 0.127745 0.545915
0.267474 0.199967 0.683947
0.234083 0.194756 0.826074
0.261092 0.266328 0.334792
0.075043 0.101973 0.279647
0.301854 0.265959 0.499127
0.0949483 0.150635 0.772211
0.222154 0.0686958 0.660657
0.295368 0.0690227 0.639706
0.35677 0.19172 0.167243
0.174935 0.0885928 0.904216
0.046025 0.103464 0.849253
0.159898 0.19852 0.769439
0.222137 0.245999 0.581943
0.323734 0.083507 0.819543
0.229643 0.0803531 0.23071
0.271243 0.269589 0.482607
0.292077 0.120858 0.948252
0.173173 0.27158 0.482176
0.330672 0.222958 0.551045
0.269265 0.264768 0.323328
0.279535 0.158894 0.0558422
0.0684438 0.230911 0.285684
0.0563638 0.0866744 0.854448
0.33406 0.0810754 0.697185
0.340926 0.179409 0.908602
0.344989 0.118278 0.0285676
0.341626 0.0741018 0.381189
0.316456 0.193555 0.637502
0.312935 0.194323 0.104496
0.257784 0.199969 0.705212
0.18615 0.0699809 0.504598
0.2666 0.0971259 0.952745
0.171673 0.0751869 0.291813
0.248581 0.0704567 0.428026
0.288687 0.0946747 0.0682379
0.213901 0.0815313 0.808354
0.349114 0.144613 0.736141
0.0921771 0.261671 0.488604
0.334423 0.215947 0.469577
0.361501 0.174336 0.477751
0.335753 0.115931 0.823245
0.0309122 0.146349 0.549297
0.145795 0.154403 0.0546229
0.314043 0.0900035 0.920148
0.285923 0.19715 0.729558
0.114751 0.0793742 0.242099
0.0750669 0.110566 0.26165
0.112588 0.105298 0.823553
0.046692 0.0517126 0.776852
0.0379931 0.107471 0.422741
0.188227 0.212228 0.189325
0.244362 0.0682252 0.689886
0.193597 0.0825431 0.205179
0.357175 0.0786134 0.721823
0.211082 0.0834907 0.825292
0.252552 0.158542 0.05564
0.204657 0.268958 0.338486
0.26658 0.109784 0.958094
0.0566906 0.213642 0.266366
0.155592 0.231884 0.602168
0.337099 0.197576 0.130658
0.235941 0.0696407 0.56624
0.105605 0.154272 0.0549775
0.246264 0.233641 0.245072
0.187337 0.270666 0.522403
0.183218 0.0708642 0.364024
0.0783205 0.117469 0.808782
0.132971 0.169146 0.937271
0.0688329 0.0692233 0.627559
0.170702 0.0900105 0.928007
0.200583 0.268779 0.542769
0.214731 0.185392 0.920762
0.0540718 0.0718817 0.711152
0.112586 0.0889835 0.310841
0.0782294 0.0355396 0.260715
0.356176 0.111988 0.179069
0.0461036 0.146586 0.919066
0.173548 0.220741 0.220579
0.0776215 0.238069 0.271339
0.227412 0.222499 0.620148
0.0546514 0.0290036 0.286995
0.28319 0.187709 0.872415
0.293517 0.267582 0.448848
0.324002 0.109818 0.219936
0.369823 0.137852 0.825242
0.149553 0.268641 0.356866
0.0354121 0.114985 0.473769
0.327227 0.0833121 0.769653
0.07451 0.0405642 0.303863
0.0742811 0.192271 0.737746
0.149296 0.139642 0.0556664
0.276699 0.268371 0.394958
0.112567 0.146135 0.798143
0.339227 0.0882058 0.890628
0.0557333 0.150613 0.773205
0.141102 0.0695674 0.579511
0.12253 0.194039 0.800676
0.0480785 0.060836 0.317613
0.348108 0.131999 0.30475
0.0336201 0.160252 0.504084
0.330898 0.107744 0.321306
0.217063 0.0708618 0.36599
0.332799 0.219738 0.439076
0.342238 0.111154 0.0309603
0.0435884 0.0945702 0.661139
0.179967 0.193043 0.0884613
0.340411 0.0716753 0.435612
0.104096 0.125694 0.0364013
0.131378 0.26571 0.335525
0.275085 0.0811184 0.221649
0.121665 0.0713454 0.72065
0.368321 0.170387 0.400891
0.0943761 0.0975629 0.0376728
0.189309 0.08353 0.825675
0.112587 0.0958888 0.720981
0.23489 0.250831 0.572562
0.338077 0.19471 0.636002
0.238927 0.0833176 0.195935
0.0729604 0.189273 0.0837508
0.347662 0.079428 0.513918
0.216476 0.0867218 0.155436
0.0324619 0.134969 0.603937
0.133393 0.120099 0.0259203
0.0395948 0.128266 0.0730955
0.295603 0.150387 0.764344
0.209413 0.0891538 0.916132
0.132348 0.0769476 0.270742
0.206773 0.114408 0.97304
0.347881 0.0789776 0.655611
0.333241 0.0256684 0.760957
0.361843 0.194498 0.302091
0.21478 0.233401 0.241582
0.267845 0.0704442 0.429762
0.112598 0.0804967 0.246652
0.372485 0.165288 0.285002
0.187767 0.086625 0.852988
0.0735131 0.121979 0.707242
0.306962 0.169382 0.058467
0.0455438 0.101073 0.821358
0.2034 0.267035 0.317152
0.331899 0.0967536 0.093875
0.104073 0.260685 0.310721
0.361088 0.185706 0.135754
0.111193 0.267463 0.511935
0.35692 0.134651 0.755002
0.235561 0.218622 0.625408
0.368801 0.155887 0.642237
0.0259521 0.150511 0.314036
0.327078 0.0857805 0.748058
0.0784485 0.0917314 0.697808
0.0797619 0.13336 0.829746
0.1126 0.0818014 0.734985
0.190746 0.272328 0.439351
0.116602 0.0699997 0.709045
0.289571 0.14008 0.792416
0.132236 0.0700798 0.486734
0.0605893 0.0700041 0.683488
0.0781099 0.040774 0.289707
0.323291 0.149529 0.791053
0.345132 0.0773589 0.440411
0.362062 0.0988934 0.491785
0.196797 0.093698 0.0717017
0.0499638 0.144308 0.2384
0.326278 0.0869702 0.86143
0.35007 0.0597114 0.825017
0.0607783 0.0714293 0.554104
0.121173 0.124628 0.0362077
0.269635 0.199737 0.656573
0.296048 0.12655 0.0329161
0.317469 0.069452 0.600549
0.282856 0.186028 0.887626
0.330404 0.101515 0.828612
0.345885 0.201074 0.165253
0.0515432 0.0904337 0.92047
0.327638 0.0971793 0.0885152
0.0784917 0.12291 0.747032
0.348555 0.206839 0.239578
0.0657304 0.0895485 0.914332
0.0460746 0.184163 0.471272
0.034744 0.167364 0.128908
0.052929 0.0966113 0.251702
0.0391125 0.171458 0.505252
0.268226 0.195371 0.792858
0.189921 0.20435 0.144947
0.227604 0.0698774 0.523352
0.180755 0.136878 0.944364
0.371725 0.152725 0.493543
0.305398 0.0910642 0.697762
0.118661 0.263424 0.319599
0.34218 0.193671 0.64276
0.0329769 0.159439 0.129134
0.324065 0.070723 0.379511
0.201654 0.0785352 0.252418
0.345796 0.064119 0.713626
0.0348165 0.159617 0.650369
0.154443 0.11971 0.953854
0.332913 0.185216 0.858641
0.0327991 0.159597 0.469535
0.166559 0.206901 0.163893
0.116224 0.188581 0.863663
0.111665 0.0916683 0.946491
0.332916 0.21994 0.370207
0.289517 0.0861485 0.234268
0.3176 0.0874098 0.335085
0.171911 0.207418 0.6444
0.35806 0.107187 0.84807
0.121358 0.183434 0.912021
0.366796 0.164224 0.519876
0.252906 0.0788444 0.785196
0.33029 0.0886671 0.901765
0.29957 0.239667 0.264888
0.359853 0.118761 0.840858
0.3078 0.0695743 0.578367
0.294088 0.111519 0.0291067
0.0655747 0.11243 0.0298186
0.314145 0.250848 0.417136
0.355993 0.101208 0.742164
0.19068 0.214612 0.198891
0.121171 0.197506 0.737831
0.230581 0.0722451 0.326225
0.0750278 0.0684038 0.765746
0.190767 0.272468 0.451081
0.32521 0.0969369 0.731797
0.350272 0.132421 0.808703
0.139294 0.195292 0.797591
0.200432 0.272565 0.440419
0.357703 0.181128 0.477015
0.288019 0.0687986 0.653373
0.0516966 0.119181 0.840684
0.0770389 0.0632995 0.720458
0.174753 0.216673 0.208469
0.0578006 0.146326 0.257698
0.0926217 0.0703677 0.437979
0.217375 0.159483 0.946288
0.112601 0.0799012 0.718392
0.084314 0.203928 0.179078
0.296168 0.0699982 0.501553
0.0363224 0.166409 0.513479
0.369579 0.15806 0.514956
0.224287 0.221361 0.22126
0.122562 0.196577 0.766606
0.251284 0.0879446 0.885908
0.0697545 0.220248 0.475261
0.323305 0.0706263 0.395972
0.270271 0.0715242 0.334283
0.276734 0.266962 0.358167
0.273566 0.0712647 0.719885
0.136246 0.12376 0.0254334
0.230583 0.203864 0.144305
0.182662 0.198183 0.785544
0.0353257 0.161581 0.630516
0.109324 0.208458 0.623872
0.0525658 0.141808 0.0575749
0.295568 0.0684462 0.674883
0.0308717 0.130686 0.379604
0.346542 0.0771286 0.616658
0.0781129 0.136862 0.265966
0.141568 0.178592 0.0666792
0.375044 0.148949 0.226047
0.326638 0.0951485 0.847944
0.196827 0.126191 0.0477889
0.0447304 0.0747233 0.218701
0.112177 0.196519 0.748648
0.112603 0.0759235 0.721171
0.0465687 0.0910326 0.680378
0.0520357 0.0820485 0.556613
0.324762 0.116351 0.798502
0.184894 0.133584 0.94702
0.326651 0.107679 0.318469
0.212576 0.181528 0.940938
0.175516 0.200424 0.732638
0.370109 0.135984 0.548275
0.354599 0.147867 0.920813
0.0314114 0.135185 0.45386
0.3516 0.14961 0.79017
0.0837834 0.178993 0.900766
0.0609055 0.124444 0.218135
0.0600414 0.142637 0.814574
0.113168 0.0972374 0.0385212
0.323276 0.150825 0.0544059
0.357428 0.0974452 0.902325
0.293711 0.0958332 0.0524168
0.34597 0.179194 0.0690881
0.359931 0.12521 0.0846483
0.211438 0.120832 0.025574
0.282847 0.0688682 0.649122
0.298707 0.0913276 0.937031
0.177513 0.211871 0.18889
0.354539 0.14106 0.756345
0.0480374 0.121414 0.257154
0.0789912 0.197681 0.625351
0.27916 0.0688738 0.64878
0.335288 0.213987 0.479472
0.349231 0.0894401 0.753399
0.0338848 0.162165 0.124425
0.273638 0.268365 0.38318
0.049018 0.185728 0.718832
0.365872 0.112196 0.382096
0.36359 0.104613 0.565451
0.165374 0.0721786 0.727647
0.160541 0.0740478 0.305047
0.366873 0.158749 0.729265
0.332754 0.0272704 0.281855
0.171144 0.126369 0.0308483
0.0473524 0.084009 0.80583
0.352471 0.188201 0.652955
0.333514 0.217835 0.473596
0.355274 0.164373 0.890129
0.100288 0.1034 0.335618
0.0763525 0.0744087 0.210122
0.234524 0.242551 0.260205
0.0316766 0.183717 0.257696
0.348267 0.183332 0.862254
0.354944 0.194739 0.184679
0.0750889 0.0900685 0.292575
0.040343 0.0985946 0.633498
0.0489913 0.0631499 0.756536
0.039868 0.147991 0.798544
0.0311607 0.166371 0.212728
0.163597 0.201085 0.700029
0.193777 0.198779 0.112695
0.276976 0.0866974 0.854906
0.232246 0.0698806 0.522796
0.288858 0.0848556 0.180464
0.0785655 0.206151 0.195083
0.35136 0.112491 0.843581
0.120701 0.0857549 0.172019
0.103777 0.240221 0.567497
0.0891211 0.229106 0.578148
0.356793 0.0635812 0.228517
0.168761 0.171094 0.947422
0.349138 0.12809 0.221811
0.0715381 0.234771 0.28704
0.204083 0.0939892 0.0656964
0.369206 0.156012 0.604234
0.232679 0.0721573 0.327237
0.340945 0.1338 0.0569775
0.0685881 0.0496225 0.21586
0.0604005 0.0705046 0.667929
0.0330609 0.164989 0.152616
0.252083 0.0932249 0.955723
0.289537 0.0814438 0.788119
0.200214 0.271767 0.491983
0.168176 0.071087 0.718194
0.272625 0.0695284 0.586648
0.227815 0.199995 0.743617
0.101046 0.0705813 0.403521
0.109787 0.267849 0.45249
0.099792 0.190163 0.0847143
0.0819754 0.242213 0.406933
0.243115 0.184882 0.915237
0.296674 0.0691462 0.632168
0.284646 0.267483 0.392031
0.160821 0.268243 0.34055
0.162393 0.0727408 0.32039
0.112593 0.0958472 0.777104
0.0886967 0.0869048 0.335064
0.229149 0.165169 0.943873
0.0649418 0.0699761 0.505583
0.28956 0.117495 0.766823
0.181975 0.220654 0.219674
0.0736404 0.126393 0.0523175
0.289563 0.13054 0.31859
0.355491 0.116084 0.778084
0.319504 0.193531 0.71867
0.0773776 0.09153 0.939031
0.0338946 0.114774 0.908755
0.0509585 0.118598 0.331627
0.268847 0.177743 0.93077
0.344117 0.0770854 0.381073
0.143481 0.0687772 0.656314
0.126267 0.243889 0.268763
0.324075 0.19261 0.735614
0.273882 0.0732799 0.313553
0.328259 0.227078 0.248356
0.0566365 0.146395 0.258021
0.348957 0.0265701 0.252531
0.113469 0.212135 0.204468
0.141327 0.1336 0.935658
0.177222 0.243911 0.261892
0.327025 0.112588 0.757993
0.0483115  0.139 0.289112
0.342374 0.210592 0.224486
0.0612442 0.189752 0.809667
0.0747692 0.11896 0.840779
0.0634932 0.120707 0.840021
0.132971 0.227886 0.600956
0.230838 0.0873807 0.871764
0.25372 0.0747581 0.749933
0.349541 0.107875 0.091477
0.0495342 0.182434 0.799718
0.275671 0.0696844 0.55837
0.0419601 0.146125 0.277023
0.242342 0.0720582 0.726571
0.346547 0.145882 0.248167
0.0818901 0.242009 0.413571
0.273983 0.112894 0.0276187
0.165836 0.0697251 0.55093
0.268585 0.194348 0.806306
0.343162 0.167466 0.927188
0.140156 0.23491 0.249645
0.353011 0.0864372 0.655326
0.180609 0.0851516 0.177454
0.0564055 0.101022 0.115602
0.319508 0.193549 0.0992745
0.221819 0.07656 0.765384
0.289551 0.122427 0.240954
0.348764 0.205074 0.3595
0.0422986 0.150611 0.773294
0.113504 0.118984 0.953379
0.0512626 0.104642 0.170106
0.0407418 0.103043 0.0810137
0.112597 0.0859959 0.198521
0.32622 0.0917803 0.941644
0.151162 0.0702836 0.451946
0.366247 0.136469 0.129813
0.073558 0.0865836 0.164862
0.0329288 0.1212 0.355433
0.250465 0.0724912 0.323106
0.0886929 0.188208 0.817305
0.326828 0.113833 0.2416
0.102914 0.146287 0.27556
0.0586215 0.0950129 0.162707
0.324073 0.114592 0.813352
0.121018 0.0703519 0.440604
0.338519 0.0950294 0.104602
0.289536 0.106252 0.250337
0.356256 0.0577731 0.801109
0.166097 0.0706321 0.399561
0.352287 0.122642 0.925927
0.356189 0.0540579 0.778276
0.31603 0.133902 0.0556214
0.0449033 0.181872 0.496442
0.113446 0.0701866 0.468094
0.0678948 0.211364 0.216771
0.0506669 0.146523 0.0564661
0.355959 0.182861 0.595132
0.277211 0.0831373 0.822373
0.347382 0.197024 0.593057
0.0480816 0.0516557 0.783474
0.351187 0.20499 0.560819
0.0316256 0.17871 0.285328
0.289563 0.122094 0.774419
0.223654 0.173042 0.948973
0.25695 0.269773 0.395843
0.326523 0.231082 0.529403
0.307736 0.0698257 0.53282
0.299053 0.227038 0.241479
0.158482 0.267762 0.33659
0.325036 0.13387 0.829106
0.234059 0.0833502 0.195563
0.32711 0.101758 0.268257
0.0763859 0.179386 0.0695311
0.355084 0.0803231 0.259787
0.178657 0.0865673 0.168186
0.362445 0.152762 0.854175
0.0393857 0.125319 0.0667915
0.0780488 0.211101 0.213617
0.075754 0.08707 0.863795
0.188003 0.0899949 0.936186
0.348799 0.157941 0.924921
0.192558 0.0887422 0.906798
0.125584 0.0694565 0.599634
0.296726 0.0871739 0.866207
0.146182 0.0903238 0.928483
0.306371 0.0860436 0.1695
0.0527845 0.144715 0.289283
0.214341 0.0789817 0.247017
0.17471 0.068818 0.69854
0.366023 0.134703 0.140634
0.0334912  0.154 0.713559
0.185973 0.118866 0.948131
0.367983 0.161845 0.50766
0.257932 0.169647 0.940776
0.0471908 0.109409 0.0334168
0.303576 0.263413 0.364333
0.364776 0.161429 0.796039
0.318451 0.247991 0.37426
0.134661 0.0771869 0.267961
0.282716 0.0701246 0.478639
0.328814 0.140563 0.223541
0.283084 0.198201 0.698427
0.190419 0.270053 0.533807
0.205223 0.0706921 0.392437
0.0362279 0.175207 0.119202
0.0583723 0.201959 0.427701
0.299431 0.0693497 0.619043
0.251846 0.270493 0.49283
0.32895 0.23587 0.281887
0.0788836 0.0878082 0.154331
0.354607 0.0343344 0.794838
0.0401286 0.167224 0.786126
0.204243 0.228626 0.613231
0.265725 0.0895501 0.145844
0.310999 0.0709407 0.342702
0.141845 0.269077 0.375703
0.252605 0.0702645 0.457031
0.124133 0.128413 0.928226
0.0443607 0.110732 0.860299
0.33392 0.183462 0.871606
0.121775 0.141732 0.931203
0.229001 0.0747144 0.297144
0.0492221 0.186782 0.681239
0.35547 0.125486 0.268831
0.245069 0.0695987 0.573854
0.228274 0.0701245 0.478635
0.375825 0.139336 0.30688
0.330496 0.118093 0.315895
0.301549 0.0967186 0.947729
0.311803 0.132527 0.925812
0.0648886 0.0346311 0.803496
0.18069 0.203754 0.141944
0.0341994 0.179943 0.173714
0.0841928 0.19054 0.784748
0.337727 0.201478 0.607721
0.312369 0.178159 0.907287
0.123163 0.186124 0.889296
0.285432 0.0703783 0.439614
0.178837 0.192714 0.858507
0.0975318 0.177498 0.913199
0.28965 0.267881 0.503398
0.247056 0.241989 0.260605
0.0784534 0.073998 0.217846
0.253888 0.0803058 0.231218
0.106026 0.197428 0.698142
0.112252 0.112774 0.0281227
0.286819 0.0776264 0.262567
0.336697 0.209841 0.571687
0.0531532 0.0818893 0.443812
0.298978 0.142773 0.231008
0.33105 0.144216 0.291277
0.133896 0.0705072 0.416578
0.330533 0.0706401 0.393229
0.0780978 0.23468 0.526309
0.0335959 0.156109 0.661167
0.357182 0.0808538 0.727143
0.338972 0.119088 0.316014
0.028836 0.156535 0.386875
0.114097 0.267364 0.406513
0.112599 0.0824428 0.714746
0.0892656 0.12206 0.945001
0.368987 0.18247 0.212269
0.323912 0.0700754 0.487577
0.36719 0.118304 0.645367
0.355521 0.125575 0.770967
0.346942 0.201491 0.432193
0.0509588 0.102032 0.896537
0.0800523 0.0880198 0.886359
0.262716 0.153731 0.93487
0.177811 0.0700378 0.494307
0.310734 0.0883689 0.894659
0.119679 0.262881 0.312312
0.152733 0.271101 0.476206
0.327043 0.081577 0.29027
0.31592 0.132171 0.208053
0.0449352 0.0537548 0.302237
0.357218 0.0928138 0.669503
0.206945 0.189009 0.0788211
0.288919 0.093942 0.0802899
0.0698634 0.22818 0.315364
0.154279 0.238748 0.254636
0.0750899 0.0956663 0.291235
0.348571 0.141732 0.816498
0.318842 0.149427 0.79215
0.0919055 0.261211 0.424503
0.16941 0.0705893 0.406212
0.185965 0.069835  0.531
0.229658 0.272063 0.454124
0.358648 0.0943262 0.607776
0.356528 0.0561283 0.249312
0.243476 0.198418 0.770312
0.131937 0.265192 0.328931
0.0751099 0.113798 0.777803
0.144116 0.0720675 0.328084
0.273026 0.19215 0.831517
0.112586 0.0960795 0.212787
0.357656 0.133184 0.209498
0.34175 0.186549 0.859735
0.141798 0.114513 0.0263832
0.0797792 0.174294 0.0641996
0.228117 0.0867626 0.856189
0.0504355 0.0765666 0.82972
0.0417049 0.096641 0.570093
0.0314884 0.148378 0.645575
0.112595 0.0933604 0.79083
0.357187 0.0925057 0.616185
0.286283 0.184963 0.890408
0.224966 0.250216 0.273669
0.14755 0.0907697 0.132687
0.0313409 0.149729 0.640651
0.253754 0.200822 0.12706
0.316929 0.213149 0.216616
0.133449 0.197696 0.753634
0.325651 0.0882555 0.809683
0.209757 0.188723 0.89551
0.150881 0.269854 0.524268
0.353041 0.061609 0.254642
0.258725 0.270253 0.430556
0.198315 0.119778 0.0256843
0.0501426 0.196953 0.179405
0.313852 0.222211 0.235756
0.112578 0.119355 0.806051
0.0749971 0.0960924 0.276701
0.119893 0.0681933 0.690661
0.0670653 0.1387 0.922869
0.245719 0.270375 0.513415
0.0494094 0.110494 0.116149
0.0880325 0.255059 0.303234
0.291849 0.111445 0.1937
0.265787 0.214071 0.62497
0.345583 0.0462913 0.816715
0.0781488 0.0569587 0.233054
0.0469983 0.1266 0.0560073
0.157402 0.249328 0.274136
0.0449711 0.174926 0.0654948
0.232017 0.215153 0.631589
0.145127 0.269565 0.383547
0.311992 0.201743 0.158477
0.323772 0.218473 0.587422
0.0749202 0.231386 0.372536
0.294875 0.234126 0.253313
0.124467 0.0702941 0.450214
0.15929 0.0753818 0.289393
0.308881 0.222147 0.234712
0.323979 0.0406277 0.24122
0.128856 0.196178 0.777657
0.0266994 0.154802 0.337031
0.237712 0.0747005 0.749352
0.34444 0.198969 0.502272
0.274326 0.269586 0.442277
0.163288 0.0816392 0.809415
0.0388919 0.103926 0.433416
0.2593 0.264625 0.312824
0.30753 0.0989583 0.947963
0.117798 0.124683 0.0413494
0.216674 0.0897664 0.928844
0.0467793 0.0901299 0.474432
0.108022 0.0703547 0.440142
0.308014 0.118653 0.0271431
0.145065 0.236519 0.591219
0.241046 0.0688137 0.65242
0.139696 0.148488 0.933766
0.362254 0.100686 0.42073
0.296782 0.102832 0.949492
0.140927 0.161527 0.0564676
0.281785 0.269274 0.470502
0.0393483 0.184835 0.142504
0.115706 0.087945 0.885929
0.352575 0.127554 0.202941
0.290467 0.126259 0.0484128
0.146194 0.0704288 0.429099
0.265332 0.270275 0.448937
0.0378514 0.127148 0.16549
0.357316 0.188443 0.130421
0.354403 0.187048 0.474844
0.0596941 0.111402 0.844062
0.0531801 0.197435 0.443973
0.193709 0.214549 0.19837
0.299453 0.0698604 0.526533
0.0899833 0.194347 0.638092
0.0467899 0.184082 0.596381
0.356081 0.180128 0.745554
0.174978 0.270157 0.363434
0.136239 0.0745118 0.299341
0.0319688 0.138867 0.822626
0.07807 0.128245 0.236094
0.359902 0.140322 0.819511
0.274156 0.177042 0.0651879
0.215504 0.26859 0.54156
0.171972 0.250058 0.273995
0.151164 0.0706541 0.395393
0.144525 0.0869953 0.863106
0.347609 0.190167 0.812237
0.107471 0.127503 0.928439
0.090936 0.210876 0.208538
0.182962 0.117812 0.954613
0.289531 0.0723908 0.701601
0.213407 0.0822269 0.208783
0.363436 0.165134 0.0641276
0.36153 0.0962561 0.912016
0.191386 0.212632 0.190771
0.0371435 0.109199 0.362842
0.296168 0.20004 0.134538
0.327124 0.0951548 0.783945
0.0451233 0.044916 0.294637
0.16856 0.260933 0.294124
0.293554 0.196587 0.733311
0.17443 0.196579 0.803348
0.323834 0.0491805 0.793983
0.295026 0.089786 0.91781
0.349304 0.129157 0.812747
0.0417136 0.167936 0.805986
0.0460618 0.0588502 0.739459
0.096439 0.182441 0.879217
0.300553 0.247349 0.553982
0.338778 0.116283 0.195412
0.299862 0.248658 0.552107
0.329614 0.105894 0.335554
0.0521955 0.0905773 0.923961
0.289543 0.0908897 0.793004
0.33656 0.0790247 0.325475
0.060448 0.0276298 0.283846
0.0795172 0.109422 0.70095
0.297712 0.145831 0.806295
0.0783844 0.128776 0.289182
0.246593 0.271152 0.47854
0.361026 0.097478 0.529484
0.145204 0.0688801 0.649736
0.0841009 0.120332 0.9398
0.200216 0.0703239 0.448007
0.316993 0.0967176 0.0520185
0.310423 0.0687283 0.657683
0.0323997 0.154883 0.602464
0.0539026 0.193131 0.771736
0.0433195 0.091564 0.923836
0.0365877 0.128118 0.324538
0.102714 0.110597 0.193483
0.0995464 0.149527 0.754397
0.319603 0.0706234 0.396679
0.339493 0.0320555 0.799252
0.275788 0.089808 0.918473
0.159643 0.181412 0.933514
0.289528 0.0936529 0.273172
0.307017 0.115691 0.0272373
0.314533 0.251528 0.402803
0.301069 0.158518 0.0561896
0.0388493 0.166589 0.75646
0.240319 0.201769 0.679738
0.267144 0.249735 0.278428
0.0754376 0.122604 0.261111
0.338525 0.0992675 0.710976
0.149157 0.0700314 0.495476
0.0705664 0.18056 0.889731
0.293091 0.246035 0.275997
0.119007 0.0691744 0.701913
0.206974 0.148558 0.0540087
0.249479 0.0908994 0.942722
0.327103 0.0688961 0.261609
0.354807 0.18462 0.0774058
0.172174 0.106646 0.96591
0.320724 0.178154 0.905957
0.0507853 0.189194 0.699997
0.0843174 0.203298 0.17339
0.333434 0.0705403 0.409645
0.214509 0.0805372 0.79976
0.268137 0.0700436 0.493318
0.28954 0.0814064 0.703017
0.0648565 0.0985506 0.0671012
0.295049 0.0684433 0.675061
0.261149 0.0922815 0.0906134
0.0451102 0.0641121 0.219464
0.245182 0.203488 0.142978
0.0829229 0.0709502 0.341129
0.328874 0.0577068 0.717663
0.0785895 0.0394822 0.759014
0.0516569 0.145924 0.771444
0.308809 0.146355 0.270017
0.324937 0.0990634 0.317837
0.0398086 0.100082 0.674279
0.125582 0.269171 0.494712
0.156642 0.270378 0.514417
0.192762 0.194883 0.837998
0.177687 0.0908105 0.952788
0.0770968 0.0790805 0.224896
0.222624 0.27187 0.431523
0.0931935 0.207663 0.193791
0.0466437 0.193891 0.176793
0.320205 0.243611 0.279319
0.209002 0.272512 0.461967
0.171854 0.0941951 0.961749
0.134929 0.264768 0.32133
0.350652 0.20136 0.380666
0.076649 0.134984 0.239692
0.263072 0.0725289 0.730741
0.0383858 0.105924 0.427341
0.19489 0.262445 0.295442
0.10611 0.218431 0.225253
0.0694511 0.113186 0.21084
0.274555 0.0698637 0.525903
0.115903 0.267471 0.526272
0.263658 0.27009 0.436377
0.242375 0.199512 0.741829
0.183981 0.218905 0.2164
0.0787772 0.10871 0.192991
0.352895 0.0667436 0.247192
0.303346 0.135208 0.827442
0.0782876 0.119284 0.301932
0.184495 0.09481 0.064389
0.34637 0.0775411 0.549862
0.0327062 0.126456 0.500074
0.0453431 0.0754979 0.316338
0.297722 0.0997698 0.847438
0.371205 0.167859 0.235213
0.213436 0.0697125 0.553184
0.0449972 0.105386 0.731566
0.331043 0.223344 0.451891
0.0751444 0.108673 0.794923
0.355274 0.192428 0.160971
0.268045 0.0741271 0.303634
0.0376743 0.108289 0.610097
0.0535052 0.0807689 0.498049
0.289536 0.0914738 0.32904
0.157558 0.20101 0.695633
0.0363621 0.112591 0.44358
0.237122 0.0876779 0.879412
0.326135 0.0317224 0.752865
0.0345302 0.170435 0.421641
0.130337 0.252561 0.55913
0.112569 0.112873 0.250984
0.2303 0.197873 0.784976
0.21777 0.126958 0.0512933
0.352934 0.0929083 0.943613
0.271441 0.251853 0.283187
0.233124 0.0709048 0.35859
0.0356431 0.115842 0.616031
0.231544 0.0734594 0.738608
0.271586 0.0881441 0.890351
0.312434 0.256898 0.528086
0.0333202 0.120908 0.0437112
0.153528 0.195572 0.0977488
0.360874 0.125921 0.100736
0.202593 0.0903591 0.951629
0.0699791 0.0348935 0.737483
0.206896 0.171622 0.954049
0.327074 0.0634769 0.764746
0.253927 0.266847 0.543973
0.0707556 0.223034 0.387491
0.169129 0.094972 0.0702599
0.288716 0.07005 0.492158
0.327276 0.069248 0.625983
0.120296 0.194983 0.786511
0.112559 0.120981 0.308486
0.201669 0.229458 0.612205
0.074588 0.238373 0.353526
0.137163 0.250621 0.279854
0.0838269 0.121186 0.932336
0.176859 0.259545 0.560537
0.052374 0.19258 0.638504
0.0274606 0.144946 0.33541
0.281364 0.0934365 0.0839718
0.0320679 0.131631 0.491467
0.0440391 0.180516 0.472573
0.0377502 0.108089 0.392718
0.375262 0.155907 0.287659
0.0334826 0.158634 0.573528
0.346939 0.0791126 0.464872
0.351759 0.191294 0.101701
0.356731 0.119359 0.196864
0.132267 0.0984976 0.952215
0.334041 0.207186 0.203231
0.211231 0.270813 0.365972
0.0471543 0.162593 0.897932
0.370912 0.154973 0.512038
0.171715 0.201791  0.688
0.0460988 0.0560493 0.787369
0.342659 0.144277 0.810467
0.183411 0.0706699 0.394845
0.346778 0.103174 0.103692
0.366695 0.132199 0.319375
0.325956 0.0797728 0.320982
0.0360615 0.143447 0.234258
0.0483708 0.0684908 0.243331
0.314401 0.121444 0.928115
0.0538453 0.11445 0.842739
0.0560158 0.189311 0.831612
0.0395028 0.115196 0.905105
0.240703 0.0697852 0.540053
0.228259 0.0828263 0.201716
0.326969 0.0399431 0.734664
0.0383814 0.112796 0.0821906
0.170642 0.0751966 0.291688
0.327111 0.100064 0.781417
0.0867039 0.127647 0.0365257
0.112589 0.102505 0.790711
0.122938 0.160454 0.930976
0.326191 0.0880111 0.886029
0.33228 0.106795 0.700269
0.0280317 0.147773 0.215588
0.340146 0.202851 0.542258
0.0788558 0.127936 0.282498
0.289553 0.103539 0.819634
0.20634 0.271996 0.404941
0.112567 0.110309 0.291443
0.281362 0.183427 0.0732772
0.0368092 0.14663 0.741949
0.312789 0.19972 0.141263
0.320823 0.136335 0.213991
0.287015 0.196267 0.760635
0.282404 0.124344 0.0398532
0.337501 0.183413 0.876316
0.358582 0.132315 0.715369
0.249334 0.0818511 0.811186
0.226466 0.0892272 0.124462
0.108369 0.146615 0.7419
0.064757 0.144517 0.924878
0.260819 0.0699576 0.508892
0.221633 0.111189 0.969529
0.0294888 0.141303 0.394486
0.160803 0.266028 0.550985
0.0948431 0.17241 0.926022
0.253944 0.168787 0.936575
0.285135 0.0771346 0.268336
0.274341 0.070484 0.422722
0.289367 0.202416 0.635043
0.117822 0.0706543 0.393463
0.289567 0.127056 0.827963
0.0451884 0.0941981 0.388028
0.0296405 0.157419 0.19221
0.347348 0.136945 0.311886
0.078941 0.0452869 0.789882
0.350445 0.0761694 0.789255
0.248761 0.192866 0.842385
0.209018 0.0791878 0.244647
0.289545 0.0939711 0.817383
0.186965 0.0696482 0.564827
0.0673127 0.215719 0.44773
0.24761 0.112815 0.0270469
0.134261 0.119841 0.947981
0.0708632 0.0794569 0.830517
0.363192 0.153705 0.844214
0.190513 0.126608 0.950728
0.0366205 0.162199 0.729172
0.312547 0.195141 0.6895
0.112581 0.0982606 0.277952
0.0599027 0.0746419 0.390238
0.210419 0.118646 0.950934
0.151633 0.27119 0.469775
0.312869 0.216634 0.225592
0.0750928 0.112318 0.275297
0.286841 0.0687872 0.654068
0.0787385 0.060076 0.226274
0.140833 0.0709458 0.345743
0.103951 0.251855 0.547488
0.209148 0.0700783 0.486991
0.0333089 0.126926 0.604498
0.341865 0.215375 0.353455
0.143565 0.0782928 0.255092
0.153459 0.0909412 0.12757
0.0324089 0.127696 0.473627
0.339345 0.222065 0.338742
0.219884 0.115761 0.0284572
0.336427 0.212156 0.425399
0.0780516 0.198556 0.6335
0.288528 0.117111 0.953423
0.0379689 0.129569 0.139177
0.153079 0.0732387 0.314451
0.168233 0.272009 0.456254
0.185855 0.0878369 0.885283
0.357699 0.120496 0.0962987
0.266743 0.075275 0.754461
0.368244 0.175996 0.173775
0.366109 0.112981 0.406734
0.209857 0.258402 0.284333
0.323421 0.101301 0.726408
0.356717 0.130027 0.742022
0.0694938 0.0847887 0.180298
0.226184 0.209304 0.641906
0.135268 0.0687777 0.65629
0.131591 0.246789 0.56918
