0.165601 0.549697 0.285559
0.108112 0.370028 0.0975095
0.383105 0.242228 0.0576589
0.266746 0.304532 0.204907
0.0585216 0.237045 0.121895
0.362178 0.407514 0.227381
0.0644553 0.66197 0.21283
0.195378 0.377206 0.206805
0.0824394 0.838077 0.0517224
0.337877 0.522634 0.207459
0.250984  0.559 0.286906
0.306592 0.617089 0.286233
0.146665 0.361926 0.205832
0.215737 0.0829627 0.0975096
0.295065 0.675213 0.282951
0.412465 0.45748 0.128974
0.255663 0.619151 0.287981
0.0586771 0.284799 0.0547769
0.0735286 0.75181 0.232752
0.0516309 0.25987 0.0458004
0.0846345 0.767741 0.241382
0.346915 0.521313 0.207435
0.0520943 0.289928 0.116218
0.400273 0.349821 0.0905779
0.113956 0.589034 0.281092
0.0758879 0.798044 0.100848
0.279571 0.92063 0.0975095
0.0724481 0.413637 0.0975095
0.396252 0.228238 0.122588
0.360288 0.867482 0.0975095
0.228686 0.883377 0.0975095
0.387557 0.365875 0.0975095
0.37365 0.19981 0.120853
0.0333516 0.70745 0.162366
0.410521 0.81915 0.172416
0.155645 0.0594329 0.133718
0.0795822 0.787571 0.0612871
0.233225 0.257364 0.0975096
0.214387 0.888548 0.0823627
0.211481 0.494211 0.208148
0.331388 0.7379 0.0882074
0.059042 0.91114 0.139532
0.139755 0.586643 0.07174
0.220254 0.224184 0.0767686
0.0791063 0.393911 0.215169
0.38785 0.742192 0.0898487
0.152524 0.0761417 0.0787591
0.38183 0.895939 0.0975095
0.0985021 0.361028 0.205355
0.414695 0.598855 0.175162
0.306044 0.224688 0.194433
0.368712 0.779909 0.234698
0.0840058 0.231742 0.127162
0.0718075 0.870585 0.0799436
0.205791 0.170231 0.0975096
0.388873 0.873829 0.0975095
0.369903 0.832021 0.136776
0.227916 0.764016 0.0975095
0.202789 0.923207 0.214781
0.224034 0.339584 0.0975095
0.404221 0.743439 0.130997
0.327279 0.210007 0.081279
0.374089 0.783246 0.13557
0.383323 0.293653 0.0632369
0.137672 0.399041 0.233989
0.176576 0.781825 0.0975095
0.338871 0.108979 0.138812
0.228013 0.831102 0.214032
0.376857 0.209376 0.0467071
0.18855 0.132842 0.078759
0.100302 0.0713736 0.0854172
0.0753697 0.93437 0.14022
0.397106 0.756739 0.0955252
0.0698925 0.114737 0.0985558
0.246036 0.403109 0.0717401
0.146012 0.597134 0.0975095
0.326434 0.188679 0.084283
0.115254 0.0715665 0.0846758
0.105033 0.957252 0.114806
0.286505 0.434391 0.206589
0.400581 0.262709 0.103154
0.183864 0.123763 0.172411
0.18186 0.39843 0.207379
0.367657 0.272232 0.197634
0.175406 0.588829 0.288198
0.359258 0.73843 0.0447577
0.284612 0.670871 0.283804
0.130931 0.533941 0.07174
0.0564532 0.839118 0.0531883
0.155395 0.849128 0.0975095
0.35741 0.826952 0.225119
0.266517 0.79039 0.250333
0.269489 0.863188 0.2147
0.139582 0.536793 0.07174
0.30811 0.208565 0.0774635
0.225364 0.958564 0.17082
0.388629 0.509239 0.213645
0.0726778 0.423229 0.222247
0.072501 0.198048 0.117172
0.301073 0.388286 0.205823
0.0520943 0.253015 0.051813
0.384631 0.602217 0.07174
0.0489837 0.795748 0.0742853
0.0823484 0.412361 0.224638
0.161033 0.061291 0.119309
0.274785 0.748525 0.264029
0.283124 0.234347 0.196811
0.371509 0.794075 0.0465269
0.0777059 0.496236 0.208725
0.209013 0.422341 0.0717401
0.232801 0.0508927 0.13993
0.309513 0.106304 0.161841
0.40944 0.482774 0.10478
0.155811 0.486017 0.07174
0.400888 0.234103 0.0502988
0.395005 0.749391 0.117568
0.181178 0.326184 0.0975095
0.320763 0.385231 0.0717401
0.0704539 0.926758 0.172165
0.316022 0.888499 0.0655365
0.0476596 0.573447 0.07174
0.393815 0.198327 0.117846
0.338232 0.58378 0.279706
0.166331 0.30155 0.0733265
0.251857 0.657939 0.0975095
0.0344869 0.638339 0.126843
0.222117 0.547275 0.07174
0.166948 0.536612 0.209871
0.134236 0.363055 0.0975095
0.278113 0.467929 0.07174
0.124214 0.135778 0.173195
0.0814177 0.783585 0.0457007
0.372877 0.788634 0.0557553
0.399712 0.421542 0.219573
0.304971 0.52037 0.07174
0.34215  0.844 0.224785
0.187384 0.961061 0.123002
0.344514 0.103313 0.0975096
0.204093 0.681261 0.0717399
0.365985 0.396657 0.220316
0.220087 0.94027 0.198945
0.318115 0.196587 0.0779964
0.116512 0.790421 0.0828104
0.216271 0.362454 0.206259
0.333511 0.825944 0.147523
0.333045 0.814257 0.0958521
0.211569 0.752518 0.212727
0.0792989 0.672897 0.0717399
0.370054 0.926322 0.152582
0.12728 0.785287 0.0975095
0.0559701 0.819626 0.0760341
0.40892 0.316232 0.16641
0.129967 0.458086 0.207995
0.0823694 0.273619 0.0510166
0.171509 0.949427 0.0920554
0.252361 0.959455 0.147198
0.0545871 0.439183 0.204756
0.393664 0.632078 0.211679
0.122279 0.251859 0.126072
0.0735079 0.238671 0.0986832
0.214032 0.0774603 0.0975096
0.0992496 0.426891 0.207145
0.0727284 0.270669 0.160318
0.0815381 0.803388 0.153667
0.291986 0.554257 0.285545
0.402245 0.868133 0.156895
0.150997 0.314166 0.0727652
0.0791757 0.291043 0.119126
0.413251 0.622876 0.113434
0.382612 0.392667 0.0717401
0.13506 0.63612 0.212108
0.074943 0.396004 0.211833
0.326696 0.723463 0.0975095
0.402363 0.305461 0.0691765
0.0462361 0.805734 0.15126
0.402283 0.295863 0.181017
0.286319 0.845237 0.0975095
0.319167 0.769591 0.0975095
0.0498418 0.184069 0.108887
0.0514036 0.58149 0.207218
0.414155 0.628244 0.121483
0.333652 0.830829 0.214396
0.224068 0.613157 0.288171
0.349339 0.853764 0.104227
0.183097 0.432531 0.208009
0.402286 0.74158 0.0736159
0.0399972 0.638542 0.0771296
0.102327 0.293215 0.121307
0.272861 0.332839 0.0719344
0.157432 0.0724285 0.0975096
0.395608 0.279798 0.0525
0.0791897  0.216 0.0745896
0.281754 0.227278 0.0975096
0.226611 0.833984 0.214093
0.332315 0.11791 0.138714
0.212979 0.937199 0.205553
0.058036 0.223733 0.105662
0.290058 0.876314 0.081161
0.217288 0.555424 0.07174
0.0482351 0.803133 0.132313
0.172131 0.853068 0.229967
0.20674 0.65188 0.286195
0.224507 0.52188 0.284243
0.0614307 0.291496 0.10793
0.0849244 0.762105 0.242773
0.166529 0.176878 0.186426
0.388912 0.796623 0.106923
0.360302 0.251445 0.155939
0.0435095 0.352413 0.104814
0.0569536 0.245406 0.0459829
0.197773 0.941821 0.21295
0.0485181 0.777203 0.0899929
0.0616678 0.124101 0.12767
0.224643 0.192192 0.0781919
0.261121 0.537958 0.285464
0.383134 0.726712 0.131684
0.244664 0.782117 0.254141
0.178444 0.629969 0.287347
0.330359 0.131029 0.0975096
0.345486 0.164098 0.180962
0.238045 0.847205 0.0975095
0.372936 0.441746 0.227518
0.0699425 0.855603 0.0873592
0.180316 0.666477 0.210616
0.116512 0.759355 0.149457
0.401572 0.224225 0.143366
0.28236 0.665787 0.284602
0.120219 0.795989 0.0975095
0.41072 0.401605 0.1249
0.148926 0.343069 0.205401
0.327279 0.248421 0.0983618
0.354129 0.720297 0.0820535
0.348315 0.213557 0.076932
0.208519 0.301803 0.0733152
0.0582124 0.260015 0.128693
0.267145 0.326748 0.212454
0.348315 0.23183 0.145969
0.3985 0.814377 0.123342
0.0565977 0.31386 0.0561858
0.0858714 0.855501 0.0885473
0.298008 0.962467 0.144724
0.211641 0.508853 0.282079
0.272456 0.681188 0.282087
0.0672021 0.329434 0.10801
0.369694 0.478902 0.234933
0.281307 0.0462268 0.100506
0.301924 0.0626594 0.101949
0.0973467 0.827827 0.0823452
0.345694 0.186607 0.108554
0.282149 0.869627 0.225397
0.193053 0.525598 0.284267
0.224641 0.571817 0.287917
0.239559 0.753601 0.212399
0.0832037 0.40932 0.0717401
0.104268 0.564396 0.0975095
0.126307 0.135681 0.17337
0.178001 0.871954 0.0807328
0.14114 0.853341 0.0791814
0.0756202 0.719765 0.0890246
0.30334 0.204813 0.191155
0.080043 0.45536 0.0975095
0.20561 0.375814 0.233104
0.223541 0.242658 0.0975096
0.227963 0.194769 0.0975096
0.0715344 0.787491 0.0706335
0.0973845 0.218108 0.150472
0.213831 0.230349 0.197797
0.368064 0.11337 0.0787591
0.192477 0.413571 0.246229
0.238697 0.694268 0.0717399
0.360841 0.678221 0.257145
0.0828537 0.543026 0.209977
0.165579 0.146879 0.0975096
0.365064 0.777564 0.213327
0.102126 0.232784 0.0535416
0.343496 0.403049 0.0975095
0.177289 0.42583 0.249536
0.0685685 0.748261 0.0941126
0.0469867 0.550128 0.0953487
0.379885 0.768576 0.0853613
0.0321499 0.734938 0.153919
0.0964681 0.931913 0.210475
0.392301 0.273911 0.0894113
0.168354 0.680863 0.282067
0.0641931 0.808173 0.0291658
0.410987 0.531732 0.109426
0.414939 0.533112 0.157836
0.0484123 0.434925 0.0875683
0.191899 0.54559 0.286024
0.0954893 0.244402 0.0477359
0.312531 0.366364 0.0975095
0.361993 0.823591 0.0374287
0.0706003 0.195292 0.109722
0.342993 0.203986 0.139685
0.409046 0.57222 0.191838
0.122279 0.263503 0.118499
0.0826455 0.258792 0.057752
0.392229 0.850913 0.0894598
0.3818 0.723899 0.0676604
0.391964 0.284573 0.127937
0.212046 0.26674 0.0975095
0.297538 0.795581 0.0761282
0.201711 0.45084 0.0975095
0.0516505 0.715254 0.0912942
0.0872912 0.749973 0.0627219
0.331207 0.58297 0.07174
0.391456 0.73334 0.130663
0.116512 0.733495 0.131803
0.3945 0.670023 0.214441
0.209521 0.732991 0.0975095
0.28136 0.5272 0.283946
0.122279 0.29336 0.104023
0.399308 0.580982 0.205705
0.0655349 0.410739 0.0975095
0.359649 0.804882 0.153237
0.409047 0.339801 0.169652
0.407442 0.490149 0.0814854
0.113804 0.398545 0.20655
0.400825 0.394437 0.0858161
0.398358 0.539208 0.204368
0.160349 0.189863 0.0975096
0.339356 0.348073 0.205003
0.0481498 0.738834 0.137002
0.345425 0.169226 0.0975096
0.0848738 0.799138 0.232286
0.373799 0.584638 0.0975095
0.413487 0.484068 0.155442
0.389956 0.377227 0.208865
0.137504 0.932775 0.0832691
0.225484 0.164398 0.0975096
0.0772401 0.829417 0.145878
0.409099 0.435852 0.110195
0.0513376 0.302241 0.0787661
0.111954 0.556655 0.0975095
0.0620418 0.546318 0.07174
0.35507 0.179447 0.0854081
0.0559226 0.300291 0.100869
0.184567 0.507182 0.0975095
0.386293 0.77217 0.0721974
0.0479404 0.473049 0.0882384
0.353023 0.105391 0.0975096
0.183734 0.727943 0.212484
0.414769 0.769368 0.174137
0.409484 0.646048 0.0762597
0.107597 0.559221 0.0975095
0.100883 0.690713 0.214449
0.0598866 0.215849 0.0750953
0.0562853 0.517646 0.07174
0.228038 0.732496 0.212201
0.368944 0.107233 0.078759
0.410598 0.454159 0.169397
0.122279 0.315777 0.125754
0.0699426 0.770292 0.0866769
0.108878 0.495885 0.07174
0.297467 0.730001 0.211875
0.252113 0.418665 0.0975095
0.380724 0.172593 0.0975096
0.0630608 0.520843 0.0975095
0.119941 0.458232 0.207935
0.0772719 0.543197 0.210022
0.177821 0.468046 0.0975095
0.115516 0.0713828 0.0913481
0.0957741 0.242723 0.133039
0.367273 0.220607 0.0823388
0.118653 0.829455 0.0836615
0.253716 0.423915 0.206762
0.39774 0.825047 0.0655869
0.117002 0.621869 0.282564
0.0369713 0.562732 0.118492
0.0417078 0.577116 0.193958
0.372052 0.416895 0.223884
0.395823 0.819819 0.0590298
0.260169 0.0930163 0.159641
0.134948 0.265423 0.0975095
0.174039 0.597399 0.287972
0.292622 0.258872 0.20027
0.0950086 0.890565 0.211623
0.205881 0.605981 0.07174
0.280825 0.750266 0.073733
0.378287 0.110823 0.100611
0.249279 0.46676 0.20727
0.190188 0.329497 0.0720831
0.402598 0.586383 0.0975095
0.202039 0.956743 0.154273
0.407628 0.428576 0.091762
0.0812632 0.500378 0.238958
0.280978 0.881878 0.222287
0.0822036 0.146838 0.0975096
0.0478942 0.838145 0.136806
0.209855 0.661952 0.285231
0.0776914 0.408934 0.219446
0.392206 0.275315 0.0517326
0.358119 0.294105 0.0637516
0.231202 0.537238 0.0975095
0.403295 0.594027 0.0959103
0.318517 0.888978 0.0685733
0.0721975 0.266815 0.0550486
0.0667519 0.780033 0.120515
0.098751 0.756326 0.14386
0.245272 0.865747 0.0975095
0.404333 0.798349 0.135403
0.342376 0.16367 0.0975096
0.0533122 0.299936 0.0760054
0.313443 0.648011 0.21014
0.286456 0.309873 0.204902
0.0820782 0.812848 0.153728
0.365517 0.843258 0.131435
0.389676 0.768452 0.124374
0.385647 0.454405 0.215097
0.280611 0.606034 0.209546
0.177866 0.957162 0.173278
0.0554106 0.759096 0.0650396
0.385067 0.820178 0.119084
0.29101 0.489583 0.207698
0.346201 0.901074 0.0975095
0.0341436 0.742409 0.146947
0.0709154 0.242914 0.112504
0.193124 0.46952 0.07174
0.0489201 0.31911 0.080786
0.0763563 0.770896 0.216423
0.116512 0.82593 0.113305
0.353764 0.532598 0.207682
0.386428 0.236563 0.116478
0.152137 0.323011 0.0723717
0.241978 0.155933 0.0975096
0.347099 0.592574 0.07174
0.305895 0.7064 0.276126
0.259464 0.286432 0.0739991
0.3697 0.527579 0.239476
0.0495181 0.82695 0.0750213
0.248371 0.561297 0.287084
0.185884 0.580881 0.07174
0.262231 0.792824 0.213209
0.150964 0.719808 0.211777
0.33211 0.744392 0.21249
0.204945 0.395781 0.0975095
0.196734 0.854098 0.230853
0.122279 0.308827 0.134611
0.385215 0.264718 0.155931
0.0473461 0.863255 0.167224
0.266776 0.951694 0.0975095
0.137396 0.0653596 0.0787591
0.11084 0.632392 0.0717399
0.327279 0.287652 0.104451
0.215865 0.25859 0.0975095
0.271175 0.348754 0.205439
0.269467 0.436094 0.25398
0.219667 0.339448 0.0975095
0.414959 0.532033 0.154898
0.291417 0.886747 0.0728005
0.303371 0.943771 0.0656625
0.285658 0.955979 0.178271
0.315038 0.518088 0.281519
0.205992 0.338494 0.0975095
0.0814439 0.477647 0.208278
0.40443 0.782872 0.0987813
0.309081 0.140967 0.078759
0.369906 0.715669 0.0961003
0.20015 0.566007 0.287359
0.411757 0.343021 0.129241
0.211064 0.242158 0.0759689
0.357238 0.757116 0.14992
0.361033 0.0848208 0.122891
0.242137 0.580806 0.288336
0.38906 0.28328 0.0639016
0.123359 0.206239 0.0838471
0.305837 0.493715 0.274993
0.274522 0.933851 0.0867801
0.352018 0.321976 0.105423
0.331103 0.82412 0.0876749
0.381237 0.552976 0.0975095
0.0364342 0.523103 0.125921
0.25508 0.88306 0.0975095
0.412945 0.412641 0.131276
0.327279 0.255847 0.143897
0.311787 0.117177 0.0787591
0.0950077 0.689288 0.264222
0.359806 0.786184 0.158791
0.07566 0.917777 0.082774
0.116512 0.830095 0.138119
0.183905 0.0766416 0.0975096
0.301686 0.78384 0.0755076
0.249501 0.408156 0.206533
0.147969 0.818899 0.0975095
0.132477 0.9664 0.129977
0.0453893 0.222183 0.152449
0.243449 0.719611 0.211708
0.187913 0.955289 0.190771
0.386958 0.379527 0.201687
0.224297 0.816402 0.213705
0.0994957 0.677138 0.270203
0.285907 0.616741 0.287203
0.173834 0.85601 0.0975095
0.17247 0.237738 0.197664
0.143422 0.526892 0.283163
0.218327 0.510088 0.208384
0.41072 0.453768 0.168725
0.399122 0.453636 0.198826
0.361527 0.633647 0.255351
0.240471 0.247898 0.0975096
0.145869 0.183259 0.187211
0.174981 0.705132 0.277046
0.136004 0.911559 0.0656972
0.395158 0.760787 0.131577
0.368485 0.571509 0.07174
0.256955 0.0500648 0.115067
0.333699 0.797263 0.213673
0.0745073 0.799894 0.0569952
0.0630994 0.253935 0.122147
0.209358 0.437835 0.0975095
0.297192 0.804475 0.0765984
0.0572424 0.146042 0.147092
0.125157 0.705156 0.0975095
0.249218 0.546157 0.20897
0.0579382 0.218121 0.142723
0.290836 0.743131 0.0975095
0.159301 0.874049 0.0744505
0.248357 0.404829 0.243656
0.34572 0.313693 0.139263
0.238446 0.228303 0.197321
0.065682 0.628025 0.226722
0.0642627 0.715466 0.0937432
0.360706 0.740662 0.0848925
0.254215 0.652799 0.28611
0.289538 0.919705 0.0697676
0.173704 0.794105 0.248688
0.0796085 0.300263 0.0814164
0.36473 0.529338 0.246956
0.171462 0.742948 0.0733461
0.353263 0.680529 0.266276
0.3509 0.835716 0.139358
0.399141 0.607985 0.0975095
0.204214 0.959171 0.114566
0.116512 0.808188 0.148583
0.079792 0.806958 0.0847556
0.166619 0.24668 0.198849
0.397587 0.475421 0.202846
0.0868777 0.183135 0.0952509
0.279913 0.792293 0.213208
0.0591988 0.607127 0.211601
0.403764 0.631923 0.0867768
0.164592 0.436719 0.07174
0.289788 0.538214 0.07174
0.0672795 0.292595 0.105709
0.0457587 0.260321 0.0855865
0.0885302 0.1956 0.0705135
0.307867 0.109508 0.153353
0.0519034 0.741068 0.0949196
0.0485181 0.754115 0.0703142
0.163586 0.580417 0.210795
0.0586771 0.264558 0.04604
0.188431 0.881681 0.0816882
0.128528 0.884857 0.078178
0.246355 0.787471 0.252361
0.382973 0.732862 0.138942
0.261196 0.558328 0.0975095
0.0567963 0.212938 0.0780037
0.0547318 0.221047 0.0950435
0.37573 0.761726 0.0294778
0.361184 0.758655 0.154707
0.048897 0.304293 0.184256
0.300736 0.432695 0.206711
0.209598 0.765908 0.0975095
0.239068 0.332451 0.216662
0.386094 0.216179 0.102294
0.0749052 0.325409 0.119418
0.356497 0.692706 0.262158
0.281195 0.312681 0.205793
0.0447016 0.752243 0.130889
0.370977 0.786519 0.229575
0.305741 0.968537 0.128058
0.0329077 0.738179 0.167916
0.171494 0.56995 0.07174
0.218031 0.809779 0.0975095
0.345566 0.649049 0.0717399
0.307725 0.729321 0.269493
0.130741 0.619906 0.0717399
0.24893 0.934074 0.0975095
0.237335 0.97277 0.139167
0.37795 0.773526 0.215808
0.10174 0.293679 0.14388
0.286789 0.730403 0.269862
0.110598 0.540775 0.209824
0.340136 0.662568 0.279437
0.375947 0.672067 0.0975095
0.388787 0.555646 0.209193
0.266851 0.156536 0.18259
0.185244 0.57536 0.0975095
0.348188 0.527272 0.2706
0.122279 0.268647 0.095874
0.401899 0.742437 0.102904
0.071766 0.811431 0.105104
0.0751624 0.796057 0.0469538
0.0693624 0.114387 0.102335
0.37121 0.775298 0.0551554
0.199509 0.80218 0.0764771
0.153953 0.584499 0.287091
0.281152 0.0527862 0.105909
0.281312 0.214722 0.0771896
0.374225 0.79056 0.128401
0.142972 0.1237 0.146227
0.0628418 0.290819 0.196083
0.0411041 0.233941 0.15718
0.310884 0.773516 0.212869
0.365225 0.398869 0.22174
0.346676 0.357077 0.0975095
0.0930208 0.724686 0.115548
0.30218 0.801183 0.245128
0.0611337 0.769655 0.0932932
0.311398 0.953057 0.178474
0.0485181 0.767357 0.0572579
0.331113 0.891332 0.214273
0.382277 0.579703 0.0975095
0.382134 0.77225 0.0677323
0.0771462 0.757269 0.079806
0.394526 0.794936 0.137667
0.396613 0.785629 0.072012
0.222966 0.552801 0.0975095
0.0978127 0.18882 0.116271
0.185137 0.959131 0.211183
0.0811353 0.29848 0.0709056
0.141523 0.802665 0.0765027
0.370578 0.792224 0.105554
0.0494266 0.811617 0.0305925
0.226764 0.507767 0.07174
0.390155 0.677123 0.217572
0.267599 0.113057 0.0975096
0.0898325 0.713934 0.0760011
0.122279 0.291001 0.11772
0.373295 0.219025 0.109368
0.0732837 0.314871 0.0580146
0.0405213 0.649529 0.195359
0.415256 0.682728 0.124736
0.380606 0.759454 0.0568881
0.0845015 0.722436 0.249974
0.0743224 0.632712 0.212011
0.190973 0.823816 0.0975095
0.122179 0.846266 0.214103
0.0671733 0.823449 0.114581
0.062326 0.27914 0.0946571
0.144001 0.246313 0.0975096
0.401738 0.320139 0.131634
0.199103 0.304505 0.204781
0.108797 0.21599 0.191333
0.0586771 0.277848 0.132963
0.188489 0.305428 0.205083
0.0496865 0.304943 0.0879839
0.0357772 0.58783 0.124236
0.135312 0.491475 0.07174
0.0838889 0.553923 0.0975095
0.15054 0.761978 0.258025
0.415394 0.572781 0.169243
0.355813 0.83501 0.213987
0.150672 0.903415 0.21528
0.275445 0.755143 0.261629
0.30063 0.359849 0.205402
0.107647 0.381543 0.0717401
0.293253 0.184716 0.0785246
0.393743 0.260961 0.134313
0.33823 0.87148 0.214811
0.41797 0.413576 0.213154
0.354153 0.619575 0.264646
0.339678 0.163777 0.078759
0.399921 0.742904 0.084558
0.404093 0.351591 0.183406
0.0550951 0.278856 0.158219
0.162966 0.316744 0.204869
0.312817 0.636254 0.286057
0.210816 0.909626 0.216865
0.128069 0.532898 0.0975095
0.402517 0.866934 0.157154
0.0515456 0.334204 0.0809214
0.058746 0.256156 0.188712
0.348315 0.260095 0.0379324
0.0705995 0.890282 0.0975095
0.0876251 0.519783 0.07174
0.081484 0.741794 0.139662
0.259937 0.594349 0.07174
0.198155 0.616775 0.07174
0.135392 0.569646 0.285458
0.369139 0.771659 0.051203
0.213581 0.0797633 0.0787591
0.392987 0.780485 0.120045
0.237815 0.629278 0.0975095
0.0997152 0.675289 0.214553
0.104699 0.445536 0.207674
0.201907 0.671647 0.0717399
0.116512 0.834445 0.114374
0.124619 0.863706 0.0975095
0.25629 0.355011 0.205611
0.18597 0.48197 0.07174
0.3149 0.751691 0.261086
0.278242 0.858635 0.228248
0.359084 0.796677 0.213246
0.0578741 0.75256 0.077173
0.0515723 0.800846 0.115867
0.155253 0.957836 0.209125
0.298974 0.940465 0.212031
0.408277 0.713978 0.0765024
0.182708 0.430425 0.0975095
0.0430927 0.780383 0.159256
0.0387418 0.389565 0.125955
0.31212 0.807968 0.076783
0.0800004 0.193695 0.0778814
0.127757 0.697609 0.212837
0.276642 0.596496 0.07174
0.104995 0.106877 0.0975096
0.378101 0.809898 0.102426
0.15206 0.349919 0.217832
0.414113 0.629564 0.120809
0.28014 0.421515 0.0717401
0.316184 0.966009 0.125755
0.131278 0.539969 0.211085
0.048029 0.465895 0.0869772
0.257837 0.515185 0.28296
0.367273 0.286861 0.0831883
0.0548698 0.712561 0.0824731
0.121696 0.937024 0.211351
0.0350745 0.490431 0.143687
0.219487 0.1264 0.175165
0.405888 0.420185 0.217821
0.135425 0.63961 0.285989
0.286461 0.0829749 0.0975096
0.0510402 0.364894 0.0975095
0.198374 0.130902 0.0975096
0.399735 0.245947 0.0866832
0.120371 0.676973 0.0975095
0.154943 0.088151 0.150374
0.133052 0.538732 0.283812
0.282606 0.863691 0.214757
0.172274 0.598076 0.210067
0.122279 0.31275 0.118928
0.16083 0.193649 0.0781271
0.397736 0.289111 0.186653
0.120323 0.672364 0.0717399
0.404333 0.752975 0.125573
0.299537 0.729438 0.072632
0.402362 0.27689 0.145529
0.148758 0.250102 0.0756155
0.273833 0.802275 0.246193
0.0328563 0.680685 0.175591
0.097342 0.360546 0.20532
0.0485658 0.210384 0.074396
0.230327 0.26234 0.075071
0.404504 0.691703 0.0769115
0.415075 0.429356 0.133734
0.314837 0.323798 0.205911
0.135131 0.88023 0.215563
0.336754 0.169377 0.078759
0.344764 0.310225 0.20502
0.231734 0.241704 0.199873
0.0474058 0.516272 0.0810173
0.118289 0.719293 0.0820078
0.31085 0.659623 0.0975095
0.241708 0.45084 0.0975095
0.401427 0.755903 0.0546417
0.0448313 0.820106 0.139066
0.404316 0.838566 0.0734407
0.350441 0.741132 0.095118
0.0685825 0.818861 0.0745148
0.152761 0.574916 0.210891
0.0396892 0.478056 0.176557
0.0729073 0.771121 0.0615127
0.393505 0.167069 0.0896159
0.0694205 0.769289 0.15425
0.28739 0.502051 0.279321
0.353616 0.843391 0.214054
0.383336 0.919343 0.172179
0.124359 0.481523 0.0975095
0.286543 0.575206 0.286934
0.327279 0.262857 0.145779
0.389026 0.277053 0.118199
0.122279 0.198693 0.0813881
0.348512 0.430492 0.0717401
0.266001 0.952251 0.196636
0.0865325 0.525743 0.249149
0.0920004 0.716569 0.102971
0.116512 0.794147 0.0894092
0.13533 0.614291 0.286051
0.290899 0.954737 0.201973
0.372718 0.597979 0.209255
0.0520943 0.256428 0.084188
0.327279 0.300863 0.0955787
0.238547 0.711262 0.0717399
0.17012 0.187313 0.188557
0.339388 0.132922 0.148833
0.0451958 0.852285 0.17118
0.0553474 0.55287 0.07174
0.048634 0.417052 0.0764027
0.402323 0.309392 0.0881175
0.373641 0.220839 0.089106
0.384934 0.126444 0.10236
0.205101 0.593451 0.0975095
0.17312 0.275499 0.203274
0.392537 0.262852 0.0252717
0.392556 0.177035 0.0822041
0.188619 0.378488 0.0975095
0.0813128 0.479325 0.07174
0.38549 0.772095 0.0565056
0.414841 0.516149 0.141122
0.369139 0.806965 0.0539811
0.0915616 0.412968 0.0975095
0.208945 0.876118 0.0975095
0.393516 0.24289 0.0683428
0.298036 0.868968 0.224466
0.317161 0.217697 0.0975096
0.0630943 0.511198 0.215879
0.0696124 0.7145 0.0825593
0.0999115 0.799144 0.23973
0.40606 0.792109 0.0986011
0.0387573 0.786619 0.185704
0.368136 0.29867 0.201356
0.298271 0.873339 0.0808689
0.0956195 0.356642 0.210497
0.325701 0.944008 0.149079
0.0457872 0.737915 0.0863726
0.366259 0.259991 0.161629
0.136308 0.650632 0.212343
0.387948 0.588256 0.218991
0.102327 0.312396 0.107913
0.0892311 0.257147 0.161958
0.409449 0.466334 0.176995
0.356519 0.290882 0.201521
0.233779 0.380494 0.0717401
0.319437 0.420049 0.0975095
0.0879129 0.719584 0.114531
0.269994 0.736987 0.212041
0.14877 0.216448 0.193175
0.170575 0.435441 0.0975095
0.152821 0.232917 0.196082
0.363043 0.330657 0.205828
0.192024 0.564177 0.287212
0.217471 0.952986 0.211932
0.390258 0.746111 0.215807
0.0474327 0.788714 0.103312
0.358254 0.132306 0.144483
0.0832723 0.801247 0.229991
0.111362 0.534827 0.278886
0.348315 0.211526 0.122646
0.410457 0.706576 0.0763309
0.359602 0.324384 0.20545
0.297576 0.85424 0.0975095
0.384319 0.766859 0.13164
0.274937 0.459324 0.207022
0.0649533 0.76105 0.0556546
0.0943393 0.494942 0.208848
0.305834 0.969311 0.133612
0.385636 0.743539 0.107176
 0.399 0.212347 0.146461
0.307459 0.255779 0.0753629
0.0725394 0.118899 0.0948254
0.054613 0.757026 0.128966
0.0397248 0.49069 0.178265
0.265665 0.539312 0.0975095
0.314808 0.312343 0.0975095
0.172836 0.234607 0.19713
0.395499 0.405612 0.0717401
0.0755955 0.798857 0.157387
0.0677503 0.189149 0.11742
0.0468897 0.820271 0.120544
0.381031 0.82748 0.0807069
0.230979 0.127866 0.175624
0.242408 0.0389569 0.128691
0.374181 0.262266 0.0754845
0.118643 0.826576 0.0823551
0.391904 0.542913 0.0717401
0.116755 0.0637127 0.119077
0.40976 0.83363 0.159382
0.194099 0.81268 0.24387
0.375636 0.674247 0.239315
0.291178 0.879096 0.0743249
0.0907017 0.623791 0.212311
0.0554589 0.776142 0.0784102
0.259654 0.0420383 0.126244
0.0520456 0.303493 0.0433843
0.308288 0.328242 0.208414
0.357461 0.395824 0.0975095
0.21219 0.58194 0.0975095
0.0685526 0.253091 0.0459254
0.352006 0.765912 0.249746
0.299485 0.0627389 0.089291
0.402255 0.302227 0.0653066
0.125908 0.609802 0.284907
0.353946 0.323467 0.0870756
0.0441565 0.319937 0.178889
0.35493 0.221498 0.191082
0.0679024 0.794678 0.104104
0.111722 0.230322 0.155885
0.348315 0.225001 0.0458863
0.102087 0.247302 0.0473793
0.16877 0.608853 0.287521
0.174515 0.139673 0.177394
0.12624 0.536372 0.283089
0.35398 0.542159 0.0975095
0.0744143 0.181536 0.0836882
0.384304 0.811574 0.117769
0.372757 0.189472 0.118546
0.257026 0.229526 0.0975096
0.384977 0.824604 0.112473
0.0455518 0.836771 0.0546198
0.366566 0.301224 0.0781683
0.402546 0.823724 0.141974
0.0784659 0.244197 0.101493
0.33967 0.940709 0.201248
0.103466 0.443846 0.247221
0.35431 0.469056 0.07174
0.110382 0.743805 0.147855
0.260319 0.612558 0.288123
0.0776282 0.479166 0.07174
0.0458751 0.365588 0.185466
0.0444565 0.809902 0.193523
0.386755 0.823748 0.0375404
0.321684 0.906586 0.0819571
0.237755 0.798719 0.213338
0.217419 0.402291 0.0717401
0.207981 0.466865 0.0975095
0.387911 0.820756 0.11602
0.1726 0.269618 0.0747472
0.159217 0.0858105 0.152005
0.0550883 0.261238 0.0560742
0.407967 0.603987 0.195803
0.389777 0.67051 0.0717401
0.277284 0.815533 0.241719
0.337939 0.59667 0.209043
0.170257 0.253322 0.19991
0.387882 0.814587 0.107026
0.321239 0.180628 0.0975096
0.0811612 0.255338 0.0251503
0.0544946 0.492589 0.0975095
0.352725 0.282082 0.200721
0.132046 0.765195 0.25591
0.192927 0.100132 0.163293
0.0651734 0.475879 0.0975095
0.391565 0.258751 0.134611
0.046446 0.844804 0.0666028
0.140377 0.695143 0.279141
0.0769768 0.275075 0.071781
0.0541187 0.289908 0.12271
0.0811652 0.25698 0.115491
0.0712924 0.797485 0.0734998
0.330012 0.431039 0.0975095
0.120228 0.17115 0.183581
0.358604 0.850646 0.117266
0.304321 0.193335 0.189054
0.110171 0.934736 0.211163
0.161214 0.0561696 0.110061
0.116512 0.824488 0.131573
0.240485 0.62493 0.287739
0.285311 0.24017 0.197739
0.0399334 0.55999 0.0849114
0.0499443 0.876161 0.161746
0.327279 0.228257 0.127218
0.145133 0.93215 0.0975095
0.413215 0.371239 0.160038
0.0339469 0.582181 0.157951
0.184315 0.719065 0.0975095
0.173087 0.574761 0.07174
0.388323 0.194957 0.176606
0.0355001 0.455913 0.139214
0.071977 0.746607 0.110009
0.194492 0.544398 0.209067
0.219586 0.419424 0.0975095
0.0739506 0.623653 0.211961
0.0403974 0.340628 0.116347
0.0397359 0.415698 0.118504
0.361163 0.626899 0.255564
0.20903 0.0594388 0.144212
0.211989 0.880785 0.0816002
0.327279 0.254294 0.103937
0.126317 0.586785 0.07174
0.0701628 0.389096 0.204781
0.367273 0.242809 0.110584
0.362204 0.846204 0.127653
0.408543 0.651591 0.196992
0.0520943 0.247177 0.0567301
0.0651051 0.721554 0.122088
0.255855 0.821119 0.241102
0.388744 0.562768 0.0717401
0.0370495 0.58798 0.112649
0.0524083 0.242222 0.0905172
0.292851 0.94408 0.0703364
0.375113 0.786346 0.225027
0.372971 0.643856 0.241821
0.310735 0.925116 0.0655892
0.0983511 0.851371 0.114233
0.400138 0.803221 0.0475326
0.337033 0.128154 0.1425
0.31125 0.653828 0.285109
0.178151 0.0915563 0.0975096
0.150462 0.411788 0.207033
0.39056 0.151751 0.0883963
0.416398 0.685016 0.150279
0.0768376 0.582212 0.07174
0.165148 0.681839 0.0975095
0.371623 0.0949065 0.0907687
0.231478 0.917846 0.0852401
0.15435 0.0905651 0.144641
0.0485181 0.79232 0.0813108
0.0619591 0.2521 0.0542073
0.393948 0.573796 0.0975095
0.34999 0.496178 0.07174
0.0710479 0.332377 0.0965498
0.0627677 0.557994 0.07174
0.206489 0.171889 0.0975096
0.122279 0.237416 0.0903555
0.0390749 0.319783 0.13216
0.117779 0.688364 0.0975095
0.394146 0.27997 0.0861531
0.396216 0.776152 0.15837
0.382611 0.111197 0.127814
0.124149 0.893358 0.082362
0.388226 0.800796 0.154413
0.38948 0.812628 0.116675
0.265798 0.725447 0.0975095
0.396599 0.422755 0.201702
0.390662 0.741033 0.0832096
0.130505 0.532887 0.283256
0.193817 0.549052 0.07174
0.129952 0.173025 0.0975096
0.0538196 0.303286 0.0780579
0.0700074 0.584414 0.07174
0.381738 0.785493 0.0708847
0.230468 0.615877 0.0975095
0.253634 0.61249 0.288139
0.314681 0.583426 0.208751
0.103276 0.361714 0.0975095
0.354313 0.0771604 0.0954136
0.368225 0.216308 0.0795576
0.361322 0.490426 0.248365
0.291416 0.889151 0.215363
0.24801 0.61923 0.0975095
0.287943 0.0788993 0.148504
0.32078 0.951291 0.0663937
0.376198 0.130837 0.161883
0.371013 0.259022 0.128736
0.0857352 0.8798 0.0975095
0.0677215 0.570577 0.210605
0.188374 0.567908 0.28738
0.0627125 0.757259 0.0820196
0.367228 0.726467 0.11967
0.0748356 0.76832 0.0853214
0.402599 0.319143 0.182638
0.193617 0.611381 0.209723
0.400597 0.213893  0.105
0.233212 0.602955 0.21004
0.319448 0.375857 0.0717401
0.263948 0.802041 0.0975095
0.201031 0.964451 0.1455
0.0362926 0.598347 0.118267
0.0840444 0.192621 0.0952963
0.0639643 0.702516 0.224875
0.320367 0.51574 0.280663
0.3362 0.410531 0.234727
0.108288 0.0922383 0.078759
0.376583 0.230149 0.0553106
0.352189 0.411022 0.231673
0.299208 0.715617 0.211574
0.0437547 0.364786 0.103459
0.395821 0.244856 0.0691888
0.404194 0.841452 0.10794
0.06229 0.347787 0.0975095
0.371607 0.816818 0.071088
0.119586 0.845864 0.227317
0.275249 0.093551 0.158393
0.0938206 0.750002 0.215061
0.390551 0.794343 0.104361
0.0452352 0.691672 0.0912739
0.35018 0.839607 0.0618281
0.367874 0.34484 0.0717401
0.105632 0.654218 0.277332
0.0855224 0.792748 0.135029
0.264529 0.505279 0.280713
0.409179 0.49892 0.182259
0.0481722 0.278867 0.142122
0.0607015 0.517102 0.21364
0.133546 0.0770465 0.0975096
0.218291 0.935834 0.200683
0.195368 0.956013 0.14855
0.374142 0.770934 0.0790665
0.311277 0.394371 0.206009
0.14266 0.596374 0.07174
0.263792 0.908823 0.216318
0.03611 0.661596 0.110432
0.156572 0.518332 0.282627
0.0688839 0.70255 0.0975095
0.0466103 0.831477 0.0912961
0.295198 0.519042 0.282705
0.350707 0.526298 0.207529
0.285559 0.885198 0.0975095
0.295528 0.155115 0.078759
0.283539 0.760741 0.0975095
0.400413 0.776265 0.0808515
0.171098 0.429421 0.0975095
0.385309 0.697007 0.07174
0.352713 0.35366 0.0717401
0.0438246 0.386963 0.087341
0.298809 0.783574 0.213041
0.125168 0.142519 0.078759
0.0463744 0.252993 0.094782
0.372662 0.748416 0.116339
0.402322 0.702058 0.209403
0.367273 0.248369 0.0530553
0.389112 0.215569 0.0847394
0.365013 0.837739 0.137233
0.323062 0.667643 0.0717399
0.126958 0.847769 0.214463
0.223448 0.312488 0.0728398
0.0756675 0.746092 0.236682
0.239347 0.565328 0.07174
0.132194 0.324714 0.204823
0.135434 0.458127 0.07174
0.403697 0.626537 0.0925829
0.305013 0.522088 0.282794
0.357575 0.715298 0.0918
0.121193 0.818023 0.213251
0.122279 0.224295 0.121902
0.120778 0.829246 0.21336
0.387263 0.197752 0.13392
0.044033 0.843465 0.131217
0.0881404 0.763539 0.245601
0.331466 0.737817 0.264981
0.410659 0.626057 0.0891001
0.078107 0.248174 0.0789189
0.390743 0.875478 0.0801367
0.058076 0.699844 0.216022
0.0628903 0.879474 0.0802944
0.243234 0.0541298 0.0787591
0.184849 0.42855 0.0717401
0.248479 0.593221 0.209778
0.413825 0.343262 0.132233
0.317625 0.930549 0.2003
0.18561 0.495874 0.208963
0.327279 0.231182 0.097338
0.252381 0.369903 0.205878
0.179007 0.393376 0.0975095
0.132958 0.210572 0.19179
0.24745 0.404529 0.243635
0.406632 0.278595 0.158286
0.390006 0.770551 0.0647371
0.313202 0.87535 0.220893
0.388836 0.802447 0.0696847
0.0798676 0.932643 0.203899
0.285403 0.0461914 0.0988642
0.0783145 0.105618 0.0875085
0.048326 0.290936 0.139687
0.320564 0.0598975 0.129721
0.221109 0.827625 0.0778221
0.0540333 0.301005 0.0795303
0.393488 0.756319 0.149518
0.29479 0.400857 0.236974
0.370703 0.340821 0.0975095
0.397322 0.302321 0.0864614
0.241607 0.0267067 0.0840649
0.190547 0.0936106 0.160104
0.2103 0.751452 0.212726
0.212532 0.703313 0.0717399
0.297936 0.487756 0.07174
0.0545183 0.733159 0.130408
0.251067 0.341018 0.219325
0.29039 0.760349 0.258976
0.118751 0.859254 0.0909014
0.229581 0.0825668 0.157605
0.205587 0.695299 0.280134
0.377054 0.105041 0.0879496
0.294824 0.924348 0.0975095
0.396939 0.271238 0.0500105
0.0550608 0.811504 0.0305457
0.196996 0.44481 0.258958
0.295715 0.864926 0.0677239
0.113228 0.693602 0.0975095
0.219102 0.104217 0.0975096
0.403571 0.197547 0.133596
0.296909 0.902522 0.0975095
0.173145 0.568498 0.286936
0.228183 0.900801 0.0835661
0.0485802 0.282634 0.0468861
0.405188 0.372334 0.0892679
0.310965 0.462548 0.07174
0.403174 0.584258 0.0823016
0.297105 0.0987559 0.144045
0.38979 0.268102 0.191422
0.39144 0.206149 0.141674
0.386053 0.245512 0.0498109
0.101236 0.157666 0.178458
0.243254 0.946943 0.197582
0.408213 0.740015 0.199554
0.0491699 0.75701 0.0956567
0.165129 0.361251 0.223505
0.365342 0.468556 0.0975095
0.0951743 0.230782 0.126519
0.25409 0.331921 0.215659
0.33156 0.934979 0.198239
0.381958 0.228719 0.188019
0.27873 0.950309 0.203178
0.0681011 0.820921 0.066688
0.131446 0.0585548 0.126032
0.0502504 0.764825 0.0846181
0.222241 0.909937 0.216824
0.182246 0.854153 0.214619
0.0643256 0.717622 0.215181
0.248947 0.205198 0.192791
0.202648 0.124795 0.0975096
0.182479 0.396676 0.0975095
0.199795 0.645536 0.0717399
0.415633 0.62126 0.174177
0.130924 0.186413 0.187201
0.387103 0.241658 0.12465
0.345989 0.297587 0.203245
0.0776409 0.192388 0.0911513
0.0598795 0.770417 0.0657261
0.0790709 0.227346 0.0327078
0.406692 0.844275 0.133682
0.37754 0.777054 0.104659
0.29923 0.947161 0.0805111
0.0803918 0.0887723 0.130866
0.286061 0.275788 0.0975095
0.319507 0.506249 0.07174
0.378891 0.720066 0.0836441
0.172209 0.936685 0.199474
0.215013 0.896548 0.0975095
0.14718 0.569763 0.286155
0.386395 0.74572 0.148822
0.258267 0.530961 0.0975095
0.389843 0.311129 0.19638
0.0926329 0.713734 0.25964
0.235294 0.0590311 0.0975096
0.155611 0.0505377 0.124244
0.274272 0.617253 0.07174
0.0507831 0.744635 0.105342
0.0548679 0.193235 0.126776
0.30997 0.514111 0.20785
0.336872 0.5647 0.0975095
0.404059 0.818875 0.140154
0.0385833 0.412485 0.164491
0.244738 0.695007 0.0975095
0.375557 0.38849 0.204854
0.150832 0.0524434 0.12143
0.0460587 0.625129 0.0746577
0.123977 0.101946 0.138501
0.0695104 0.67892 0.233958
0.0505261 0.774408 0.105934
0.413727 0.701882 0.111245
0.155729 0.562294 0.0975095
0.117521 0.883667 0.0816151
0.158472 0.0523008 0.121107
0.0685687 0.380243 0.0975095
0.106616 0.54771 0.209962
0.190552 0.201978 0.191808
0.349482 0.937776 0.155051
0.269942 0.542708 0.0975095
0.392826 0.727874 0.214649
0.313568 0.660484 0.284706
0.0690245 0.236619 0.0511371
0.33658 0.408943 0.0975095
0.0497046 0.555698 0.203267
0.328809 0.651516 0.28382
0.0602581 0.763687 0.0610505
0.305888 0.345329 0.0975095
0.0948946 0.763177 0.0288773
0.0992439 0.161661 0.179675
0.0520943 0.295708 0.073251
0.14464 0.121141 0.145333
0.372224 0.81083 0.0703226
0.108854 0.331687 0.101621
0.385446 0.333209 0.0894274
0.0837034 0.111311 0.144576
0.221623 0.0633444 0.147953
0.119946 0.949046 0.184631
0.120178 0.564183 0.28308
0.230528 0.922512 0.0856984
0.163941 0.61376 0.07174
0.10483 0.811291 0.154466
0.289077 0.209582 0.192321
0.184805 0.496778 0.208984
0.3524 0.741625 0.0419062
0.0658415 0.293568 0.0832722
0.179213 0.640913 0.210402
0.226254 0.680841 0.0717399
0.143746 0.399467 0.23497
0.0523805 0.290036 0.110513
0.0449146 0.797314 0.197475
0.186337 0.421284 0.207754
0.387428 0.245235 0.109174
0.33165 0.675699 0.281322
0.229381 0.550337 0.0975095
0.205169 0.636137 0.287496
0.278739 0.923818 0.0858268
0.03894 0.556597 0.100001
0.281753 0.436473 0.0975095
0.402707 0.546484 0.0923834
0.187206 0.567953 0.209495
0.413246 0.808427 0.155823
0.17705 0.967669 0.143537
0.295348 0.824464 0.213938
0.0520943 0.283485 0.0603332
0.333045 0.782106 0.118113
0.0481006 0.460102 0.0921189
0.320911 0.703547 0.0975095
0.404744 0.337986 0.18135
0.130674 0.895594 0.0824578
0.0505413 0.270538 0.0486302
0.33526 0.654429 0.0975095
0.244874  0.805 0.213495
0.0684159 0.525371 0.223221
0.0485181 0.797418 0.0811684
0.380539 0.233154 0.0637033
0.274728 0.533704 0.2847
0.416047 0.718379 0.1632
0.0937683 0.7529 0.0336795
0.391179 0.266223 0.0754246
0.0495575 0.753721 0.0618483
0.386438 0.416065 0.0717401
0.17749 0.493494 0.07174
0.252427 0.574114 0.07174
0.159423 0.227353 0.0975096
0.0485261 0.235631 0.0348351
0.396038 0.372123 0.195845
0.279937 0.547265 0.28552
0.416482 0.69021 0.167162
0.239624 0.706751 0.211635
0.395743 0.766147 0.156276
0.333419 0.859334 0.221634
0.37494 0.334022 0.0824772
0.369139 0.744115 0.0906685
0.210398 0.794431 0.0760674
0.348315 0.215725 0.121093
0.0669437 0.24812 0.0789604
0.0551345 0.797383 0.0713743
0.219861 0.653319 0.0975095
0.130181 0.140666 0.078759
0.124929 0.487995 0.0975095
0.387079 0.749309 0.216655
0.369936 0.77268 0.0640679
0.133474 0.549439 0.07174
0.250588 0.167105 0.0975096
0.14736 0.884381 0.219818
0.412156 0.325465 0.155628
0.163051 0.826667 0.21446
0.387803 0.772616 0.0644902
0.273347 0.63387 0.0717399
0.391509 0.558007 0.0717401
0.35018 0.767426 0.137595
0.189162 0.827172 0.0975095
0.396037 0.882391 0.103858
0.308285 0.0634098 0.133674
0.24115 0.502487 0.07174
0.404333 0.78733 0.0444698
0.10347 0.671484 0.0975095
0.27651 0.648188 0.0717399
0.35621 0.867072 0.0975095
0.25974 0.838566 0.0784004
0.385838 0.673485 0.224568
0.396231 0.8726 0.0912313
0.130847 0.875648 0.0810795
0.278419 0.403168 0.239727
0.22796 0.1632 0.0975096
0.0656303 0.774604 0.0796962
0.364098 0.430467 0.205565
0.402453 0.227364 0.134394
0.122279 0.319224 0.0873365
0.324194 0.360801 0.205357
0.364361 0.682472 0.07174
0.301446 0.0712413 0.118028
0.230387 0.935987 0.0870219
0.410274 0.432978 0.11912
0.37968 0.299606 0.0786923
0.0558457 0.847664  0.199
0.0487927 0.627028 0.0975095
0.0564002 0.225472 0.109235
0.0819576 0.612911 0.0975095
0.188868 0.599404 0.288441
0.233463 0.240741 0.076032
0.178789 0.465306 0.208822
0.115682 0.230541 0.155977
0.0767178 0.827191 0.141153
0.0496314 0.304943 0.0950567
0.0465898 0.582201 0.0858497
0.0485181 0.823491 0.109415
0.13558 0.784589 0.249814
0.205057 0.776946 0.0751432
0.297061 0.0711079 0.0787591
0.248104 0.465924 0.207264
0.288739 0.818329 0.0773307
0.367273 0.221376 0.0744901
0.0880967 0.738498 0.143667
0.348557 0.832269 0.213453
0.253033 0.147179 0.18034
0.301105 0.672479 0.0975095
0.413031 0.76778 0.183087
0.327279 0.30893 0.0935482
0.395333 0.665041 0.214027
0.369285 0.216015 0.10107
0.113243 0.947143 0.181587
0.360017 0.911358 0.0975095
0.390234 0.770527 0.101416
0.288318 0.879475 0.0747621
0.37121 0.574153 0.208503
0.0581014 0.244989 0.0744068
0.0549141 0.810562 0.103536
0.393317 0.899791 0.163529
0.0520943 0.263155 0.106117
0.342349 0.463224 0.206482
0.35704 0.788593 0.158524
0.234131 0.627802 0.0717399
0.415985 0.678997 0.129018
0.0728232 0.209903 0.0461178
0.233138 0.952412 0.0939726
0.0359843 0.376086 0.138252
0.21117 0.767708 0.0746549
0.359542 0.606968 0.257257
0.228461 0.573479 0.288002
0.412255 0.555472 0.178953
0.337033 0.426521 0.0975095
0.32599 0.332174 0.0874602
0.0718059 0.762811 0.120031
0.249159 0.600766 0.288391
0.143974 0.284938 0.20354
0.0345214 0.657684 0.123979
0.274997 0.624591 0.209877
0.368575 0.505295 0.207186
0.0821646 0.0880545 0.112277
0.133396 0.95095 0.201869
0.0589753 0.77934 0.159038
0.182925 0.514333 0.282542
0.154564 0.904764 0.0685511
0.0677614 0.797841 0.108259
0.13263 0.188341 0.187685
0.307309 0.949995 0.186157
0.293347 0.902393 0.0837224
0.168729 0.575696 0.0975095
0.192916 0.704321 0.277457
0.177305 0.30294 0.0975095
0.143235 0.619537 0.211673
0.0716378 0.713879 0.0753544
0.126095 0.295805 0.204295
0.109827 0.469502 0.07174
0.269028 0.498807 0.279232
0.15824 0.716987 0.0975095
0.304652 0.0857461 0.136823
0.318617 0.281102 0.0975095
0.0957189 0.389047 0.206082
0.265942 0.841269 0.214256
0.130316 0.735723 0.0975095
0.0588036 0.147219 0.0997691
0.388051 0.783936 0.128736
0.190919 0.935621 0.202173
0.0654815 0.396827 0.204005
0.197803 0.491345 0.0975095
0.238487 0.200183 0.192304
0.15174 0.530809 0.283741
0.0572126 0.382618 0.206791
0.113044 0.397217 0.0717401
0.269877 0.966248 0.104324
0.209388 0.773372 0.0749543
0.126958 0.869897 0.0805308
0.0524533 0.214698 0.102453
0.0568138 0.244862 0.0263985
0.0467692 0.712272 0.208982
0.333045 0.806574 0.141942
0.104804 0.957511 0.118796
0.207689 0.556149 0.07174
0.369777 0.535476 0.207553
0.290223 0.102644 0.161729
0.0339824 0.654001 0.178224
0.142399 0.598979 0.07174
0.359696 0.0892546 0.0863243
0.155368 0.631529 0.286515
0.252899 0.206741 0.0775446
0.098751 0.739698 0.055089
0.369139 0.825621 0.0779562
0.139764 0.937674 0.0804792
0.398646 0.467395 0.20056
0.16066 0.528187 0.210386
0.296783 0.954696 0.210936
0.0525911 0.286172 0.0682156
0.0664999 0.697285 0.228754
0.125073 0.84792 0.0975095
0.16229 0.553091 0.210228
0.360556 0.22236 0.190566
0.383466 0.46358 0.0717401
0.33126 0.776597 0.08624
0.0906218 0.586426 0.257713
0.0517075 0.817343 0.126062
0.126404 0.0816129 0.0787591
0.165391 0.954771 0.202073
0.121769 0.519509 0.280494
0.0629163 0.774121 0.0580831
0.323034 0.701447 0.276984
0.112964 0.381716 0.0717401
0.108153 0.702147 0.214068
0.180911 0.955586 0.178185
0.308009 0.283341 0.203235
0.333045 0.734539 0.0763145
0.0369261 0.637019 0.106652
0.0520943 0.235536 0.0578389
0.164314 0.929891 0.0860367
0.0344975 0.397878 0.200718
0.325987 0.285123 0.0975095
0.152172 0.622106 0.0717399
0.0481735 0.282635 0.0522383
0.262611 0.385176 0.0717401
0.262595 0.39881 0.0975095
0.0492398 0.260375 0.0429164
0.113955 0.718726 0.111241
0.397547 0.261217 0.0879137
0.119965 0.660041 0.0975095
0.183431 0.320347 0.0724902
0.23865 0.86917 0.0975095
0.414018 0.527147 0.166859
0.416969 0.719261 0.131764
0.0916405 0.510003 0.0975095
0.0771862 0.887082 0.0805946
0.046338 0.81561 0.14706
0.0949085 0.720922 0.119664
0.0968148 0.714231 0.0794409
0.116512 0.751542 0.140038
0.120357 0.127256 0.158542
0.0858552 0.290304 0.147704
0.0558557 0.627708 0.0717399
0.211256 0.63804 0.287464
0.369139 0.848941 0.10663
0.261974 0.951316 0.0901608
0.239805 0.316202 0.210383
0.30591 0.63678 0.209892
0.170369 0.120887 0.0787591
0.0815956 0.753993 0.0583303
0.079082 0.784159 0.115669
0.162542 0.681598 0.211203
0.243573 0.427725 0.0975095
0.198523 0.0323548 0.0911135
0.299393 0.268327 0.0975095
0.0692728 0.323551 0.0885696
0.402174 0.18907 0.124046
0.379815 0.771541 0.0567554
0.389639 0.8239 0.210255
0.145555 0.329085 0.20929
0.222523 0.614263 0.28815
0.050838 0.787725 0.156173
0.0862573 0.623741 0.252862
0.184649 0.890844 0.220798
0.181509 0.577156 0.287758
0.148314 0.588797 0.0975095
0.123058 0.0641042 0.0994856
0.397438 0.161683 0.120552
0.0346753 0.770272 0.172421
0.225793 0.812966 0.244872
0.146065 0.226791 0.0766526
0.136155 0.477844 0.209161
0.327279 0.201394 0.134846
0.0741916 0.847918 0.11018
0.312911 0.245288 0.0975096
0.0503261 0.229165 0.173786
0.35018 0.805034 0.0441629
0.168804 0.900245 0.0975095
0.358244 0.715158 0.090174
0.0354736 0.706535 0.186858
0.0689791 0.831278 0.14402
0.184549 0.871124 0.0806513
0.368843 0.383303 0.0975095
0.400632 0.453461 0.196093
0.370476 0.103445 0.0855351
0.242762 0.929336 0.0863687
0.161411 0.746704 0.264019
0.091564 0.816575 0.14828
0.385186 0.630372 0.0975095
0.22822 0.292696 0.0737204
0.345459 0.530678 0.274042
0.16449 0.686486 0.0975095
0.387815 0.669171 0.22128
0.148557 0.744367 0.211946
0.136869 0.469852 0.07174
0.40364 0.621858 0.086699
0.0385727 0.525183 0.17912
0.349024 0.29015 0.0350441
0.41599 0.572485 0.131705
0.173532 0.756249 0.261199
0.376659 0.421994 0.0717401
0.383629 0.277158 0.153356
0.15635 0.774448 0.213107
0.353987 0.772865 0.157682
0.0828723 0.283933 0.100802
0.291007 0.526138 0.20829
0.214563 0.133922 0.078759
0.210623 0.120624 0.172673
0.359061 0.550112 0.256777
0.410434 0.406451 0.168164
0.168113 0.471096 0.209187
0.307023 0.0625697 0.101452
0.165889 0.653312 0.0975095
0.0432084 0.3932 0.0929315
0.0570139 0.143162 0.115553
0.369438 0.24294 0.0508975
0.0990376 0.219067 0.143387
0.399933 0.22342 0.0603715
0.082483 0.324528 0.121916
0.333045 0.789438 0.100676
0.155972 0.640896 0.286384
0.0391863 0.564216 0.0937664
0.308028 0.773345 0.0975095
0.13458 0.89177 0.0805166
0.282568 0.568451 0.209022
0.127879 0.412452 0.0975095
0.258449 0.377762 0.205983
0.349962 0.128353 0.15714
0.125153 0.885963 0.0975095
0.0570702 0.898997 0.101724
0.290305 0.149398 0.0975096
0.174113 0.567463 0.0975095
0.152739 0.411701 0.0975095
0.3502 0.830778 0.0998769
0.191081 0.495438 0.208938
0.319834 0.830664 0.0975095
0.396314 0.81526 0.127771
0.330877 0.387952 0.205707
0.181668 0.755267 0.213029
0.298646 0.682706 0.0717399
0.327279 0.199265 0.103985
0.388936 0.84882 0.107049
0.234284 0.661978 0.0717399
0.378101 0.403977 0.212267
0.383554 0.528938 0.220169
0.210085 0.743404 0.212604
0.342152 0.935218 0.0941627
0.340994 0.44302 0.206334
0.376781 0.828728 0.102391
0.345935 0.140292 0.17262
0.295483 0.430807 0.206736
0.046254 0.740932 0.105423
0.327403 0.472267 0.263126
0.271366 0.843737 0.214293
0.161889 0.794757 0.247896
0.117722 0.563501 0.211507
0.0802449 0.265927 0.0775231
0.0671755 0.132522 0.0940181
0.318938 0.760736 0.257506
0.235762 0.809353 0.0975095
0.38315 0.605291 0.0975095
0.156112 0.0820872 0.14567
0.188136 0.113567 0.0787591
0.251111 0.527727 0.208291
0.240807 0.508406 0.07174
0.408808 0.309028 0.1662
0.262326 0.904671 0.215583
0.256706 0.871397 0.225828
0.394776 0.801682 0.117359
0.232805 0.304835 0.204825
0.0469568 0.552567 0.0739088
0.339029 0.221106 0.19234
0.0321224 0.610288 0.136287
0.0778291 0.256522 0.134475
0.0692155 0.761502 0.0815423
0.39872 0.171428 0.117924
0.187568 0.243205 0.199109
0.0739115 0.437101 0.07174
0.184909 0.778473 0.213451
0.150686 0.047403 0.0898645
0.376533 0.718172 0.109116
0.0512291 0.742308 0.0889841
0.294154 0.0454497 0.0896523
0.181897 0.341209 0.0717401
0.388608 0.523396 0.214066
0.173402 0.264688 0.0975095
0.402631 0.852375 0.118524
0.356682 0.621754 0.0975095
0.185815 0.104764 0.0787591
0.113605 0.458123 0.208079
0.272718 0.346143 0.0975095
0.0867341 0.824932 0.21524
0.333045 0.753688 0.0948539
0.187749 0.39874 0.0975095
0.261006 0.408628 0.0975095
0.333045 0.782161 0.151664
0.0695959 0.565294 0.210493
0.142904 0.87303 0.0832152
0.386612 0.346485 0.2012
0.364666 0.202919 0.18648
0.406774 0.849319 0.156781
0.150997 0.844088 0.0786923
0.331312 0.358346 0.205245
0.210828 0.402111 0.0975095
0.0615034 0.798237 0.100578
0.098751 0.800867 0.0372766
0.404452 0.687532 0.0965582
0.0338177 0.586992 0.139648
0.139624 0.497856 0.0975095
0.37425 0.930932 0.177477
0.118034 0.425016 0.0717401
0.0970183 0.613121 0.07174
0.311701 0.903588 0.0683496
0.197656 0.516044 0.28319
0.358744 0.793595 0.155739
0.0726007 0.614962 0.07174
0.388521 0.767108 0.0276859
0.393889 0.232709 0.128049
0.376916 0.107142 0.0925641
0.200223 0.205909 0.192904
0.398208 0.740714 0.0764713
0.321924 0.901317 0.0780533
0.166245 0.822831 0.0975095
0.263583 0.87916 0.0814406
0.309928 0.514356 0.0975095
0.415247 0.556654 0.160739
0.0742751 0.236191 0.116817
0.185625 0.361382 0.225706
0.36951 0.089668 0.117024
0.386821 0.721343 0.105347
0.353607 0.930362 0.0876349
0.324574 0.869924 0.0975095
0.0799407 0.786137 0.0250456
0.361689 0.450527 0.0975095
0.129423 0.416568 0.0717401
0.295155 0.580361 0.28697
0.0941285 0.663077 0.0717399
0.253691 0.958246 0.173709
0.0922681 0.496048 0.254873
0.396945 0.652933 0.0717401
0.193149 0.301194 0.205034
0.0476817 0.777901 0.0929887
0.274324 0.430591 0.0717401
0.372828 0.242265 0.057642
0.0529822 0.307493 0.13366
0.309776 0.574843 0.208581
0.366701 0.457086 0.237265
0.409555 0.427809 0.170565
0.0921948 0.494947 0.07174
0.257572 0.0913271 0.159119
0.322103 0.695067 0.211168
0.347664 0.0805668 0.0975096
0.269147 0.257253 0.0752973
0.107407 0.603805 0.07174
0.356312 0.548611 0.07174
0.31744 0.270134 0.0747242
0.062663 0.153374 0.1632
0.0486976 0.734134 0.0495654
0.0431543 0.264745 0.161079
0.275099 0.788614 0.0975095
0.363835 0.79914 0.213753
0.252427 0.0499623 0.136718
0.0711937 0.850963 0.090954
0.307682 0.123966 0.153695
0.27331 0.543055 0.285441
0.119697 0.943507 0.196491
0.333045 0.739864 0.109721
0.229736 0.682864 0.282327
0.172513 0.409161 0.0975095
0.147249 0.347052 0.21614
0.139788 0.650684 0.0975095
0.098751 0.805576 0.145292
0.275486 0.110441 0.0975096
0.372727 0.23526 0.157586
0.218304 0.467265 0.07174
0.177286 0.087042 0.0787591
0.276562 0.794585 0.0760756
0.262488 0.877205 0.224247
0.375932 0.493241 0.07174
0.288638 0.894287 0.0975095
0.354531 0.889537 0.0975095
0.0530243 0.256855 0.161992
0.0693524 0.272711 0.09752
0.250167 0.552275 0.07174
0.212395 0.145179 0.180328
0.0829821 0.929311 0.148034
0.0332018 0.716164 0.130435
0.389817 0.821825 0.083246
0.397139 0.826154 0.0718977
0.0740314 0.469185 0.225845
0.163742 0.891515 0.215455
0.403108 0.578938 0.0896858
0.400374 0.358004 0.097076
0.336549 0.771603 0.157418
0.293772 0.83596 0.0975095
0.339851 0.778185 0.213227
0.0802961 0.535517 0.240835
0.261409 0.442168 0.07174
0.281941 0.900165 0.0835036
0.412073 0.721994 0.192641
0.323545 0.712191 0.211556
0.219472 0.572535 0.07174
0.133378 0.154001 0.078759
0.233252 0.049739 0.087388
0.223216 0.138656 0.0975096
0.0525636 0.326858 0.191169
0.0536611 0.262001 0.0470284
0.37978 0.811877 0.215153
0.296335 0.11979 0.0975096
0.189573 0.165719 0.078759
0.175801 0.381044 0.231984
0.401695 0.798192 0.0918089
0.0470775 0.235102 0.157537
0.123824 0.504452 0.07174
0.0504091 0.794161 0.0728226
0.122279 0.18721 0.0937433
0.132298 0.898491 0.0832858
0.21222 0.678888 0.0717399
0.198342 0.363358 0.0717401
0.255277 0.394444 0.206277
0.0708682 0.814958 0.152729
0.396244 0.206449 0.171937
0.367273 0.251021 0.101889
0.227504 0.45137 0.207357
0.0887616 0.404789 0.226925
0.277398 0.97293 0.129671
0.173925 0.680191 0.0717399
0.313432 0.474879 0.0975095
0.293677 0.956827 0.204734
0.256906 0.656584 0.0717399
0.0447008 0.805574 0.144962
0.389834 0.140938 0.10189
0.0452496 0.362319 0.0788653
0.262589 0.649457 0.0717399
0.194869 0.308639 0.206668
0.367273 0.250716 0.0987646
0.294373 0.742003 0.0732962
0.0497329 0.768817 0.124568
0.170295 0.559681 0.286316
0.160301 0.255145 0.0975096
0.0830558 0.222415 0.0670162
0.113585 0.49324 0.270681
0.174531 0.347573 0.205698
0.348315 0.231948 0.136217
0.253465 0.339664 0.0975095
0.231763 0.395579 0.0717401
0.261976 0.428256 0.0717401
0.246929 0.833469 0.237761
0.290869 0.262816 0.0975095
0.352196 0.454042 0.07174
0.401956 0.485851 0.0881554
0.290595 0.537449 0.284513
0.0467799 0.780497 0.0445067
0.401359 0.194751 0.0915528
0.171932 0.591266 0.0975095
0.209926 0.60772 0.288163
0.138132 0.203669 0.190731
0.413742 0.779577 0.177619
0.0954649 0.137969 0.0975096
0.0880699 0.724524 0.128007
0.327279 0.212531 0.108216
0.223591 0.377226 0.0975095
0.258971 0.598105 0.288529
0.199183 0.591799 0.288615
0.245544 0.230467 0.0764891
0.187048 0.0323749 0.085655
0.394942 0.212528 0.103332
0.205009 0.168485 0.185803
0.325116 0.434277 0.246766
0.402959 0.566845 0.0898465
0.0973263 0.80656 0.156533
0.243171 0.488825 0.07174
0.136615 0.452317 0.255976
0.178919 0.629565 0.210395
0.0943217 0.191437 0.185167
0.217908 0.0339188 0.0990033
0.360272 0.282583 0.128392
0.371697 0.439321 0.07174
0.174336 0.807475 0.0767569
0.0744003 0.655072 0.0975095
0.385316 0.742094 0.0905796
0.358312 0.647145 0.259714
0.36892 0.835262 0.048159
0.248077 0.539552 0.0975095
0.265979 0.383889 0.206051
0.0496537 0.246406 0.028026
0.251419 0.263476 0.0975095
0.373504 0.751791 0.0951096
0.394916 0.423268 0.219078
0.390755 0.270475 0.101209
0.401293 0.432259 0.0919924
0.287157 0.167197 0.184359
0.368184 0.610935 0.246495
0.321776 0.651721 0.0717399
0.106078 0.0758691 0.0856428
0.102327 0.290557 0.0477599
0.408669 0.421348 0.109371
0.360983 0.880927 0.0803517
0.31958 0.94264 0.0798726
0.0762438 0.264909 0.133782
0.127514 0.918501 0.213034
0.177074 0.0997867 0.0975096
0.243829 0.0849951 0.157467
0.159283 0.915063 0.0741887
0.0606037 0.822879 0.0891422
0.0898663 0.106938 0.0787591
0.142892 0.611455 0.07174
0.0390801 0.353787 0.168202
0.0624932 0.192799 0.0981528
0.0789288 0.80892 0.0684716
0.0485963 0.765321 0.156102
0.0448824 0.200884 0.146479
0.40159 0.383585 0.21215
0.0482888 0.228722 0.140951
0.245568 0.510354 0.07174
0.303972 0.655899 0.285033
0.370551 0.399989 0.0975095
0.101424 0.910541 0.211365
0.360017 0.15144 0.0975096
0.242062 0.583569 0.288508
0.201825 0.781217 0.0975095
0.281344 0.463629 0.0975095
0.206641 0.378854 0.206669
0.312174 0.59429 0.208986
0.360647 0.811205 0.213706
0.0718737 0.280307 0.0959506
0.398547 0.247164 0.0875466
0.160498 0.633285 0.0975095
0.211062 0.501168 0.07174
0.35018 0.808011 0.132485
0.175347 0.534901 0.07174
0.215872 0.594736 0.209356
0.187274 0.961049 0.146493
0.280439 0.307291 0.0975095
0.0489502 0.251075 0.0423305
0.0641174 0.547516 0.219261
0.139041 0.231438 0.0975096
0.24001 0.316347 0.0975095
0.352581 0.491052 0.206781
0.0538581 0.304928 0.0447765
0.198206 0.604485 0.209596
0.0982718 0.242176 0.154307
0.333045 0.757591 0.119364
0.388339 0.271956 0.19269
0.239074 0.935413 0.199839
0.0526154 0.761137 0.0538813
0.0836895 0.671668 0.251095
0.406307 0.857146 0.142669
0.34882 0.081966 0.0975096
0.0483486 0.539304 0.200402
0.364301 0.763293 0.155678
0.172701 0.855713 0.0793067
0.330725 0.397342 0.0717401
0.143843 0.814225 0.214054
0.0521544 0.754335 0.148421
0.1588 0.308477 0.0975095
0.251641 0.642439 0.287136
0.196914 0.274486 0.0745306
0.0388873 0.762413 0.192228
0.271995 0.620283 0.0975095
0.366569 0.896975 0.081197
0.394551 0.333519 0.0867749
0.116947 0.414261 0.0975095
0.0453986 0.678465 0.0752851
0.200086 0.93658 0.199461
0.0948099 0.587024 0.07174
0.402609 0.668052 0.0717401
0.256466 0.546414 0.286081
0.127694 0.774638 0.0975095
0.362122 0.415279 0.0975095
0.0588285 0.141305 0.107145
0.122279 0.214738 0.0883262
0.39839 0.740823 0.0924263
0.395893 0.296407 0.0375197
0.116512 0.776395 0.124503
0.312702 0.320639 0.205028
0.212876 0.320122 0.205251
0.395955 0.721968 0.214183
0.091901 0.748571 0.0646746
0.0708857 0.779392 0.054211
0.184637 0.192062 0.0975096
0.0964945 0.828743 0.0807459
0.191524 0.535921 0.285399
0.251735 0.423948 0.0717401
0.286816 0.487999 0.07174
0.140079 0.936253 0.080477
0.198901 0.433361 0.0975095
0.339075 0.700993 0.0975095
0.178961 0.758005 0.260846
0.3484 0.2492 0.029297
0.396514 0.231846 0.125376
0.0806741 0.772018 0.236703
0.372431 0.270234 0.0473843
0.289287 0.344828 0.0717401
0.242849 0.732296 0.0727831
0.35887 0.732592 0.138674
0.353144 0.845185 0.219341
0.39363 0.865064 0.0960517
0.0948995 0.195522 0.0707866
0.287122 0.230638 0.0764814
0.0951871 0.606174 0.07174
0.0905798 0.337206 0.0778543
0.0795269 0.193244 0.0805375
0.0622312 0.463386 0.213663
0.322332 0.677276 0.282036
0.403642 0.622092 0.0857638
0.380016 0.87742 0.207183
0.35027 0.780486 0.136236
0.393211 0.891233 0.0916349
0.237264 0.0369724 0.125866
0.120567 0.945089 0.164406
0.363467 0.280926 0.152116
0.116512 0.809046 0.119028
0.197944 0.675274 0.283336
0.0365905 0.325022 0.143662
0.385338 0.296137 0.0704803
0.207022 0.282749 0.0741629
0.283375 0.761762 0.0743406
0.356315 0.474128 0.253763
0.0377723 0.679697 0.0930669
0.357666 0.102942 0.0975096
0.211713 0.954975 0.18246
0.114542 0.838319 0.136623
0.177619 0.928805 0.21381
