0.321303 0.0839012 0.876338
0.363076 0.238081 0.191718
0.106738 0.220815 0.677324
0.272509 0.281591 0.215937
0.356862 0.160857 0.17306
0.134527 0.318526 0.504411
0.0894806 0.105397 0.324722
0.119459 0.116889 0.299434
0.164319 0.23579 0.198378
0.376004 0.230347 0.265982
0.144112 0.236839 0.189307
0.0687174 0.105487 0.797137
0.131677 0.253054 0.656199
0.369079 0.216732 0.441686
0.375568 0.270121 0.373936
0.128213 0.092705 0.519259
0.32554 0.215624 0.466563
0.252793 0.219383 0.407479
0.396089 0.22326 0.3688
0.0512182 0.157013 0.759898
0.402629 0.184124 0.832516
0.0673666 0.149628 0.164427
0.370969 0.28204 0.327367
0.216596 0.218157 0.55571
0.161805 0.241033 0.134129
0.108252 0.274929 0.229105
0.359556 0.133379 0.316054
0.367119 0.255541 0.203048
0.399792 0.23996 0.640407
0.212514 0.322164 0.476557
0.090659 0.231493 0.249986
0.110324 0.308408 0.567852
0.0593939 0.160844 0.881819
0.18068 0.21697 0.438618
0.350803 0.136324 0.743016
0.256904 0.217913 0.822228
0.285211 0.0958074 0.514225
0.37194 0.111667 0.0485475
0.269785 0.205889 0.894417
0.382849 0.025832 0.822275
0.342266 0.220496 0.393106
0.170247 0.218193 0.557863
0.221949 0.0975603 0.599505
0.378094 0.198877 0.858591
0.182424 0.10851 0.0518939
0.371115 0.280016 0.396129
0.0764678 0.22141 0.661506
0.196324 0.243224 0.159101
0.351701 0.2198 0.613527
0.396033 0.08219 0.3993
0.096372 0.121776 0.173681
0.344422 0.0863469 0.298425
0.126911 0.0956144 0.127023
0.0924766 0.203795 0.829909
0.313192 0.0970762 0.226302
0.216167 0.276655 0.632318
0.175801 0.225046 0.334395
0.0537287 0.182015 0.57593
0.373149 0.231811 0.129604
0.307888 0.222191 0.700047
0.16457 0.315818 0.298091
0.0762465 0.175738 0.281359
0.204894 0.306741 0.587343
0.0748494 0.153997 0.203877
0.349033 0.0754143 0.594481
0.40954 0.174021 0.695033
0.394531 0.224621 0.182922
0.378793 0.176831 0.812742
0.167874 0.242213 0.161663
0.0930949 0.245141 0.187321
0.395116 0.0580101 0.234985
0.154396 0.0938635 0.354135
0.324534 0.238608 0.112152
0.053129 0.195026 0.457187
0.0789064 0.24587 0.495015
0.355597 0.228897 0.284697
0.0947181 0.139918 0.286086
0.254944 0.208932 0.880281
0.193942 0.300933 0.594461
0.186317 0.20794 0.877428
0.059697 0.0549438 0.283872
0.361652 0.218388 0.563844
0.175586 0.267763 0.641462
0.0647737 0.0900403 0.385886
0.202197 0.22329 0.699395
0.193047 0.216756 0.506418
0.396474 0.220741 0.442421
0.0561167 0.117511 0.659907
0.394929 0.107154 0.795723
0.33972 0.181176 0.924492
0.358934 0.132687 0.291202
0.30084 0.228789 0.286088
0.343207 0.197594 0.880538
0.308042 0.0911925 0.617633
0.0597528 0.0790801 0.766237
0.3617 0.231905 0.251689
0.37747 0.150567 0.198288
0.0980616 0.158993 0.791947
0.32617 0.30403 0.581005
0.0912823 0.157071 0.303848
0.0767675 0.0307597 0.784765
0.0734844 0.228154 0.214833
0.267245 0.10539 0.1291
0.350416 0.164579 0.763054
0.409643 0.167021 0.21131
0.344437 0.0854097 0.887865
0.0629419 0.219163 0.418828
0.397566 0.18224 0.902946
0.105794 0.182409 0.218372
0.131452 0.297191 0.249864
0.0799089 0.0762578 0.492902
0.119458 0.149072 0.291917
0.176017 0.0921738 0.668485
0.250286 0.220448 0.39373
0.101631 0.247902 0.184367
0.0686115 0.111576 0.233705
0.122186 0.138073 0.947407
0.110529 0.101699 0.0887862
0.274693 0.195622 0.942848
0.393481 0.077536 0.79117
0.397713 0.0675469 0.207709
0.223685 0.221495 0.380212
0.171708 0.0918701 0.753198
0.378746 0.0898411 0.895399
0.119472 0.131781 0.781828
0.134569 0.0932731 0.360744
0.295351 0.215982 0.813116
0.0854569 0.216319 0.491507
0.128275 0.32032 0.42884
0.374179 0.272687 0.478256
0.145022 0.23981 0.173043
0.265168 0.230307 0.266498
0.311737 0.217228 0.781237
0.0970199 0.219299 0.662604
0.392052 0.158407 0.214072
0.0949219 0.059377 0.176714
0.391221 0.215624 0.474773
0.344426 0.0868564 0.487692
0.216673 0.105583 0.954539
0.243827 0.321313 0.511174
0.437423 0.222956 0.623305
0.381623 0.218146 0.690549
0.192996 0.0917622 0.783727
0.0927692 0.158875 0.21561
0.40189 0.0868323 0.769177
0.365774 0.219494 0.621542
0.119619 0.0875455 0.45351
0.36262 0.219944 0.661995
0.102227 0.304156 0.437723
0.385265 0.235151 0.224704
0.362701 0.218872 0.580861
0.117437 0.120016 0.320197
0.0717205 0.0686808 0.80299
0.354991 0.0756897 0.42378
0.324965 0.0876601 0.681187
0.298232 0.22216 0.371642
0.0543861 0.181527 0.71112
0.0830338 0.231609 0.248353
0.383695 0.0882101 0.330035
0.260731 0.219451 0.601224
0.0628578 0.0754456 0.19846
0.262193 0.114282 0.974997
0.319818 0.220672 0.644195
0.410016 0.164047 0.662479
0.0800861 0.219203 0.40979
0.344428 0.0865678 0.552183
0.0532714 0.167857 0.539736
0.229144 0.313747 0.277607
0.356066 0.134025 0.249969
0.110956 0.218723 0.576583
0.269429 0.0905407 0.805791
0.247433 0.211648 0.865087
0.225799 0.105585 0.955906
0.318949 0.220376 0.6338
0.0684083 0.177756 0.276499
0.365041 0.295488 0.415022
0.0600215 0.209372 0.555158
0.0951675 0.286782 0.44576
0.386426 0.174407 0.783791
0.0755211 0.195349 0.0688733
0.3363 0.316762 0.530163
0.399661 0.0933552 0.470154
0.258913 0.105892 0.170828
0.397376 0.0988011 0.911812
0.368731 0.0753823 0.718965
0.111529 0.218202 0.558622
0.055055 0.122502 0.573513
0.411019 0.165136 0.485191
0.293992 0.242641 0.16286
0.409988 0.189689 0.28045
0.098112 0.0760688 0.421851
0.109131 0.0608489 0.266504
0.366951 0.231628 0.254109
0.403895 0.214133 0.405142
0.0643439 0.214222 0.57916
0.213171 0.153726 0.956461
0.277953 0.089616 0.810233
0.0938889 0.111922 0.745927
0.0610152 0.117496 0.177067
0.0607788 0.20131 0.177978
0.410746 0.153893 0.305308
0.0965558 0.214476 0.701765
0.351357 0.10398 0.0870125
0.260061 0.103921 0.949146
0.247819 0.228098 0.295007
0.221928 0.0951969 0.700883
0.0615119 0.0947559 0.192081
0.276959 0.225367 0.330246
0.129841 0.314012 0.290032
0.327394 0.212196 0.0423306
0.141737 0.220639 0.645222
0.070128 0.10588 0.886954
0.0532217 0.231814 0.62541
0.0551139 0.16235 0.199844
0.119468 0.0766232 0.646828
0.297851 0.239088 0.198353
0.243025 0.211564 0.866341
0.0763805 0.076206 0.473417
0.401122 0.0935193 0.613379
0.0758024 0.235564 0.571294
0.344433 0.141254 0.752977
0.0884381 0.153879 0.779537
0.279486 0.103498 0.13593
0.153213 0.319866 0.340755
0.401056 0.219097 0.418264
0.396585 0.0963641 0.804931
0.377899 0.116023 0.876345
0.132358 0.217939 0.538327
0.080988 0.237354 0.664608
0.0570275 0.113596 0.528334
0.224813 0.228656 0.287807
0.355619 0.30231 0.576164
0.127572 0.219711 0.728102
0.347442 0.213639 0.765569
0.0849371 0.261698 0.3179
0.381062 0.259577 0.608355
0.305433 0.219751 0.611814
0.317547 0.0897248 0.622864
0.0889093 0.271562 0.376885
0.18671 0.241807 0.132221
0.344434 0.118672 0.78253
0.408648 0.125355 0.382363
0.110625 0.0786439 0.76695
0.282647 0.103476 0.110182
0.382837 0.125412 0.151667
0.342731 0.0848978 0.692079
0.404181 0.051519 0.28125
0.106617 0.0886011 0.329921
0.228535 0.215983 0.479183
0.109453 0.0553636 0.835901
0.238254 0.230411 0.265158
0.346064 0.21632 0.748365
0.13312 0.237076 0.100761
0.381544 0.255614 0.603163
0.33718 0.21008 0.042372
0.313482 0.231556 0.690579
0.332563 0.310085 0.570245
0.16288 0.216346 0.491965
0.287305 0.208418 0.867982
0.358902 0.224018 0.347662
0.0960656 0.234513 0.671929
0.371578 0.279641 0.463142
0.254795 0.322998 0.413648
0.122891 0.157311 0.919375
0.119456 0.0965716 0.164173
0.263313 0.165907 0.953828
0.263653 0.224269 0.344425
0.242577 0.321271 0.339452
0.189609 0.138152 0.960291
0.0636029 0.204193 0.748187
0.338451 0.226746 0.312457
0.0947825 0.027877 0.830931
0.399182 0.0658457 0.750495
0.344401 0.23158 0.250847
0.0529605 0.183376 0.440258
0.164342 0.0921834 0.665595
0.382649 0.11539 0.734575
0.273634 0.106405 0.964442
0.124018 0.199807 0.872506
0.268813 0.216791 0.507632
0.300681 0.0865048 0.849832
0.0653989 0.0537172 0.181253
0.285676 0.0907356 0.730182
0.262727 0.218974 0.412754
0.408076 0.179654 0.201178
0.244288 0.103342 0.359889
0.0788547 0.060575 0.871667
0.12835 0.0929302 0.456376
0.354434 0.200695 0.858653
0.339828 0.216888 0.439676
0.079247 0.243989 0.58288
0.128232 0.260149 0.185726
0.0534819 0.140928 0.677175
0.0676186 0.213793 0.678174
0.410923 0.225279 0.63505
0.377204 0.0762049 0.66132
0.164282 0.262507 0.647571
0.0891024 0.272915 0.346809
0.0533841 0.14744 0.606634
0.197066 0.22108 0.627836
0.388321 0.176838 0.8183
0.370548 0.0298878 0.260773
0.15694 0.105587 0.952153
0.395622 0.199391 0.832478
0.252631 0.220755 0.649365
0.119458 0.15127 0.273855
0.376602 0.217176 0.521168
0.347337 0.309543 0.567107
0.129896 0.0937826 0.218381
0.0621078 0.215634 0.514993
0.41048 0.157018 0.597463
0.150695 0.0916248 0.821318
0.122967 0.23267 0.233434
0.298608 0.219287 0.595472
0.0538847 0.16436 0.64835
0.368122 0.270712 0.245988
0.067413 0.0873914 0.24151
0.145628 0.122232 0.963525
0.400176 0.094308 0.491775
0.119459 0.0875081 0.293896
0.131143 0.216978 0.758647
0.38801 0.203303 0.083438
0.165378 0.220928 0.64165
0.0466608 0.217903 0.623694
0.12273 0.185995 0.0453537
0.398171 0.115826 0.844623
0.371204 0.202146 0.842951
0.244373 0.228457 0.724643
0.371954 0.152991 0.752222
0.301211 0.317359 0.543281
0.119458 0.138516 0.274899
0.129225 0.219849 0.616931
0.355793 0.12372 0.780738
0.104185 0.156714 0.787281
0.370446 0.167058 0.766301
0.188797 0.105846 0.0685828
0.0528196 0.17392 0.412741
0.307331 0.220018 0.621187
0.0739225 0.232208 0.526423
0.0774336 0.228618 0.288293
0.399811 0.213985 0.582068
0.205318 0.208609 0.880286
0.34275 0.081607 0.886123
0.409953 0.187876 0.606436
0.127528 0.111349 0.0452293
0.295881 0.238353 0.202693
0.263839 0.297213 0.601003
0.128965 0.225919 0.323127
0.0528019 0.177251 0.463985
0.102155 0.216196 0.448597
0.38935 0.23539 0.251541
0.0568402 0.162936 0.179091
0.243282 0.218487 0.56732
0.392506 0.0769619 0.511652
0.249472 0.286593 0.22399
0.0758995 0.203564 0.0842296
0.293166 0.314745 0.564984
0.232243 0.239674 0.186029
0.118705 0.109744 0.954705
0.383584 0.229176 0.281088
0.186981 0.222255 0.704608
0.289986 0.230472 0.264339
0.337155 0.217347 0.527204
0.145071 0.273302 0.207039
0.0725954 0.0686839 0.245169
0.41115 0.141686 0.458829
0.0597411 0.0694527 0.181682
0.278117 0.217383 0.819139
0.191488 0.146995 0.0314693
0.339908 0.219779 0.402367
0.344817 0.176194 0.832891
0.0731297 0.226568 0.637236
0.344419 0.0892388 0.215884
0.103551 0.0758407 0.630877
0.325565 0.0833544 0.882189
0.235448 0.103679 0.381991
0.397268 0.14434 0.747064
0.249641 0.3122 0.580554
0.0634583 0.211351 0.195397
0.240069 0.108545 0.153831
0.260403 0.219175 0.591515
0.179839 0.22203 0.373318
0.332499 0.316632 0.309793
0.304479 0.0914808 0.620353
0.0891234 0.0267427 0.221443
0.144658 0.0912629 0.922255
0.404149 0.0355113 0.214793
0.212107 0.100344 0.421094
0.270093 0.223582 0.353287
0.11565 0.31818 0.43023
0.231992 0.111162 0.0748423
0.309213 0.320574 0.383045
0.0969646 0.21604 0.481223
0.0559127 0.177803 0.194746
0.409239 0.12278 0.489993
0.108627 0.219809 0.613958
0.232786 0.235829 0.20927
0.39698 0.0834087 0.168607
0.349627 0.249788 0.172058
0.0704042 0.0788212 0.214394
0.159887 0.198186 0.914291
0.410007 0.128112 0.674697
0.3113 0.230116 0.268967
0.388114 0.0762388 0.510627
0.0555895 0.167046 0.773645
0.397387 0.0757695 0.204046
0.285526 0.0985809 0.374405
0.0872891 0.0763168 0.643025
0.289841 0.195687 0.936499
0.0730381 0.215554 0.655195
0.121369 0.220017 0.622141
0.34262 0.0837235 0.907301
0.356424 0.0743807 0.198075
0.0809434 0.149849 0.0517722
0.0709697 0.227687 0.248645
0.299694 0.232707 0.23737
0.365937 0.182714 0.923136
0.0961249 0.226059 0.321318
0.110596 0.15064 0.222465
0.0682783 0.0826254 0.406956
0.307542 0.238646 0.200843
0.102479 0.0548276 0.179826
0.388816 0.0655187 0.794591
0.263371 0.230596 0.262598
0.14892 0.271755 0.204399
0.339145 0.213753 0.0430301
0.0534724 0.18996 0.541905
0.0557845 0.199361 0.301468
0.0815592 0.228469 0.145704
0.138905 0.226544 0.315054
0.197797 0.0913003 0.912809
0.394721 0.0802997 0.535181
0.153368 0.303425 0.58606
0.403283 0.0510575 0.827512
0.0648835 0.222768 0.286396
0.295818 0.111564 0.0428759
0.192288 0.129275  0.975
0.170746 0.320108 0.32936
0.0777361 0.150711 0.0593561
0.242546 0.1942 0.948831
0.344418 0.147498 0.174602
0.124373 0.0917704 0.780152
0.338034 0.0889189 0.494991
0.397805 0.0548948 0.814678
0.37353 0.156434 0.919367
0.108854 0.314097 0.380733
0.112714 0.128786 0.740037
0.180479 0.0994178 0.271635
0.128367 0.177983 0.929689
0.147255 0.102737 0.0848488
0.335437 0.317478 0.511644
0.375462 0.234828 0.220989
0.254103 0.109813 0.974998
0.376163 0.216224 0.487672
0.116396 0.225118 0.333464
0.16148 0.296894 0.245611
0.292619 0.219477 0.406262
0.397602 0.12412 0.87233
0.344422 0.13812 0.305598
0.324071 0.225212 0.0447276
0.0538147 0.195257 0.398615
0.329696 0.0838203 0.845082
0.059724 0.0362614 0.221568
0.410374 0.14505 0.673452
0.103935 0.120167 0.955104
0.0599576 0.153971 0.22099
0.403618 0.103651 0.749768
0.345199 0.0980315 0.938751
0.371823 0.198239 0.0410557
0.108917 0.0502171 0.245735
0.245892 0.106065 0.236284
0.308101 0.222384 0.368743
0.231787 0.108524 0.187507
0.380015 0.0760887 0.568577
0.18217 0.207223 0.878592
0.0741177 0.0685663 0.245738
0.185226 0.321159 0.358235
0.328488 0.310833 0.273189
0.400611 0.171373 0.28838
0.277117 0.0978255 0.461025
0.271283 0.298598 0.246025
0.411058 0.165539 0.301524
0.218473 0.321749 0.356466
0.0650801 0.200088 0.807255
0.395175 0.161653 0.240575
0.328211 0.22983 0.272657
0.0810152 0.245624 0.650894
0.216162 0.216188 0.448705
0.0651367 0.0740478 0.846681
0.150338 0.221963 0.691651
0.0524341 0.133804 0.503206
0.109943 0.217626 0.430152
0.346883 0.103642 0.140724
0.116788 0.0754539 0.620546
0.344436 0.0847373 0.848958
0.353306 0.153457 0.819176
0.374869 0.216406 0.445892
0.356488 0.131465 0.793082
0.207885 0.0916056 0.827742
0.0534934 0.174127 0.570559
0.257605 0.223724 0.709448
0.0949234 0.136474 0.182779
0.362296 0.219992 0.665174
0.0955875 0.0761339 0.599612
0.254281 0.22208 0.688678
0.135868 0.319664 0.355426
0.0847488 0.263634 0.618679
0.213841 0.269639 0.642217
0.403869 0.138406 0.314496
0.0895646 0.0955528 0.92981
0.195901 0.0983225 0.941114
0.216784 0.0945844 0.696415
0.0907515 0.0942248 0.32818
0.134842 0.101031 0.0944603
0.0667545 0.027556 0.251772
0.128921 0.166817 0.927028
0.176781 0.237426 0.191364
0.121672 0.317954 0.49602
0.208754 0.260625 0.654684
0.306343 0.315401 0.296389
0.0695518 0.0928244 0.846933
0.367653 0.148213 0.928872
0.181353 0.100925 0.212126
0.312891 0.0871174 0.772987
0.0542566 0.192115 0.291343
0.359512 0.165865 0.919368
0.226776 0.133241 0.974257
0.252028 0.181812 0.0446811
0.331807 0.241851 0.161462
0.069484 0.0850277 0.787992
0.0848066 0.237348 0.188105
0.319122 0.18496 0.0441326
0.325391 0.0898481 0.548418
0.110584 0.138458 0.249608
0.137279 0.21742 0.5308
0.292917 0.0994046 0.262507
0.0529616 0.172878 0.306111
0.0760085 0.216026 0.596699
0.34018 0.0845527 0.734289
0.172498 0.220159 0.397464
0.169093 0.224823 0.730851
0.139443 0.206603 0.852397
0.24182 0.204373 0.0379296
0.378017 0.215798 0.453735
0.0897213 0.273845 0.582739
0.294203 0.0934322 0.579049
0.313692 0.160499 0.938157
0.35821 0.220623 0.681852
0.119457 0.0960576 0.219973
0.352868 0.296261 0.585503
0.0885509 0.0255676 0.243101
0.120505 0.314682 0.549974
0.285278 0.31953 0.518353
0.127539 0.0913679 0.892627
0.0959245 0.289861 0.325982
0.329993 0.0875159 0.646647
0.290064 0.229956 0.271034
0.391784 0.229227 0.465521
0.0759131 0.238517 0.482316
0.0767994 0.0987602 0.891542
0.381724 0.253653 0.299432
0.0625662 0.094445 0.573406
0.0781358 0.226742 0.312509
0.387045 0.216024 0.677299
0.283309 0.176442 0.94872
0.0850944 0.217436 0.667681
0.401026 0.128922 0.790135
0.0791842 0.226473 0.14012
0.18907 0.225391 0.329943
0.208869 0.312712 0.273025
0.138466 0.0918038 0.771101
0.053365 0.13347 0.679719
0.065392 0.0883316 0.644531
0.147456 0.0972251 0.168243
0.403761 0.0489511 0.823469
0.322129 0.221704 0.726591
0.400588 0.154171 0.838694
0.337681 0.220513 0.638615
0.119457 0.0915879 0.234974
0.127864 0.31294 0.280894
0.404151 0.0996225 0.761939
0.119633 0.0904385 0.375211
0.308283 0.239656 0.117046
0.394926 0.149817 0.772911
0.178045 0.0914739 0.863957
0.185152 0.226144 0.320217
0.0696718 0.22213 0.502239
0.299685 0.220985 0.655226
0.068534 0.0837605 0.221355
0.314899 0.238835 0.197025
0.253755 0.0957311 0.647681
0.203919 0.0914974 0.857885
0.304894 0.314741 0.563031
0.362411 0.217021 0.515736
0.18659 0.21185 0.040534
0.0655147 0.140963 0.12507
0.146173 0.2423 0.158257
0.0571608 0.112161 0.444788
0.119472 0.142261 0.794259
0.396947 0.222825 0.362968
0.125235 0.222502 0.36722
0.266035 0.221618 0.786481
 0.364 0.220202 0.396898
0.210702 0.217077 0.517706
0.410711 0.135318  0.615
0.306661 0.217347 0.52721
0.338993 0.218027 0.551112
0.301992 0.0895801 0.712297
0.189963 0.229657 0.0448201
0.185055 0.217369 0.527965
0.410359 0.142915 0.686345
0.402867 0.16487 0.152925
0.227532 0.107299 0.214676
0.0598894 0.115076 0.925173
0.123211 0.221881 0.686727
0.210753 0.216156 0.485285
0.172602 0.0969313 0.331302
0.40243 0.0983553 0.365475
0.172041 0.109204 0.0498693
0.203812 0.0924616 0.709978
0.0738701 0.23485 0.326726
0.0620835 0.130229 0.935216
0.0846282 0.0763479 0.674008
0.309997 0.245906 0.158696
0.187475 0.211109 0.860261
0.371502 0.145862 0.767871
0.383603 0.249409 0.47328
0.0920821 0.149386 0.275441
0.344421 0.132384 0.262578
0.165064 0.0921473 0.67569
0.0919654 0.116002 0.747143
0.139448 0.2205 0.640244
0.141486 0.22914 0.281556
0.246309 0.320581 0.527325
0.15227 0.167845 0.0405374
0.0672035 0.110785 0.160165
0.0694253 0.151971 0.9244
0.303597 0.216321 0.491107
0.06528 0.0880852 0.357228
0.371866 0.0944201 0.328113
0.099101 0.112783 0.952016
0.319138 0.0921988 0.463235
0.190352 0.295354 0.602124
0.34442 0.0934965 0.23756
0.291539 0.239045 0.197792
0.402145 0.0359617 0.206524
0.369057 0.286538 0.451574
0.199956 0.231622 0.248176
0.251923 0.0952523 0.67583
0.212816 0.216352 0.492176
0.143516 0.319499 0.48406
0.216871 0.320616 0.525582
0.25622 0.229853 0.27236
0.39818 0.0844153 0.732869
0.0527669 0.158938 0.436205
0.252956 0.217954 0.548549
0.373388 0.273576 0.51187
0.10314 0.306746 0.513612
0.368353 0.219003 0.681746
0.244601 0.217005 0.438157
0.196007 0.321462 0.361423
0.407439 0.142581  0.305
0.128577 0.285052 0.229109
0.319137 0.218481 0.56709
0.0757832 0.0760115 0.40031
0.397352 0.0845846 0.326137
0.0922655 0.132784 0.316245
0.0587221 0.167867 0.877088
0.374538 0.171785 0.773851
0.337779 0.319279 0.368865
0.339079 0.101188 0.944266
0.245916 0.105072 0.278855
0.0808611 0.159958 0.795948
0.295599 0.240822 0.181309
0.278788 0.219015 0.585913
0.241859 0.321912 0.495383
0.199165 0.286652 0.615794
0.0992969 0.053163 0.867108
0.262684 0.157061 0.955681
0.0444627 0.224269 0.631287
0.217934 0.224753 0.689179
0.100938 0.139463 0.862288
0.12681 0.319638 0.389235
0.131547 0.179934 0.040547
0.344436 0.156006 0.833248
0.0637123 0.0924486 0.553287
0.365652 0.218677 0.574018
0.270986 0.223848 0.763946
0.119456 0.145818 0.214845
0.20499 0.200564 0.0378487
0.0529752 0.184878 0.43846
0.364025 0.0757678 0.37532
0.283773 0.32004 0.504983
0.23253 0.0986794 0.608863
0.409646 0.187021 0.643737
0.344481 0.103297 0.0896832
0.0981411 0.293314 0.549731
0.12834 0.0926677 0.529679
0.158885 0.0979999 0.203345
0.275687 0.116536 0.0305657
0.302712 0.199426 0.908219
0.265402 0.227759 0.719815
0.213591 0.315462 0.290352
0.0710836 0.227902 0.363312
0.404186 0.114622 0.29175
0.339478 0.31977 0.457961
0.407237 0.235524 0.626954
0.0579323 0.19761 0.679755
0.0780113 0.243152 0.295645
0.384817 0.0463386 0.861273
0.071813 0.139595 0.286359
0.358814 0.110987 0.746406
0.0966141 0.230448 0.088609
0.344418 0.102292 0.179849
0.326955 0.216671 0.503412
0.366106 0.0980795 0.110192
0.157394 0.217148 0.520206
0.291277 0.0949416 0.526315
0.0781222 0.0760715 0.422886
0.225932 0.0923125 0.848716
0.291992 0.242505 0.14258
0.122358 0.11365 0.0365306
0.362138 0.217828 0.427544
0.100931 0.29977 0.542381
0.084008 0.217264 0.681058
0.365346 0.283057 0.275554
0.267182 0.210434 0.868591
0.11921 0.16448 0.762959
0.0750894 0.0765572 0.605422
0.37822 0.251221 0.236217
0.155257 0.0949931 0.310778
0.39659 0.084279 0.650239
0.353295 0.152867 0.798092
0.393812 0.226081 0.341848
0.0537184 0.165419 0.612637
0.270942 0.099442 0.417134
0.292465 0.235561 0.219694
0.347891 0.242075 0.15603
0.192207 0.227389 0.304153
0.182771 0.262652 0.649589
0.342158 0.318542 0.363931
0.0640193 0.218027 0.4768
0.0545577 0.133704 0.311794
0.121526 0.0924677 0.585388
0.388938 0.116697 0.796586
0.0587367 0.206187 0.250559
0.201823 0.0914593 0.868485
0.35472 0.215868 0.475138
0.194802 0.320669 0.501988
0.391166 0.228983 0.523647
0.111483 0.217746 0.536014
0.109135 0.219607 0.607011
0.169828 0.221282 0.64338
0.0511223 0.172332 0.808365
0.138527 0.223926 0.348846
0.253508 0.0988365 0.5153
0.0715599 0.198313 0.100653
0.0943867 0.235754 0.160326
0.247166 0.313669 0.278161
0.274898 0.0937452 0.645494
0.341741 0.2193 0.595923
0.347302 0.226959 0.309699
0.180269 0.221511 0.380011
0.0985619 0.102909 0.140363
0.407282 0.115928 0.441174
0.174446 0.221942 0.692817
0.119457 0.111729 0.232666
0.130093 0.0928409 0.481345
0.313978 0.165892 0.942425
0.249959 0.219288 0.408694
0.224685 0.224773 0.0428519
0.318693 0.227232 0.30618
0.353258 0.0732395 0.178029
0.0898229 0.0760053 0.397996
0.0935751 0.161976 0.812332
0.266193 0.231834 0.245194
0.226192 0.222883 0.362311
0.129292 0.285035 0.606409
0.379874 0.231056 0.259393
0.163301 0.320863 0.369165
0.0541885 0.210647 0.292894
0.181863 0.314751 0.567836
0.068576 0.079778 0.778952
0.0537125 0.185687 0.254456
0.35391 0.21547 0.461142
0.0942829 0.147915 0.194431
0.383868 0.025277 0.815275
0.260986 0.220479 0.638373
0.0537232 0.166789 0.60852
0.344437 0.117252 0.878115
0.357596 0.228352 0.291726
0.0767659 0.0254207 0.241247
0.119458 0.163616 0.262714
0.340429 0.218936 0.583131
0.397448 0.0514679 0.864918
0.122734 0.235063 0.199798
0.265648 0.101572 0.347523
0.219125 0.0959986 0.649689
0.285335 0.213289 0.841707
0.154374 0.319893 0.340371
0.368292 0.222769 0.36378
0.130062 0.206569 0.837844
0.358397 0.174228 0.839861
0.0588905 0.203979 0.59186
0.397859 0.0725107 0.268901
0.139319 0.194822 0.037911
0.384092 0.204061 0.0601568
0.135985 0.102552 0.0852445
0.092412 0.0763244 0.517946
0.107519 0.220685 0.644156
0.321488 0.220133 0.625246
0.120634 0.0914906 0.858214
0.328731 0.220205 0.732493
0.241718 0.26193 0.654976
0.318409 0.241432 0.169206
0.128297 0.216844 0.509601
0.391502 0.0915635 0.201979
0.373092 0.0827301 0.726702
0.156719 0.0923822 0.609925
0.38317 0.251094 0.606513
0.399432 0.191686 0.821311
0.226945 0.217477 0.432069
0.354748 0.235044 0.226229
0.280815 0.21998 0.792755
0.156384 0.0931446 0.397037
0.0923282 0.0257257 0.226649
0.0838356 0.119452 0.172719
0.18979 0.22168 0.627591
0.0616458 0.214539 0.246722
0.0635378 0.193018 0.801046
0.122448 0.0915099 0.852859
0.364734 0.0758325 0.702591
0.110483 0.20145 0.0417243
0.12156 0.279692 0.611943
0.119458 0.14177 0.264117
0.276758 0.211685 0.856779
0.096224 0.133583 0.878988
0.147041 0.223558 0.0442932
0.150363 0.225681 0.3262
0.0519835 0.174519 0.802573
0.247616 0.103863 0.323738
0.391977 0.144408 0.190321
0.0531125 0.161789 0.73351
0.322639 0.201182 0.879642
0.110583 0.0934023 0.863457
0.0906503 0.104397 0.168281
0.0593625 0.102342 0.59576
0.0782233 0.243564 0.514871
0.358871 0.233033 0.0951543
0.333425 0.0881691 0.578703
0.180531 0.225396 0.329871
0.0981584 0.293641 0.527526
0.262405 0.215626 0.455955
0.139914 0.0962801 0.163712
0.25508 0.289465 0.613506
0.269384 0.27121 0.197846
0.273267 0.310829 0.267882
0.268444 0.10476 0.156027
0.391306 0.127116 0.24058
0.368369 0.094087 0.135852
0.0842111 0.239505 0.200602
0.269289 0.243806 0.147542
0.0834133 0.0765145 0.593688
0.373231 0.218345 0.590138
0.30716 0.220015 0.621073
0.290158 0.322432 0.425252
0.154373 0.26126 0.186328
0.0612581 0.0660808 0.846413
0.0612892 0.200345 0.169808
0.40799 0.122665 0.338322
0.112851 0.215728 0.470212
0.24664 0.314583 0.574777
0.148105 0.19068 0.932233
0.122953 0.234117 0.0691777
0.238639 0.110093 0.0932541
0.129434 0.160127 0.0419918
0.0536892 0.145993 0.697853
0.108675 0.106867 0.769714
0.28056 0.28124 0.622605
0.0554405 0.171084 0.815675
0.246184 0.216602 0.50098
0.120539 0.103653 0.947375
0.064204 0.185993 0.852244
0.119463 0.0819936 0.438127
0.394645 0.0953328 0.259233
0.213444 0.0939692 0.702854
0.203921 0.188937 0.045638
0.327386 0.102805 0.0902722
0.112794 0.219414 0.60061
0.254333 0.219711 0.610402
0.0874843 0.217222 0.522864
0.0560305 0.118364 0.608744
0.0579003 0.161277 0.300896
0.173777 0.220214 0.779986
0.323178 0.0941733 0.312115
0.231727 0.215759 0.454239
0.236851 0.0952019 0.740366
0.212364 0.10405 0.263445
0.353328 0.083165 0.867137
0.365729 0.0931876 0.893949
0.117734 0.316652 0.516324
0.195488 0.210139 0.869724
0.27585 0.322232 0.404905
0.101645 0.213533 0.0448532
 0.306 0.11362 0.0336815
0.320264 0.219334 0.597118
0.364978 0.117994 0.299683
0.275844 0.322641 0.419833
0.242559 0.240821 0.108357
0.0926281 0.279919 0.518129
0.10542 0.311805 0.437411
0.0996083 0.298786 0.328565
0.184159 0.220977 0.386901
0.268535 0.226853 0.735628
0.298852 0.230457 0.26455
0.129847 0.22732 0.305045
0.119987 0.0914544 0.597092
0.094547 0.158903 0.215726
0.327106 0.14737 0.941923
0.318679 0.217191 0.435757
0.0805314 0.108677 0.0808429
0.0612307 0.211108 0.618468
0.255146 0.0982413 0.940982
0.122985 0.250806 0.656903
0.22516 0.22096 0.799065
0.0859363 0.177745 0.276522
0.325753 0.219701 0.403373
0.365789 0.292717 0.528777
0.12067 0.0919609 0.726897
0.150541 0.0912438 0.927699
0.177495 0.2126 0.0408831
0.355688 0.0907326 0.301302
0.374503 0.185626 0.923094
0.151792 0.0924102 0.60201
0.0612736 0.217176 0.386901
0.21405 0.244354 0.146127
0.344435 0.148974 0.820008
0.411188 0.141137 0.468798
0.177704 0.319442 0.519887
0.279567 0.217573 0.53515
0.0905941 0.104886 0.303413
0.125514 0.235227 0.197495
0.209336 0.124276 0.974999
0.27901 0.240142 0.189278
0.384233 0.216607 0.575983
0.194092 0.210507 0.867334
0.067095 0.0855837 0.64827
0.0588096 0.104527 0.327378
0.309837 0.224616 0.339943
0.310299 0.313676 0.565867
0.327753 0.0905541 0.486525
0.384293 0.221818 0.376047
0.106786 0.312477 0.408259
0.107277 0.313928 0.47716
0.100582 0.221211 0.383878
0.332706 0.090773 0.431198
0.344432 0.0822914 0.689667
0.357992 0.0268755 0.823238
0.0999016 0.215967 0.451552
0.122568 0.229944 0.271185
0.336922 0.198702 0.877418
0.116764 0.317817 0.402709
0.353343 0.0922767 0.894345
0.145141 0.174639 0.0441203
0.0528233 0.132934 0.578136
0.40259 0.221214 0.629051
0.385252 0.143869 0.0484612
0.368236 0.282272 0.599692
0.408752 0.222783 0.626269
0.380184 0.0318506 0.78212
0.119655 0.268258 0.201389
0.401173 0.212583 0.217137
0.216475 0.219753 0.613839
0.0587879 0.150559 0.173136
0.290531 0.289105 0.609785
0.239356 0.304353 0.593387
0.0946899 0.0460828 0.186595
0.0653383 0.0615742 0.176449
0.344433 0.102886 0.73223
0.196463 0.0912578 0.924648
0.149125 0.219653 0.570787
0.123166 0.237134 0.184279
0.410971 0.132418 0.431062
0.320758 0.219874 0.745249
0.249785 0.219602 0.606537
0.386729 0.216283 0.518766
0.316845 0.217526 0.431436
0.0662859 0.217191 0.181603
0.244556 0.111364 0.0382447
0.106289 0.0850577 0.908082
0.389922 0.232699 0.437936
0.35755 0.102306 0.729873
0.409124 0.129265 0.351494
0.277826 0.0922932 0.695752
0.370471 0.183218 0.234463
0.236476 0.273487 0.638524
0.405336 0.207962 0.476979
0.104702 0.220501 0.648224
0.259561 0.223491 0.354464
0.204714 0.321524 0.487316
0.388724 0.219166 0.410273
0.0703076 0.128046 0.816762
0.364856 0.174459 0.189977
0.18446 0.0919383 0.734388
0.0529939 0.18004 0.433275
0.227863 0.323606 0.41783
0.262366 0.235112 0.218032
0.209697 0.091469 0.865926
0.124428 0.0929227 0.458405
0.353327 0.0961477 0.863246
0.104711 0.0931328 0.893979
0.31137 0.128057 0.0265319
0.233009 0.220593 0.391863
0.401638 0.218546 0.263048
0.122865 0.232299 0.0482638
0.291903 0.170455 0.9477
0.269198 0.0914071 0.769526
0.378835 0.137979 0.0319502
0.344433 0.0856437 0.746232
0.0542872 0.180543 0.713677
0.344435 0.103827 0.798325
0.184257 0.274225 0.206423
0.0579105 0.153643 0.876001
0.404186 0.0712149 0.290556
0.286987 0.222288 0.369984
0.318547 0.0926135 0.443821
0.122515 0.152606 0.0421224
0.30799 0.145124 0.0289022
0.156696 0.22169 0.682703
0.414129 0.227501 0.63363
0.149082 0.22015 0.595538
0.344421 0.148816 0.268836
0.350976 0.0755472 0.512088
0.164007 0.107823 0.0560644
0.305099 0.319258 0.506126
0.107651 0.0827414 0.277132
0.0641762 0.212411 0.631026
0.361201 0.305281 0.337269
0.170769 0.318621 0.315376
0.172915 0.0987583 0.25471
0.0922887 0.218565 0.627283
0.350989 0.316493 0.4842
0.401092 0.13556 0.153832
0.0901219 0.0760382 0.69512
0.302056 0.220261 0.62975
0.39779 0.158537 0.118286
0.387901 0.216053 0.551689
0.113658 0.0921433 0.728234
0.375889 0.253237 0.228366
0.365704 0.293043 0.522603
0.387954 0.0774448 0.333368
0.370186 0.139284 0.744187
0.270697 0.104987 0.123326
0.0830465 0.229914 0.271572
0.119458 0.0837766 0.254076
0.36278 0.175608 0.793583
0.12912 0.0916795 0.805647
0.101695 0.231346 0.25205
0.20489 0.0974325 0.502938
0.170734 0.158317 0.949952
0.164623 0.191589 0.0400854
0.151871 0.0988489 0.124923
0.206879 0.323006 0.412979
0.18111 0.2327 0.233022
0.114038 0.231127 0.046846
0.202143 0.227593 0.301519
0.189139 0.239206 0.106805
0.354298 0.31257 0.547761
0.109196 0.136273 0.825419
0.39321 0.225018 0.641672
0.289933 0.216246 0.447961
0.135184 0.319138 0.486778
0.19767 0.0913581 0.896664
0.314195 0.218205 0.557404
0.35766 0.0756619 0.441009
0.0736747 0.232965 0.45406
0.0843674 0.219273 0.408896
0.368562 0.0756874 0.425175
0.0899696 0.143039 0.76458
0.120479 0.156079 0.919375
0.263484 0.2389 0.194992
0.257613 0.222745 0.698476
0.410628 0.181198 0.351534
0.349381 0.287237 0.244907
0.29721 0.220341 0.632555
0.0619716 0.0635092 0.293456
0.142199 0.0915102 0.853151
0.292362 0.218882 0.788932
0.20464 0.153259 0.0402001
0.162777 0.220939 0.657222
0.127033 0.320466 0.442448
0.117997 0.210264 0.792206
0.124198 0.110838 0.0475515
0.110275 0.15035 0.783146
0.344437 0.112984 0.884152
0.304755 0.321472 0.403548
0.174862 0.100442 0.194066
0.0777767 0.153891 0.306082
0.0531504 0.133526 0.63905
0.3236 0.319603 0.35388
0.396855 0.216304 0.169822
0.32359 0.220655 0.643617
0.360159 0.0689569 0.748497
0.403622 0.203076 0.702348
0.240554 0.22445 0.721559
0.331756 0.150349 0.041568
0.295753 0.161444 0.948981
0.410319 0.15688 0.629593
0.230717 0.234305 0.217353
0.381896 0.250848 0.643126
0.0764891 0.223609 0.352936
0.354547 0.0693553 0.752086
0.0709216 0.221806 0.611418
0.23786 0.243256 0.16438
0.356767 0.191432 0.914776
0.309366 0.216591 0.0423331
0.304266 0.217458 0.531117
0.405711 0.146171 0.874773
0.0659574 0.223934 0.2397
0.0728427 0.117318 0.224039
0.266449 0.224476 0.341746
0.0553434 0.120009 0.4598
0.119471 0.103863 0.779683
0.110622 0.135545 0.775493
0.0572396 0.111645 0.419274
0.167897 0.246781 0.158948
0.218153 0.205683 0.90024
0.105186 0.145308 0.279327
0.186202 0.163536 0.0430601
0.394089 0.152795 0.924577
0.316426 0.299235 0.251108
0.101113 0.2301 0.680567
0.366911 0.209135 0.763277
0.392185 0.215415 0.516659
0.053524 0.156814 0.618058
0.394261 0.150209 0.197702
0.34425 0.217049 0.4376
0.385982 0.215764 0.471487
0.300551 0.145033 0.02863
0.344435 0.107157 0.81409
0.346654 0.303793 0.576265
0.315297 0.320804 0.40611
0.251386 0.101132 0.425468
0.0758462 0.0764852 0.578367
0.329299 0.24076 0.173414
0.225202 0.0926016 0.831931
0.385103 0.0758653 0.395069
0.0874345 0.163103 0.761565
0.40456 0.142584 0.887804
0.324838 0.0842164 0.848169
0.358854 0.0500848 0.863568
0.0954588 0.0760764 0.637687
0.241446 0.105704 0.9536
0.258622 0.220095 0.624027
0.151035 0.0932654 0.363194
0.402802 0.0307567 0.800502
0.297911 0.217196 0.521881
0.0597147 0.128471 0.854084
0.145903 0.112638 0.961379
0.119752 0.0835945 0.669996
0.180107 0.231666 0.24755
0.189276 0.219862 0.801277
0.39939 0.176845 0.823804
0.39768 0.12128 0.785833
0.309341 0.319539 0.493577
0.383217 0.0758239 0.340584
0.243926 0.320636 0.321913
0.0535305 0.169269 0.578294
0.0597421 0.0732903 0.179411
0.0634481 0.0915456 0.634975
0.206061 0.180502 0.0447237
0.381076 0.0758867 0.465297
0.199373 0.101966 0.275239
0.231711 0.146535 0.0298151
0.21856 0.221746 0.376982
0.240798 0.106342 0.245465
0.33524 0.0951233 0.15276
0.0528551 0.132217 0.585288
0.137925 0.216289 0.489954
0.306341 0.184592 0.943016
0.372405 0.0581515 0.753307
0.0804771 0.0266327 0.825758
0.206505 0.285809 0.617891
0.38697 0.0762652 0.539365
0.346556 0.226456 0.316189
0.396934 0.160815 0.801569
0.0888266 0.218116 0.423828
0.241691 0.253713 0.165047
0.067339 0.100132 0.808138
0.134183 0.229938 0.271266
0.162719 0.231444 0.692702
0.202107 0.137948 0.0254541
0.150586 0.218397 0.420196
0.316363 0.10022 0.943816
0.053215 0.172583 0.529122
0.40564 0.108094 0.372658
0.362605 0.237506 0.198712
0.0335186 0.23066 0.626439
0.0701511 0.0533838 0.867263
0.361811 0.222842 0.362837
0.053547 0.147996 0.711535
0.386653 0.108852 0.0997139
0.283201 0.217863 0.545355
0.239561 0.217499 0.431787
0.363128 0.300413 0.430406
0.250706 0.110438 0.0435628
0.320731 0.169659 0.0454257
0.267833 0.230315 0.2664
0.376562 0.0998016 0.743726
0.312811 0.219559 0.605041
0.0883521 0.0995311 0.100869
0.0921814 0.278934 0.50467
0.403044 0.0994133 0.624564
0.344423 0.0835618 0.361317
0.382826 0.215557 0.464205
0.401835 0.138687 0.164196
0.180215 0.218758 0.578591
0.312503 0.0908655 0.598733
0.238717 0.21929 0.595558
0.0986859 0.232705 0.232945
0.20192 0.223797 0.043125
0.376427 0.217655 0.538021
0.114321 0.0756618 0.538268
0.0840158 0.0758446 0.337575
0.113889 0.316355 0.486382
0.30717 0.0963329 0.321736
0.0538147 0.191204 0.31219
0.131991 0.153406 0.930609
0.174977 0.221827 0.63488
0.110585 0.0448057 0.24839
0.219487 0.142868 0.0263362
0.171387 0.322054 0.438653
0.289033 0.225006 0.334909
0.385924 0.218626 0.417243
0.0890958 0.223006 0.0575991
0.302543 0.100051 0.141919
0.379378 0.217691 0.0593262
0.127798 0.0933704 0.333444
0.142029 0.22861 0.2884
0.126685 0.0916795 0.805583
0.105682 0.103107 0.744777
0.110571 0.0592962 0.28145
0.119868 0.0873571 0.637571
0.223618 0.236902 0.0723407
0.145303 0.226058 0.321334
0.0950806 0.129075 0.0271424
0.328723 0.232722 0.241994
0.0845928 0.190826 0.914399
0.247007 0.22801 0.296147
0.375622 0.0759399 0.570918
0.314881 0.269579 0.634809
0.410933 0.163012 0.503726
0.0719972 0.20823 0.730817
0.100131 0.280102 0.257085
0.145331 0.192427 0.920923
0.344418 0.123457 0.160046
0.296882 0.242379 0.143277
0.0948722 0.0768487 0.302143
0.240018 0.0920257 0.863712
0.121459 0.0937846 0.217658
0.366049 0.0757769 0.645653
0.119456 0.135144 0.217118
0.27555 0.159728 0.952036
0.0795395 0.18948 0.0473502
0.116814 0.115621 0.734677
0.394441 0.218791 0.587543
0.225672 0.243865 0.137211
0.394437 0.103536 0.834917
0.179878 0.238704 0.18481
0.125867 0.235772 0.0875155
0.399684 0.0890799 0.644718
0.345472 0.165654 0.0421272
0.212041 0.212811 0.040223
0.103444 0.164747 0.861561
0.385439 0.107643 0.142734
0.286289 0.220753 0.647082
0.40575 0.109528 0.435012
0.356015 0.0287278 0.823548
0.0695699 0.181413 0.211284
0.119595 0.0858057 0.490005
0.274117 0.0947019 0.607626
0.389105 0.210845 0.704535
0.35332 0.134334 0.848228
0.354108 0.075357 0.630038
0.319186 0.180922 0.0430013
0.17993 0.276891 0.628002
0.192149 0.128793 0.0258274
0.0542563 0.182949 0.22912
0.388771 0.0804556 0.841833
0.404992 0.103261 0.686078
0.319043 0.304039 0.58276
0.228434 0.0961195 0.700185
0.075128 0.159159 0.792635
0.325793 0.282068 0.222523
0.380543 0.100007 0.0978046
0.31604 0.230587 0.262721
0.345794 0.176827 0.809817
0.314959 0.223057 0.360065
0.0620037 0.176034 0.883796
0.130819 0.217366 0.529152
0.0817595 0.205868 0.0519645
0.13223 0.31967 0.373472
0.252682 0.231881 0.044855
0.0681769 0.155139 0.265585
0.130732 0.0913213 0.905686
0.214794 0.223102 0.775928
0.248496 0.215449 0.460413
0.106557 0.177752 0.919375
0.144713 0.271655 0.204328
0.12224 0.210191 0.801341
0.202476 0.22553 0.328142
0.113737 0.239423 0.170105
0.388985 0.161914 0.0671749
0.186382 0.0993772 0.308696
0.218201 0.221481 0.792384
0.0527531 0.167937 0.398086
0.305136 0.0985114 0.21059
0.151883 0.220399 0.594604
0.157883 0.223578 0.728819
0.267138 0.220249 0.629335
0.195462 0.219198 0.809045
0.238599 0.0940043 0.784581
0.116353 0.218078 0.542134
0.379872 0.0936204 0.167396
0.140649 0.0974405 0.118275
0.311442 0.0902331 0.645138
0.181979 0.233411 0.223017
0.229428 0.101226 0.486825
0.312767 0.0880247 0.734525
0.125647 0.0936702 0.249689
0.258082 0.154124 0.956215
0.173042 0.0989421 0.247577
0.11171 0.237307 0.117576
0.159689 0.0951165 0.331992
0.14135 0.220079 0.625822
0.220527 0.229511 0.276767
0.272875 0.220814 0.650267
0.254796 0.236581 0.208341
0.0902239 0.146957 0.748633
0.29148 0.0978365 0.367355
0.297946 0.21894 0.413191
0.0874117 0.233507 0.221665
0.126917 0.234997 0.200726
0.34442 0.0879228 0.248576
0.163299 0.0916529 0.813692
0.250286 0.322036 0.374408
0.0538092 0.173858 0.616222
0.119458 0.151784 0.273564
0.237765 0.105907 0.276695
0.11947 0.0871659 0.731547
0.358216 0.287333 0.255082
0.322817 0.165395 0.930284
0.265154 0.224729 0.338485
0.112878 0.215695 0.469057
0.190474 0.231527 0.0452637
0.260251 0.0889067 0.913964
0.107061 0.0615983 0.784918
0.238337 0.190248 0.0455271
0.137479 0.219408 0.602325
0.309403 0.219572 0.0430469
0.399384 0.15511 0.128423
0.0537615 0.148811 0.697896
0.381316 0.217124 0.536784
0.317584 0.318389 0.518809
0.388086 0.161521 0.805423
0.0584853 0.106086 0.577797
0.0930955 0.271056 0.268091
0.119457 0.106905 0.209549
0.273464 0.220179 0.626853
0.344421 0.156126 0.281594
0.402978 0.0911016 0.172494
0.282242 0.32116 0.366682
0.0531143 0.147815 0.410764
0.357065 0.119971 0.297189
0.244025 0.217685 0.539111
0.403731 0.1559 0.815941
0.404149 0.077627 0.758681
0.404186 0.11593 0.291311
0.102471 0.243453 0.174662
0.328633 0.0893351 0.550931
0.278214 0.103768 0.130881
0.339955 0.100757 0.101924
0.295392 0.231489 0.250039
0.166347 0.0937788 0.42927
0.404591 0.204801 0.233016
0.406571 0.114384 0.403185
0.35402 0.121771 0.754333
0.28165 0.0971539 0.471115
0.0810267 0.251284 0.482802
0.206824 0.234708 0.0554983
0.102396 0.215745 0.719983
0.0771034 0.0810886 0.303157
0.118226 0.221709 0.6804
0.307797 0.318478 0.526009
0.344436 0.107493 0.867611
0.350882 0.187052 0.042132
0.189883 0.231539 0.249346
0.370574 0.275717 0.61019
0.331302 0.0890552 0.54459
0.298984 0.0881816 0.784821
0.0993439 0.08987 0.727866
0.12228 0.218538 0.535598
0.214506 0.1042 0.269807
0.142958 0.218333 0.421024
0.203622 0.219829 0.617528
0.411767 0.171058 0.833345
0.10986 0.221627 0.37851
0.304521 0.230826 0.259362
0.233395 0.0923347 0.877843
0.19441 0.190708 0.0459103
0.300734 0.238742 0.200899
0.0705569 0.0800385 0.65307
0.399475 0.0878049 0.698793
0.0701149 0.224774 0.659562
0.111365 0.222316 0.369628
0.352015 0.225563 0.327725
0.37425 0.159403 0.866179
0.358152 0.311685 0.509523
0.0530361 0.174827 0.299908
0.0606712 0.0966141 0.70525
0.243385 0.264529 0.184293
0.084987 0.176826 0.808844
0.169788 0.143603 0.0278582
0.24441 0.244346 0.142811
0.137602 0.226806 0.311674
0.25341 0.156441 0.0395867
0.41144 0.172683 0.256333
0.201211 0.214013 0.0407587
0.258605 0.260592 0.178562
0.188147 0.219932 0.608135
0.348293 0.217633 0.537251
0.324028 0.0908606 0.500336
0.0597371 0.0386889 0.801759
0.382703 0.238317 0.217862
0.0537634 0.142965 0.306377
0.147562 0.170762 0.930986
0.118771 0.187682 0.92858
0.0719054 0.0893666 0.913773
0.406712 0.205349 0.466181
0.258067 0.23503 0.0569206
0.36378 0.0538684 0.180091
0.409059 0.199347 0.377738
0.117408 0.10125 0.0919752
0.119275 0.220389 0.394493
0.247343 0.104482 0.298274
0.072892 0.149802 0.0737871
0.303939 0.217056 0.0423197
0.366206 0.0884817 0.167781
0.116184 0.11032 0.0503112
0.209566 0.223176 0.358528
0.068578 0.0952551 0.253791
0.249235 0.242442 0.124998
0.319732 0.231333 0.252239
0.136417 0.230628 0.262145
0.0857995 0.248012 0.223669
0.102666 0.149123 0.919376
0.398267 0.082945 0.744902
0.328436 0.216429 0.768686
0.0748398 0.215836 0.650839
0.25884 0.106059 0.161613
0.293927 0.231744 0.24646
0.252909 0.103475 0.318513
0.245025 0.20183 0.924333
0.119471 0.158308 0.781977
0.110587 0.147956 0.243308
0.240126 0.321027 0.326994
0.329186 0.215803 0.472862
0.119459 0.0925867 0.307642
0.22349 0.21829 0.560372
0.145634 0.0916169 0.823431
0.0800476 0.0456885 0.860727
0.0759041 0.146333 0.855066
0.361245 0.225074 0.334027
0.166953 0.221359 0.618735
0.215491 0.0971813 0.577152
0.0933626 0.20845 0.784534
0.285314 0.242681 0.164639
0.0547592 0.123547 0.554469
0.21501 0.297654 0.245186
0.215185 0.10582 0.204293
0.227032 0.111742 0.035081
0.147808 0.220049 0.398876
0.400887 0.14248 0.191702
0.093128 0.106016 0.0694434
0.129244 0.0915918 0.83013
0.273633 0.22923 0.280394
0.130617 0.22058 0.703451
0.197824 0.222555 0.366534
0.0626322 0.0953432 0.526474
0.398646 0.131723 0.224064
0.0759489 0.153376 0.844774
0.186714 0.0970527 0.410516
0.344435 0.102242 0.81502
0.217463 0.216979 0.514264
0.316528 0.0872553 0.752012
0.34442 0.16437 0.237015
0.0872875 0.207455 0.78834
0.0552725 0.120979 0.520438
0.151569 0.219919 0.400556
0.058388 0.152743 0.174728
0.378452 0.263464 0.326567
0.113963 0.12343 0.883306
0.384346 0.199686 0.851589
0.0640176 0.197461 0.148304
0.158412 0.220151 0.397568
0.387551 0.24318 0.625444
0.192572 0.21604 0.481197
0.216302 0.26157 0.180365
0.294133 0.0957732 0.4664
0.101858 0.220054 0.668627
0.133409 0.228048 0.295654
0.124359 0.0913022 0.910911
0.11695 0.147299 0.933737
0.31546 0.232267 0.0463623
0.411163 0.145579 0.469114
0.108389 0.219823 0.614419
0.231522 0.315369 0.575011
0.0975182 0.218203 0.557576
0.0575268 0.111221 0.506141
0.110569 0.0775763 0.284644
0.0537138 0.156106 0.712191
0.17923 0.232664 0.233528
0.345823 0.136862 0.157424
0.299244 0.18655 0.0396517
0.279105 0.239854 0.191095
0.199107 0.164396 0.0429708
0.0778286 0.0779657 0.745238
0.280292 0.217005 0.515158
0.37804 0.263019 0.389835
0.200136 0.237094 0.0828323
0.353993 0.0523399 0.832036
0.0719218 0.0736265 0.218627
0.208029 0.113458 0.0325061
0.206501 0.0915719 0.837138
0.387044 0.206668 0.769857
0.0724327 0.0766902 0.546628
0.132287 0.21605 0.481563
0.411109 0.175256 0.793589
0.366409 0.29126 0.521205
0.34713 0.231044 0.685154
0.344436 0.100156 0.854002
0.368944 0.103703 0.168183
0.250385 0.0962741 0.638299
0.130445 0.0925582 0.560306
0.364609 0.161408 0.803998
0.138785 0.211981 0.0430512
0.0535905 0.163746 0.848565
0.0668307 0.141242 0.915144
0.318067 0.276267 0.624531
0.255008 0.193551 0.947591
0.253544 0.0938684 0.72857
0.162573 0.223692 0.73356
0.0597028 0.0435761 0.270677
0.36849 0.260031 0.213734
0.26698 0.14407 0.0274
0.358383 0.219324 0.596774
0.404172 0.0446509 0.807928
0.252445 0.322668 0.465082
0.187837 0.0989106 0.337437
0.0574399 0.110541 0.686839
0.206435 0.253496 0.664808
0.149868 0.241163 0.165847
0.292174 0.0867861 0.872952
0.246445 0.22347 0.71828
0.144802 0.223155 0.358789
0.11063 0.0865706 0.755982
0.276247 0.100947 0.314205
0.259557 0.109822 0.974997
0.0524215 0.173221 0.243134
0.409584 0.196539 0.380646
0.252374 0.104497 0.276806
0.0536676 0.165953 0.720247
0.338052 0.216099 0.483289
0.390371 0.0763987 0.47962
0.34442 0.130133 0.219743
0.119471 0.126373 0.766702
0.0648257 0.231627 0.641552
0.269956 0.320726 0.338119
0.227252 0.231417 0.251058
0.402853 0.10956 0.912071
0.136379 0.238734 0.119049
0.36261 0.2389 0.17379
0.181067 0.226931 0.310069
0.390178 0.233087 0.472309
0.40693 0.156835 0.182863
0.0657095 0.133303 0.235355
0.130781 0.190365 0.927795
0.284607 0.275172 0.206192
0.330075 0.10772 0.065918
0.162963 0.0945585 0.37554
0.382711 0.182393 0.218062
0.0803452 0.15681 0.210241
0.0597034 0.137985 0.269932
0.261288 0.2201 0.398215
0.0604384 0.0311239 0.820029
0.297067 0.320176 0.487471
0.362507 0.161088 0.246522
0.410972 0.18389 0.439752
0.396087 0.206428 0.142128
0.376853 0.125661 0.0306939
0.213696 0.224485 0.341635
0.0966101 0.290899 0.384444
0.225489 0.218447 0.565905
0.325945 0.168096 0.0411706
0.318368 0.108186 0.0622949
0.392406 0.0706823 0.747264
0.275425 0.264133 0.648507
0.0587017 0.104908 0.586999
0.156256 0.234377 0.209432
0.197478 0.21043 0.868343
0.0688568 0.160531 0.249309
0.276541 0.167433 0.950363
0.0945131 0.233665 0.219443
0.306778 0.0980317 0.224834
0.109415 0.0829779 0.767955
0.400261 0.129042 0.158974
0.0785708 0.0317683 0.841159
0.0982474 0.200283 0.859093
0.0925378 0.218581 0.570243
0.275688 0.0991568 0.409751
0.320037 0.31228 0.567268
0.26347 0.221509 0.67718
0.361655 0.304338 0.473166
0.386171 0.0543789 0.292018
0.272046 0.20072 0.922302
0.110861 0.181965 0.213565
0.406872 0.112255 0.678047
0.357479 0.215479 0.45785
0.159366 0.322175 0.428237
0.290871 0.320267 0.335293
0.33804 0.229524 0.276606
0.229298 0.300643 0.599092
0.0599332 0.100248 0.628423
0.139292 0.19357 0.911551
0.270211 0.221959 0.693748
0.204619 0.21674 0.441576
0.384828 0.205373 0.0676171
0.301347 0.232847 0.236864
0.301239 0.185852 0.0430932
0.219414 0.227906 0.727339
0.344431 0.0833873 0.683036
0.249802 0.111594 0.0376672
0.318268 0.235218 0.225241
 0.296 0.321894 0.409311
0.248553 0.105994 0.228339
0.16204 0.230566 0.693876
0.344419 0.141712 0.210425
0.136436 0.147341 0.940276
0.376348 0.0792907 0.726145
0.257598 0.216524 0.498229
0.0704113 0.222189 0.161746
0.14767 0.219223 0.409534
0.107207 0.211148 0.771496
0.276194 0.0916014 0.732225
0.0908699 0.218341 0.640138
0.213595 0.218539 0.569138
0.190519 0.228191 0.2938
0.119456 0.150487 0.19859
0.164316 0.220544 0.392487
0.256683 0.31944 0.537434
0.297254 0.218118 0.554342
0.376789 0.155343 0.782552
0.0751705 0.0782778 0.209547
0.37398 0.0310408 0.78408
0.140797 0.235823 0.194377
0.143937 0.212983 0.0430819
0.110625 0.0604057 0.767444
0.11061 0.0476176 0.802409
0.267834 0.104393 0.182884
0.380019 0.257757 0.440519
0.399643 0.0650019 0.29664
0.10212 0.181197 0.259422
0.0798099 0.249834 0.611223
0.369012 0.223127 0.359161
0.136825 0.224973 0.335336
0.0592708 0.196097 0.184802
0.0528574 0.143259 0.444194
0.38145 0.0758161 0.345405
0.0899184 0.162232 0.0435834
0.0648462 0.122098 0.16185
0.127764 0.0928375 0.482238
0.374385 0.146707 0.0336553
0.0657859 0.223637 0.233463
0.209792 0.300109 0.249839
0.409754 0.167784 0.685763
0.358812 0.064525 0.872913
0.0898418 0.23019 0.268005
0.303153 0.263184 0.646015
0.0929732 0.0761029 0.434662
0.306129 0.229941 0.271218
0.34538 0.0755613 0.50337
0.291086 0.221704 0.682723
0.0647771 0.141799 0.905205
0.344432 0.082138 0.718238
0.388851 0.234478 0.275111
0.0611236 0.13296 0.168471
0.0972189 0.291117 0.54483
0.0742898 0.233691 0.445198
0.0608734 0.139709 0.891864
0.289452 0.0867442 0.886016
0.394221 0.226573 0.260176
0.121498 0.220649 0.644011
0.318227 0.213589 0.808441
0.304005 0.253413 0.660155
0.396324 0.21477 0.628067
0.232647 0.214667 0.849282
0.053006 0.147005 0.425261
0.222449 0.235205 0.693296
0.363288 0.224047 0.34728
0.394635 0.0708101 0.230293
0.15812 0.169168 0.946138
0.0660949 0.126127 0.256596
0.232976 0.22682 0.311492
0.391285 0.179813 0.269755
0.379587 0.0418546 0.280578
0.207934 0.219691 0.80724
0.0685257 0.118025 0.157683
0.310637 0.0904032 0.64116
0.282292 0.320102 0.504667
0.161928 0.319309 0.321028
0.121869 0.229766 0.688661
0.0951877 0.232396 0.237291
0.133432 0.0920768 0.694765
0.387417 0.245478 0.637614
0.345656 0.240062 0.176501
0.21853 0.146546 0.0300265
0.172887 0.221741 0.377047
0.210783 0.308191 0.58594
0.0833511 0.252611 0.259161
0.381352 0.255805 0.375025
0.24209 0.106091 0.250902
0.0597493 0.0568499 0.775079
0.0537616 0.191761 0.328927
0.158034 0.224912 0.336118
0.0548406 0.18117 0.217195
0.364838 0.227452 0.303343
0.317868 0.243175 0.672907
0.401186 0.0666319 0.17606
0.204185 0.208062 0.0392386
0.396421 0.0595287 0.799694
0.296121 0.221762 0.757632
0.0539004 0.163678 0.193231
0.265325 0.216553 0.830558
0.221403 0.189997 0.0455889
0.0805006 0.199741 0.852591
0.339092 0.19753 0.882763
0.153119 0.321357 0.402368
0.0916666 0.160128 0.919376
0.407035 0.19263 0.708659
0.278868 0.0959628 0.533796
0.273308 0.23494 0.0591686
0.0709859 0.12477 0.318726
0.295545 0.0971668 0.372073
0.348169 0.22883 0.285562
0.370502 0.10107 0.938082
0.0549575 0.200739 0.393185
0.173664 0.155135 0.952183
0.230854 0.222237 0.788087
0.115051 0.232569 0.234864
0.0681818 0.203365 0.133331
0.0980569 0.293523 0.513514
0.39724 0.184532 0.121423
0.237842 0.220037 0.623187
0.390973 0.225037 0.334512
0.227145 0.243052 0.164242
0.0976224 0.151231 0.19938
0.0789244 0.203907 0.0654264
0.187027 0.0923098 0.630697
0.0631565 0.0936362 0.553125
0.27722 0.231713 0.246895
0.312835 0.198011 0.038551
0.249849 0.0977378 0.57764
0.209646 0.0971239 0.544646
0.339817 0.181083 0.0455586
0.406228 0.109683 0.52122
0.235647 0.0973669 0.652345
0.34442 0.0856155 0.237372
0.275639 0.217497 0.532473
0.0531548 0.191034 0.502796
0.0603202 0.156664 0.154538
0.268473 0.229708 0.274223
0.0597421 0.068825 0.179486
0.397182 0.166158 0.764864
0.119053 0.134207 0.156095
0.344419 0.14131 0.193965
0.0532053 0.134753 0.647498
0.210742 0.115429 0.0311615
0.294578 0.09501 0.507638
0.165017 0.237619 0.188389
0.374739 0.0907052 0.167602
0.395572 0.0346428 0.201239
0.364338 0.0308959 0.208585
0.218926 0.24925 0.158002
0.150555 0.0930254 0.430218
0.189838 0.229564 0.276086
0.140469 0.222358 0.717812
0.405264 0.104985 0.595228
0.183772 0.240666 0.173431
0.358727 0.0754668 0.622758
0.313848 0.126645 0.96425
0.411019 0.169637 0.48271
0.0643632 0.101807 0.88427
0.0591499 0.202563 0.646192
0.197073 0.310089 0.266595
0.104661 0.168141 0.18025
0.285664 0.0935689 0.608513
0.329268 0.214827 0.04282
0.390695 0.233146 0.633913
0.358488 0.0755091 0.535698
0.398403 0.0847574 0.705586
0.0790764 0.2461 0.300591
0.119471 0.0780992 0.773079
0.370528 0.113136 0.886524
0.231449 0.32156 0.340643
0.256935 0.21938 0.810057
0.298836 0.148406 0.0365774
0.297629 0.0888112 0.763384
0.259851 0.15048 0.0401358
0.089019 0.269146 0.578004
0.196547 0.0914849 0.861243
0.230163 0.0985617 0.605643
0.315263 0.32045 0.386533
0.107961 0.312115 0.346941
0.371514 0.27745 0.566017
0.391229 0.0973027 0.209614
0.27662 0.0961985 0.532977
0.215371 0.218809 0.414887
0.23462 0.228121 0.719396
0.175001 0.21714 0.519907
0.0536238 0.150739 0.648002
0.410895 0.13532 0.741728
0.404146 0.076803 0.753164
0.0655356 0.0689761 0.173068
0.150561 0.260997 0.186258
0.0688709 0.0870752 0.792611
0.380121 0.217368 0.6876
0.221829 0.321525 0.345994
0.236691 0.111069 0.0555635
0.349182 0.237946 0.197551
0.392133 0.174156 0.781746
0.175836 0.22578 0.7269
0.379289 0.259554 0.491516
0.39737 0.060367 0.220763
0.331036 0.238711 0.116191
0.370126 0.21698 0.701271
0.187731 0.216884 0.510912
0.0692001 0.108863 0.779903
0.119466 0.0792145 0.555254
0.104521 0.119385 0.955206
0.125153 0.0938186 0.208253
0.296724 0.0990397 0.251446
0.370452 0.238015 0.665639
0.290805 0.216889 0.511076
0.365961 0.161314 0.820733
0.0892688 0.11033 0.144094
0.389298 0.201609 0.829011
0.344434 0.096835 0.776832
0.14469 0.220156 0.628749
0.232231 0.120553 0.974998
0.376813 0.235046 0.21036
0.139927 0.240728 0.167146
0.253028 0.156116 0.0396045
0.213211 0.0972916 0.939622
0.17447 0.0913555 0.89696
0.411063 0.185909 0.463396
0.142099 0.215908 0.476574
0.405141 0.196141 0.197427
0.0961253 0.21544 0.46008
0.0728552 0.132196 0.741389
0.377597 0.269156 0.604913
0.0597275 0.0450232 0.21295
0.370482 0.284098 0.577296
0.339207 0.0931791 0.233531
0.0806206 0.165126 0.297037
0.262692 0.105451 0.164468
0.342024 0.0937993 0.172807
0.399585 0.199963 0.798166
0.41002 0.137261 0.314542
0.187438 0.222799 0.641148
0.407091 0.112947 0.574985
0.379651 0.233958 0.22535
0.405994 0.108254 0.576111
0.191246 0.093321 0.597891
0.397984 0.109677 0.325735
0.334345 0.217758 0.54168
0.111138 0.148655 0.309758
0.277296 0.233693 0.22829
0.410741 0.138934 0.40767
0.253473 0.218669 0.817233
0.388844 0.234334 0.615975
0.110571 0.117072 0.280218
0.344418 0.165932 0.180403
0.0604417 0.182625 0.243276
0.134895 0.227431 0.303612
0.385404 0.0498454 0.864266
0.0659598 0.0897522 0.485712
0.202271 0.235673 0.205183
0.119988 0.187295 0.0448058
0.38483 0.211476 0.0810859
0.229984 0.225203 0.699377
0.155076 0.218614 0.565349
0.186548 0.122258 0.971641
0.251587 0.21984 0.614946
0.335788 0.236214 0.2189
0.0668582 0.162537 0.91534
0.172894 0.228156 0.294252
0.0790904 0.170465 0.850336
0.177946 0.231369 0.251724
0.278546 0.222958 0.767874
0.372216 0.277317 0.410812
0.353509 0.30881 0.302868
0.262489 0.101379 0.36892
0.0764914 0.056609 0.869239
0.219713 0.106483 0.202915
0.396978 0.118355 0.153836
0.0661816 0.0603496 0.870772
0.0867223 0.0818689 0.900562
0.206611 0.227359 0.304545
0.283169 0.103247 0.119201
0.316997 0.139944 0.950023
0.0687507 0.0487281 0.863318
0.330125 0.21777 0.54208
0.324859 0.218625 0.572181
0.288035 0.211067 0.0406355
0.225907 0.0972924 0.634695
0.11079 0.0759212 0.366386
0.23495 0.220727 0.649464
0.260465 0.0927987 0.745883
0.365786 0.219492 0.621521
0.404458 0.103395 0.344822
0.197976 0.105675 0.107566
0.202395 0.0916262 0.82188
0.0508593 0.168088 0.262665
0.391322 0.125158 0.799623
0.40637 0.112205 0.326916
0.13212 0.0918721 0.751915
0.231275 0.322421 0.372204
0.348354 0.226679 0.313314
0.128041 0.0918749 0.751045
0.168899 0.29258 0.238324
0.344434 0.154992 0.782987
0.123841 0.231003 0.25688
0.366935 0.29057 0.482917
0.386994 0.124252 0.297083
0.0847635 0.224888 0.336427
0.239907 0.220394 0.63653
0.255146 0.216519 0.49806
0.119472 0.152755 0.801767
0.0729427 0.227358 0.30456
0.336928 0.217305 0.525705
0.342373 0.0888113 0.464191
0.156739 0.219743 0.402825
0.126089 0.232126 0.241086
0.402352 0.168868 0.853338
0.119471 0.163575 0.765676
0.410014 0.173941 0.629695
0.0774467 0.229766 0.273473
0.412428 0.160725 0.281157
0.119459 0.148811 0.303097
0.304819 0.0960311 0.359676
0.161858 0.0937721 0.402707
0.40417 0.148197 0.80325
0.090432 0.177358 0.277453
0.053592 0.146287 0.345001
0.315659 0.20827 0.849089
0.360052 0.0764265 0.333683
0.06798 0.171345 0.773155
0.365174 0.0265163 0.222383
0.327389 0.0827512 0.900558
0.103156 0.111464 0.322844
0.381969 0.178677 0.199972
0.305064 0.221763 0.746764
0.0915505 0.147502 0.0346506
0.301118 0.208921 0.855516
0.333974 0.19822 0.881368
0.0982747 0.224586 0.340329
0.398643 0.156762 0.868387
0.192294 0.0941809 0.567232
0.321318 0.265368 0.639937
0.277924 0.230171 0.268254
0.37178 0.0817005 0.879146
0.163585 0.22155 0.379506
0.403493 0.204648 0.688746
0.159163 0.220434 0.639284
0.357812 0.236867 0.206555
0.267213 0.104632 0.17412
0.0737865 0.223639 0.35255
0.121872 0.280542 0.222612
0.179035 0.293457 0.603528
0.401584 0.0974559 0.431249
0.353274 0.0534305 0.211001
0.36384 0.125221 0.882736
0.203827 0.21995 0.622122
0.244937 0.240954 0.110102
0.394516 0.165669 0.296278
0.364809 0.116044 0.885613
0.0597554 0.111282 0.759921
0.0914865 0.217037 0.516783
0.110592 0.0308484 0.232789
0.0731821 0.150097 0.0725322
