0.659031 0.295372 0.340873
0.814111 0.270119 0.309358
0.646772 0.123534 0.0604451
0.583037 0.147079 0.297472
0.121454 0.171708 0.328485
0.352085 0.0889676 0.148352
0.72087 0.17302 0.0583585
0.515769 0.0882254 0.14589
0.649884 0.162635 0.0567092
0.407756 0.321083 0.341349
0.66657 0.147981 0.296906
0.0505985 0.220766 0.151584
0.0883405 0.251991 0.221525
0.172389 0.210877 0.325334
0.408091 0.252945 0.401721
0.0579106 0.284709 0.309505
0.202663 0.273985 0.186434
0.54547 0.109165 0.199854
0.85171 0.258238 0.385836
0.967551 0.175728 0.227969
0.348375 0.235068 0.404373
0.805456 0.147249 0.083594
0.955816 0.150498 0.213982
0.220561 0.178602 0.336889
0.530508 0.121613 0.0605232
0.721514 0.120609 0.224359
0.691674 0.0735319 0.0963388
0.0462377 0.137162 0.203444
0.655068 0.203884 0.0963994
0.250613 0.319832 0.333342
0.258612 0.144372 0.0693351
0.186947 0.257717 0.163019
0.436461 0.325014 0.20069
0.067074 0.113841 0.153668
0.381561 0.193528 0.056447
0.0337617 0.204874 0.333125
0.109952 0.264037 0.383959
0.540914 0.0838782 0.13486
0.194757 0.266005 0.391486
0.761745 0.270349 0.284924
0.723236 0.106414 0.186119
0.142413 0.214853 0.396727
0.258918 0.0757643 0.120776
0.669965 0.240673 0.17577
0.796247 0.204206 0.350657
0.88612 0.135595 0.230546
0.0516874 0.233764 0.208724
0.429404 0.153734 0.0526088
0.228929 0.0719605 0.150193
0.230526 0.146417 0.0550221
0.149887 0.291309 0.285385
0.249964 0.266072 0.130237
0.187354 0.260705 0.396768
0.25025 0.103798 0.164299
0.768179 0.278508 0.317705
0.943692 0.144694 0.257082
0.316078 0.14916 0.140148
0.127681 0.297909 0.327865
0.152541 0.304928 0.352968
0.459526 0.182144 0.0527644
0.945652 0.20405 0.210092
0.642666 0.211298 0.115754
0.958844 0.166071 0.163841
0.357781 0.326205 0.334364
0.837668 0.174325 0.0799386
0.280818 0.0884372 0.0980827
0.709618 0.264261 0.384436
0.810617 0.168764 0.403176
0.831418 0.167725 0.341118
0.253698 0.175926 0.361766
0.793906 0.0546386 0.154388
0.151731 0.171276 0.341949
0.648755 0.0987261 0.171427
0.251574 0.122893 0.0971573
0.0485475 0.234812 0.188311
0.765943 0.257209 0.355805
0.171008 0.175502 0.33489
0.221627 0.255119 0.307075
0.882463 0.148016 0.262693
0.292463 0.15838 0.31396
0.108351 0.282286 0.294415
0.490908 0.251062 0.0672974
0.672008 0.247903 0.401072
0.833956 0.271388 0.321741
0.958267 0.123864 0.175857
0.251418 0.22565 0.342376
0.684441 0.0991392 0.163445
0.484421 0.125646 0.241861
0.903108 0.117404 0.182959
0.159356 0.13045 0.240734
0.325107 0.0923292 0.118759
0.284477 0.17035 0.340097
0.141185 0.174215 0.344422
0.312769 0.243375 0.375179
0.921799 0.241134 0.307762
0.280687 0.218723 0.345044
0.200435 0.132972 0.253309
0.381212 0.0725691 0.103632
0.0803805 0.102971 0.13207
0.144089 0.233638 0.396005
0.0319774 0.240135 0.348841
0.33445 0.0899698 0.150927
0.101008 0.232181 0.165488
0.551623 0.289717 0.167768
0.0797375 0.207465 0.111692
0.28409 0.18383 0.052509
0.184165 0.279971 0.219341
0.681505 0.126062 0.127743
0.467869 0.316943 0.178538
0.306823 0.0775457 0.123096
0.864747 0.132352 0.269319
0.187652 0.261182 0.396758
0.309244 0.144652 0.0514039
0.937732 0.142152 0.113071
0.613651 0.0945223 0.162609
0.318081 0.128454 0.125753
0.866907 0.15542 0.328593
0.441208 0.346011 0.262795
0.0605791 0.171707 0.0732481
0.538246 0.107987 0.196787
0.107408 0.283804 0.366684
0.317115 0.129816 0.122271
0.245452 0.252233 0.102867
0.733378 0.127943 0.248684
0.750011 0.159269 0.324313
0.564213 0.203967 0.405516
0.334344 0.178922 0.379465
0.286595 0.206506 0.326039
0.814382 0.208572 0.143341
0.809307 0.0612236 0.132327
0.0338111 0.197339 0.322393
0.273191 0.206871 0.0599435
0.66515 0.272317 0.2597
0.960068 0.185229 0.214416
0.963024 0.204283 0.300942
0.293572 0.0513556 0.122531
0.524108 0.154961 0.317397
0.0533731 0.104237 0.122467
0.450306 0.271885 0.0789508
0.803786 0.191347 0.10626
0.206731 0.0622776 0.098481
0.548228 0.0868692 0.142585
0.255527 0.17399 0.362507
0.624336 0.273323 0.388568
0.072453 0.0958499 0.107026
0.0574521 0.224412 0.187176
0.559259 0.23754 0.402725
0.211581 0.167338 0.0586179
0.239314 0.184611 0.12141
0.718335 0.116356 0.156752
0.178505 0.246414 0.38543
0.0727131 0.131674 0.0759624
0.218477 0.11257 0.0951693
0.770437 0.288037 0.350311
0.0391218 0.193416 0.213245
0.304321 0.0782918 0.143027
0.147431 0.175666 0.351157
0.592565 0.264305 0.162441
0.67099 0.171549 0.357267
0.902217 0.131782 0.219888
0.0491166 0.194547 0.352523
0.274591 0.103604 0.169165
0.461609 0.0992002 0.17383
0.918351 0.242185 0.293914
0.441385 0.126264 0.243528
0.96353 0.163379 0.216253
0.190453 0.160771 0.109447
0.236251 0.0763674 0.121359
0.535785 0.329863 0.26689
0.522413 0.276402 0.38819
0.683448 0.220068 0.133233
0.867955 0.0949014 0.173121
0.796877 0.124471 0.0722401
0.899942 0.185521 0.132427
0.122231 0.282028 0.287175
0.774688 0.115897 0.15693
0.835725 0.0837264 0.115863
0.164155 0.15977 0.31837
0.869525 0.0757269 0.112159
0.117706 0.301333 0.346402
0.690548 0.190968 0.392051
0.473715 0.0787725 0.121371
0.291156 0.30987 0.360248
0.746756 0.145823 0.145296
0.484454 0.10129 0.179283
0.852972 0.107679 0.20588
0.216038 0.318208 0.300742
0.149523 0.10173 0.0849817
0.956195 0.219588 0.310979
0.266702 0.258895 0.368524
0.7347 0.252084 0.348591
0.172544 0.282343 0.237619
0.226719 0.319121 0.322282
0.238898 0.325035 0.312495
0.163776 0.244261 0.151795
0.268108 0.169477 0.100016
0.36147 0.228932 0.404175
0.891238 0.166549 0.309761
0.122569 0.278079 0.3736
0.145603 0.15496 0.29708
0.481166 0.299861 0.37146
0.686788 0.229409 0.339564
0.301143 0.342973 0.286835
0.950445 0.110469 0.146553
0.471788 0.105841 0.0722603
0.266252 0.135213 0.125618
0.27648 0.0832428 0.112973
0.126891 0.289438 0.303205
0.659173 0.188917 0.070447
0.735443 0.112119 0.201361
0.581879 0.313559 0.383697
0.309031 0.302131 0.368932
0.230733 0.153835 0.29553
0.77399 0.0375547 0.105967
0.747946 0.0441284 0.105785
0.4376 0.281888 0.386229
0.566937 0.179444 0.380536
0.819691 0.11185 0.205182
0.323418 0.101929 0.111642
0.193061 0.159261 0.140071
0.85131 0.147455 0.308061
0.831178 0.107534 0.078908
0.827226 0.131669 0.109922
0.873743 0.172866 0.337315
0.411941 0.270809 0.0787178
0.838096 0.130305 0.26394
0.202778 0.111889 0.134692
0.153491 0.175883 0.354632
0.804114 0.124309 0.0762287
0.64544 0.0757447 0.112586
0.522705 0.0818216 0.129475
0.464025 0.311922 0.166019
0.152599 0.293486 0.289198
0.316076 0.222598 0.326022
0.284862 0.109228 0.0781663
0.305503 0.215229 0.322648
0.371953 0.312873 0.176301
0.517347 0.307941 0.36072
0.80174 0.235355 0.350744
0.325693 0.0923751 0.138797
0.145918 0.261804 0.206905
0.913712 0.147306 0.0916842
0.642174 0.270411 0.244215
0.11396 0.0947417 0.127051
0.0806074 0.176353 0.32083
0.691237 0.0725901 0.099939
0.551579 0.319721 0.342323
0.315836 0.27947 0.390531
0.517312 0.171536 0.0523352
0.725332 0.174142 0.113128
0.809287 0.282546 0.348091
0.843147 0.131205 0.266275
0.124729 0.17202 0.330861
0.637929 0.239757 0.162537
0.783306 0.210204 0.137773
0.539105 0.318073 0.223518
0.284673 0.139983 0.147566
0.248398 0.176165 0.389343
0.416023 0.282609 0.102141
0.185765 0.152605 0.103752
0.701176 0.162787 0.332149
0.23337 0.25001 0.107573
0.491898 0.111474 0.068064
0.204564 0.15305 0.0796131
0.820938 0.236344 0.201564
0.393467 0.114726 0.0656024
0.534296 0.32165 0.341634
0.324767 0.235568 0.403642
0.434883 0.320844 0.342028
0.784222 0.0373102 0.130316
0.582012 0.126434 0.244424
0.308118 0.0760728 0.108451
0.233015 0.185167 0.129999
0.272307 0.148463 0.120529
0.398142 0.320769 0.341653
0.39343 0.171399 0.359884
0.468407 0.181683 0.385747
0.645606 0.274169 0.268243
0.835002 0.279167 0.347591
0.0329951 0.148458 0.20829
0.614933 0.160919 0.333204
0.778741 0.140807 0.403368
0.936158 0.168518 0.31766
0.814146 0.138819 0.148019
0.874629 0.253898 0.29087
0.674218 0.108219 0.183851
0.254469 0.298294 0.202881
0.465298 0.286774 0.109412
0.697319 0.121339 0.100172
0.132248 0.300026 0.354994
0.288871 0.232759 0.0656624
0.0464257 0.255541 0.366009
0.722698 0.147485 0.0672103
0.194865 0.0466274 0.105773
0.269137 0.211087 0.376864
0.526962 0.328308 0.237857
0.175946 0.220211 0.0880049
0.197371 0.122184 0.0731296
0.727873 0.253727 0.361123
0.122577 0.243311 0.182924
0.384954 0.142461 0.285605
0.0718992 0.226003 0.161719
0.446116 0.281725 0.385779
0.890674 0.201064 0.395678
0.111609 0.12874 0.213361
0.176548 0.206619 0.325996
0.0840876 0.296185 0.351204
0.33481 0.30542 0.365731
0.380442 0.12975 0.0567862
0.228545 0.162685 0.0569461
0.766668 0.172367 0.105775
0.168896 0.239565 0.136451
0.798951 0.142732 0.0691697
0.877701 0.0897745 0.113361
0.325483 0.0917321 0.128355
0.87036 0.112761 0.219014
0.0446857 0.193037 0.203668
0.182742 0.120936 0.210916
0.543514 0.311768 0.210396
0.0327388 0.208268 0.32405
0.23357 0.174828 0.390589
0.202937 0.269815 0.176873
0.757205 0.262883 0.368068
0.485225 0.12188 0.232189
0.369834 0.308977 0.166379
0.946015 0.135314 0.192114
0.569326 0.104659 0.188409
0.522915 0.173034 0.363825
0.545813 0.312169 0.215346
0.206031 0.106109 0.162555
0.284824 0.178258 0.132685
0.174715 0.146873 0.134269
0.249013 0.146309 0.121327
0.735967 0.249322 0.340687
0.725606 0.142898 0.0784774
0.369408 0.351087 0.286942
0.29641 0.1273 0.0901763
0.700359 0.134194 0.0587602
0.783485 0.147851 0.0569468
0.034543 0.247697 0.363264
0.230795 0.12237 0.225081
0.204657 0.120046 0.212705
0.0338823 0.237382 0.366964
0.385411 0.151403 0.308574
0.66455 0.109081 0.197057
0.727207 0.187109 0.35737
0.538604 0.182564 0.0526864
0.506324 0.289525 0.378979
0.849379 0.215278 0.397628
0.667059 0.118442 0.0648631
0.109886 0.153987 0.277401
0.970864 0.177145 0.22445
0.40094 0.275196 0.0881738
0.423487 0.234111 0.403495
0.824011 0.133776 0.149979
0.0534453 0.206287 0.123166
0.934749 0.177597 0.153025
0.148284 0.100085 0.0864355
0.181697 0.141667 0.0937975
0.797442 0.278024 0.328269
0.793312 0.260503 0.265244
0.866312 0.258943 0.301827
0.384226 0.337811 0.239949
0.308416 0.178727 0.369523
0.944986 0.167403 0.156669
0.212979 0.154249 0.295464
0.16768 0.176611 0.351445
0.31483 0.288188 0.382733
0.147904 0.0957972 0.146193
0.103853 0.208914 0.107161
0.317344 0.154537 0.308913
0.674282 0.229638 0.15232
0.477857 0.238551 0.4032
0.840305 0.10801 0.206673
0.185952 0.282063 0.223398
0.517895 0.277795 0.107326
0.107009 0.177765 0.337096
0.407641 0.137497 0.272665
0.225336 0.113644 0.194254
0.297162 0.329961 0.246387
0.060383 0.230477 0.384549
0.496408 0.238895 0.0647829
0.925174 0.19002 0.161952
0.813876 0.115526 0.21646
0.292897 0.137679 0.0507697
0.795917 0.146515 0.0735256
0.38265 0.247054 0.402125
0.768204 0.286492 0.37258
0.680284 0.124213 0.142547
0.269841 0.208102 0.0602408
0.21059 0.0406325 0.132798
0.661342 0.233118 0.1717
0.800414 0.155079 0.402815
0.205651 0.116755 0.0752401
0.242065 0.178275 0.360875
0.0494017 0.24702 0.337687
0.535487 0.187756 0.0540927
0.0990741 0.107535 0.152753
0.752188 0.184729 0.334506
0.286519 0.213763 0.0615139
0.277427 0.327167 0.26035
0.55545 0.310981 0.226922
0.211189 0.161228 0.367367
0.508857 0.334402 0.234025
0.861834 0.272377 0.34324
0.547932 0.215012 0.404673
0.69837 0.112314 0.13459
0.853939 0.128575 0.0692255
0.188425 0.289792 0.369091
0.572015 0.310342 0.356524
0.0908346 0.254231 0.387611
0.286074 0.228704 0.0647779
0.736128 0.153768 0.312784
0.5038 0.152914 0.0546222
0.197326 0.314588 0.308568
0.230082 0.16188 0.0831346
0.79208 0.0988778 0.165149
0.20751 0.281831 0.377409
0.797696 0.22555 0.173655
0.56676 0.139636 0.0569778
0.472666 0.202916 0.0576538
0.440745 0.288075 0.111059
0.324294 0.31369 0.350071
0.0448389 0.21909 0.382171
0.729541 0.0792004 0.118269
0.777282 0.162494 0.330919
0.65802 0.131036 0.253868
0.760406 0.241153 0.3363
0.201995 0.157968 0.417773
0.869722 0.257912 0.300696
0.272187 0.109633 0.0861979
0.23969 0.129232 0.151746
0.960534 0.206236 0.314725
0.722541 0.22752 0.31787
0.195534 0.171631 0.0597064
0.476712 0.333874 0.225227
0.705927 0.0863991 0.144644
0.311174 0.115888 0.21188
0.276874 0.324261 0.334497
0.197757 0.15646 0.0927026
0.223273 0.237481 0.391587
0.453292 0.0928475 0.0820737
0.284094 0.153265 0.300859
0.197449 0.275609 0.194383
0.784232 0.192612 0.331442
0.742867 0.112005 0.200981
0.703605 0.183938 0.0671997
0.218292 0.195864 0.330177
0.476713 0.156664 0.321511
0.485317 0.20462 0.0579033
0.291482 0.187974 0.333245
0.240475 0.17397 0.101795
0.476871 0.325121 0.336723
0.208445 0.278057 0.190768
0.300442 0.168336 0.121877
0.135342 0.142516 0.260178
0.0834258 0.226653 0.158673
0.241381 0.125622 0.129278
0.0468244 0.18856 0.178951
0.87788 0.242319 0.247903
0.072438 0.227485 0.386773
0.301168 0.223749 0.319336
0.548648 0.181319 0.385252
0.420893 0.129186 0.251203
0.727904 0.0399232 0.138954
0.249965 0.168008 0.136671
0.0432137 0.102588 0.109524
0.27118 0.217598 0.377042
0.436522 0.26204 0.399279
0.03257 0.142072 0.105183
0.764539 0.161758 0.086301
0.160027 0.199684 0.396627
0.326548 0.0776595 0.105401
0.697301 0.115444 0.0848057
0.207296 0.0517819 0.153449
0.449088 0.220415 0.404856
0.245059 0.137894 0.067022
0.283116 0.148872 0.110483
0.290685 0.059225 0.0976067
0.699784 0.18645 0.357514
0.577012 0.176914 0.374091
0.786912 0.139914 0.283063
0.265904 0.312843 0.354834
0.811997 0.100249 0.168645
0.20577 0.286839 0.216923
0.895843 0.256511 0.382797
0.113684 0.150168 0.0663145
0.91399 0.149951 0.267842
0.179105 0.184126 0.36575
0.316245 0.231063 0.355619
0.488665 0.0803737 0.125567
0.0848853 0.120522 0.0811528
0.135255 0.209437 0.394766
0.719067 0.176581 0.337674
0.033362 0.164821 0.150223
0.298088 0.343666 0.295038
0.432705 0.257557 0.401429
0.682532 0.120553 0.100349
0.194024 0.264634 0.387468
0.774572 0.144167 0.292161
0.292629 0.24525 0.0717337
0.704965 0.178719 0.41817
0.39327 0.142804 0.0538539
0.678956 0.14611 0.290285
0.530355 0.207924 0.405471
0.564267 0.190896 0.0303461
0.348082 0.317947 0.192425
0.392789 0.118809 0.224772
0.0820351 0.289831 0.323457
0.311458 0.295895 0.143917
0.508396 0.105021 0.0730717
0.0276924 0.17368 0.211197
0.708121 0.201263 0.10307
0.799229 0.184794 0.0912731
0.889159 0.249623 0.285499
0.107874 0.218969 0.130637
0.0515004 0.209785 0.154589
0.903193 0.150418 0.268039
0.358452 0.3048 0.366441
0.0329974 0.198179 0.234037
0.232474 0.270169 0.362203
0.0345863 0.125102 0.10696
0.806033 0.138077 0.113496
0.766795 0.107348 0.160254
0.762905 0.116378 0.214286
0.93535 0.136012 0.0877304
0.298108 0.315438 0.347505
0.297745 0.225201 0.0634532
0.770572 0.277978 0.316967
0.250849 0.218715 0.066225
0.324685 0.189261 0.369715
0.20247 0.172237 0.332106
0.165732 0.218071 0.399419
0.885746 0.0975493 0.132823
0.325525 0.347121 0.301253
0.21891 0.146364 0.373115
0.350722 0.195662 0.403637
0.258342 0.16404 0.321777
0.4138 0.212426 0.0600393
0.656675 0.124229 0.236462
0.536627 0.327805 0.258915
0.5663 0.160995 0.333132
0.948142 0.191926 0.361022
0.783343 0.273708 0.308312
0.800573 0.164761 0.420826
0.689485 0.278889 0.383699
0.534426 0.331651 0.272276
0.754232 0.204889 0.404249
0.240682 0.317624 0.274527
0.215664 0.310987 0.346762
0.172567 0.239443 0.133183
0.810015 0.129776 0.106976
0.793251 0.154554 0.417157
0.78124 0.142341 0.288245
0.759474 0.186561 0.35768
0.255604 0.147022 0.426145
0.68924 0.150898 0.0573166
0.739384 0.0353012 0.138259
0.0482093 0.237732 0.289108
0.292188 0.327934 0.246619
0.774135 0.1464 0.422661
0.221724 0.253222 0.307812
0.173281 0.227037 0.103029
0.884132 0.251738 0.290081
0.714364 0.0416186 0.120663
0.704307 0.243232 0.389621
0.16418 0.196651 0.0667249
0.596445 0.0811756 0.128223
0.765881 0.134447 0.26831
0.69031 0.251374 0.400052
0.312458 0.339952 0.263026
0.210229 0.121613 0.0733516
0.776474 0.0720425 0.150173
0.256422 0.190545 0.0527786
0.0655602 0.225807 0.162665
0.765258 0.166134 0.422205
0.82379 0.230501 0.324151
0.483072 0.304917 0.151983
0.873184 0.135235 0.273489
0.512691 0.227121 0.403908
0.476695 0.33734 0.235234
0.26224 0.27096 0.131343
0.661037 0.230972 0.159366
0.705098 0.164107 0.334911
0.0592643 0.108824 0.13706
0.388694 0.326134 0.208766
0.401505 0.129066 0.251052
0.471113 0.160251 0.330697
0.733573 0.175303 0.396522
0.332669 0.231586 0.0640424
0.461996 0.174471 0.367216
0.171019 0.220738 0.366531
0.314707 0.238311 0.373098
0.238458 0.240181 0.336681
0.833005 0.280396 0.350779
0.637647 0.16251 0.0563844
0.286393 0.107626 0.186281
0.249638 0.13648 0.404134
0.373851 0.171726 0.360884
0.287686 0.0597854 0.154288
0.831852 0.229927 0.395899
0.15464 0.0873098 0.127623
0.908934 0.249297 0.306457
0.271222 0.152884 0.425414
0.587255 0.288978 0.207326
0.952189 0.182692 0.275186
0.569026 0.31495 0.275814
0.0710127 0.2677 0.371101
0.364277 0.0782906 0.120903
0.647738 0.100868 0.176993
0.93209 0.146082 0.119666
0.225493 0.24081 0.312649
0.781394 0.130905 0.260811
0.203349 0.155093 0.36971
0.096386 0.196889 0.381114
0.87619 0.274192 0.359733
0.868347 0.171767 0.0885431
0.38658 0.347838 0.273705
0.575974 0.316451 0.300225
0.252459 0.163478 0.0538764
0.699804 0.128068 0.105731
0.345626 0.162188 0.336473
0.187128 0.210853 0.0731087
0.689971 0.187947 0.367572
0.305995 0.156581 0.116186
0.22572 0.215023 0.322728
0.690327 0.186727 0.361898
0.655735 0.291676 0.373674
0.258403 0.180078 0.38787
0.931321 0.203481 0.353935
0.315961 0.137915 0.0524277
0.962316 0.124824 0.196158
0.447504 0.340475 0.31536
0.456622 0.175749 0.370544
0.153989 0.182712 0.372417
0.84724 0.250434 0.256041
0.208875 0.275261 0.388527
0.732248 0.268319 0.368521
0.805426 0.102774 0.17551
0.755446 0.162771 0.0586505
0.693843 0.184127 0.409218
0.765718 0.130036 0.383076
0.481324 0.0843833 0.0886918
0.10617 0.143979 0.249903
0.769899 0.181077 0.0753971
0.605179 0.162916 0.338281
0.136884 0.267553 0.232026
0.915222 0.140216 0.242479
0.2215 0.0309418 0.121798
0.0482437 0.239637 0.304432
0.509212 0.145847 0.293899
0.815674 0.164096 0.334001
0.686303 0.134558 0.106005
0.0886866 0.232143 0.170402
0.530079 0.301847 0.166917
0.0375048 0.118651 0.0940787
0.575159 0.23005 0.403227
0.168169 0.250417 0.16221
0.895116 0.15744 0.0751997
0.283371 0.168938 0.136309
0.505819 0.18585 0.0539323
0.80511 0.2332 0.315662
0.539379 0.149122 0.055288
0.796336 0.212725 0.146783
0.547386 0.102686 0.183217
0.0321352 0.155362 0.228724
0.728109 0.170448 0.135722
0.962996 0.213518 0.295484
0.913311 0.259838 0.359983
0.724023 0.215044 0.32272
0.179755 0.108167 0.113138
0.964595 0.21032 0.290152
0.285161 0.21561 0.346248
0.401073 0.079845 0.124595
0.479258 0.127336 0.246172
0.0546337 0.187279 0.101914
0.311908 0.316019 0.196128
0.738109 0.172254 0.397683
0.92118 0.222955 0.313545
0.808748 0.155582 0.063089
0.195035 0.0695143 0.0936064
0.273986 0.153499 0.424502
0.23259 0.303883 0.241448
0.115009 0.0931962 0.123584
0.27486 0.181206 0.413465
0.941481 0.146584 0.261739
0.570878 0.21398 0.404555
0.17047 0.130122 0.14037
0.601713 0.170494 0.357732
0.113107 0.295567 0.356591
0.655882 0.170115 0.354466
0.851531 0.266902 0.318052
0.368668 0.202511 0.406215
0.410184 0.118649 0.062625
0.227786 0.108371 0.175721
0.111347 0.253705 0.389969
0.067285 0.216218 0.385447
0.431873 0.10118 0.179158
0.761113 0.072333 0.150036
0.218408 0.118064 0.0770755
0.831123 0.145129 0.293743
0.282585 0.261918 0.0947883
0.802763 0.138403 0.104173
0.198103 0.139165 0.0567538
0.296839 0.0719578 0.1503
0.275599 0.299884 0.186657
0.678213 0.290173 0.324059
0.528216 0.150225 0.305252
0.233226 0.122334 0.0990231
0.5412 0.0754238 0.11314
0.168029 0.100271 0.0952044
0.737873 0.136925 0.148755
0.906655 0.263878 0.37245
0.400973 0.232414 0.403602
0.133752 0.210985 0.0967994
0.735997 0.150332 0.304957
0.412338 0.295124 0.126755
0.234109 0.265829 0.377385
0.788626 0.271733 0.304055
0.273935 0.274529 0.129797
0.0562394 0.268578 0.268104
0.522556 0.318098 0.197182
0.167292 0.118782 0.214575
0.291945 0.197465 0.35326
 0.422 0.115743 0.216656
0.216534 0.0763134 0.118745
0.370357 0.209751 0.0595885
0.195158 0.136422 0.0568421
0.930569 0.189607 0.165398
0.602886 0.125474 0.0594506
0.454277 0.345219 0.259575
0.241169 0.264281 0.332292
0.86963 0.215508 0.178123
0.230056 0.258354 0.360688
0.656885 0.256197 0.215368
0.417892 0.193994 0.0562622
0.718557 0.0380292 0.105782
0.189262 0.226185 0.355363
0.593403 0.293553 0.375571
0.385241 0.182589 0.3887
0.308041 0.108064 0.133489
0.445953 0.114728 0.213852
0.137877 0.28978 0.293151
0.345135 0.130078 0.253975
0.337988 0.0999293 0.0791143
0.798422 0.201739 0.126318
0.474937 0.317019 0.179438
0.935438 0.18068 0.34643
0.942787 0.108703 0.116762
0.157357 0.281781 0.251269
0.152524 0.283962 0.262209
0.725961 0.186034 0.0742354
0.294827 0.242617 0.38214
0.432401 0.1637 0.339785
0.70656 0.293301 0.343874
0.736998 0.294344 0.357482
0.284353 0.335499 0.310366
0.302597 0.170959 0.131436
0.903111 0.250639 0.302863
0.274085 0.299991 0.188391
0.470378 0.276184 0.089728
0.485584 0.245609 0.402494
0.779344 0.191687 0.383616
0.263436 0.116651 0.083723
0.313137 0.109311 0.192996
0.307901 0.146413 0.0511695
0.244197 0.0695215 0.122849
0.453614 0.135907 0.268203
0.238282 0.294834 0.371748
0.277076 0.156903 0.0516794
0.472183 0.128993 0.0576055
0.3353 0.108291 0.197998
0.761444 0.279839 0.319315
0.259339 0.147469 0.120889
0.264079 0.199548 0.0570381
0.96449 0.158314 0.273349
0.583201 0.316857 0.326807
0.757696 0.121811 0.0837453
0.459417 0.272988 0.391163
0.15358 0.295069 0.292972
0.869873 0.0873961 0.153849
0.942834 0.122547 0.196779
0.913024 0.231804 0.243624
0.16642 0.283303 0.372749
0.740943 0.0822941 0.146134
0.732678 0.256952 0.321756
0.515721 0.111612 0.0680793
0.551403 0.318607 0.250429
0.731001 0.294384 0.355136
0.162537 0.277958 0.377149
0.217661 0.202679 0.0641633
0.836011 0.0787033 0.118336
0.458258 0.353203 0.290285
0.761177 0.139626 0.280642
0.675183 0.293376 0.372388
0.465761 0.236872 0.0646074
0.695565 0.126703 0.122698
0.753728 0.159996 0.103393
0.392291 0.339142 0.243526
0.847432 0.100946 0.08514
0.504852 0.246242 0.0662112
0.944047 0.201227 0.344542
0.209269 0.157494 0.424463
0.881277 0.13249 0.222879
0.831904 0.138347 0.279387
0.297621 0.19955 0.410101
0.264937 0.182379 0.122412
0.818366 0.178813 0.380262
0.206162 0.0882488 0.091838
0.76657 0.0435845 0.104876
0.636083 0.160266 0.330317
0.75012 0.259316 0.386865
0.5807 0.317909 0.325414
0.715209 0.227073 0.155421
0.247213 0.266947 0.343668
0.737882 0.225045 0.155576
0.574968 0.281394 0.3841
0.80851 0.222882 0.171089
0.679155 0.1019 0.109279
0.0556137 0.193006 0.0997539
0.494433 0.328754 0.213954
0.260718 0.20948 0.324883
0.893933 0.164126 0.0859334
0.737589 0.278861 0.306205
0.833975 0.202621 0.37431
0.303497 0.21983 0.361005
0.350822 0.318953 0.342847
0.764108 0.114494 0.133567
0.551933 0.256064 0.401348
0.0855386 0.191332 0.0731831
0.249847 0.113002 0.158056
0.839924 0.11806 0.23249
0.0570202 0.294527 0.348479
0.743583 0.193172 0.355076
0.475052 0.0979176 0.170567
0.685738 0.121638 0.086262
0.129429 0.25517 0.204896
0.652552 0.28166 0.381204
0.633976 0.106526 0.192377
0.885127 0.187493 0.363984
0.925435 0.191323 0.372865
0.484686 0.272512 0.391111
0.140853 0.202813 0.0766117
0.760223 0.135694 0.125408
0.509993 0.315422 0.1793
0.279182 0.26092 0.0952808
0.707272 0.214999 0.127494
0.689825 0.163659 0.334084
0.738354 0.14758 0.372662
0.269754 0.167816 0.422373
0.823552 0.151227 0.125243
0.808088 0.247227 0.33066
0.736458 0.157311 0.320278
0.798988 0.24803 0.316377
0.795612 0.162602  0.331
0.0350571 0.122284 0.0965213
0.846696 0.086532 0.151521
0.0347638 0.221306 0.36169
0.64164 0.273429 0.256142
0.459029 0.180754 0.0518366
0.797212 0.107378 0.160242
0.71753 0.153112 0.057257
0.611099 0.216434 0.0923738
0.75394 0.109592 0.194375
0.356601 0.127959 0.248531
0.709076 0.145636 0.0569438
0.6265 0.156635 0.321578
0.801723 0.141664 0.123198
0.217063 0.222582 0.382783
0.208073 0.263831 0.357063
0.560441 0.154207 0.0547579
0.800837 0.2614 0.372627
0.262781 0.206307 0.326117
0.317336 0.229354 0.0638902
0.156349 0.273977 0.380142
0.130539 0.198581 0.392264
0.942638 0.21671 0.229747
0.340706 0.348621 0.302163
0.731778 0.142121 0.406913
0.301928 0.328388 0.328786
0.544474 0.304158 0.366317
0.950779 0.211037 0.237148
0.224971 0.247697 0.109136
0.311342 0.133779 0.0854792
0.508296 0.114037 0.212165
0.668664 0.212291 0.404135
0.604699 0.116119 0.218045
0.952176 0.131902 0.223154
0.857328 0.245172 0.244314
0.836182 0.156529 0.322437
0.355072 0.152106 0.310569
0.286937 0.311784 0.210891
0.674521 0.149501 0.0584824
0.605649 0.254556 0.401238
0.440587 0.197081 0.404872
0.638732 0.271302 0.240379
0.176499 0.264153 0.186067
0.859412 0.277905 0.359125
0.645682 0.261416 0.212962
0.791753 0.173686 0.119089
0.349592 0.20035 0.0579273
0.909899 0.106203 0.0892176
0.718193 0.0893116 0.0954219
0.160172 0.147688 0.0665598
0.783323 0.141191 0.147097
0.607773 0.213245 0.404367
0.768403 0.246564 0.208605
0.834496 0.18829 0.357116
0.29659 0.242859 0.0689684
0.0533547 0.247877 0.214682
0.790478 0.20105 0.122667
0.258877 0.15593 0.0975144
0.137849 0.212763 0.0977183
0.265299 0.260543 0.371022
0.668571 0.0916778 0.0857202
0.672817 0.111719 0.203328
0.919088 0.120994 0.0817883
0.27445 0.14943 0.290517
0.74154 0.118925 0.0810153
0.0809467 0.185781 0.06975
0.301557 0.128588 0.127876
0.502125 0.209158 0.0586967
0.824973 0.111115 0.158789
0.0495192 0.178884 0.132026
0.764257 0.16104 0.327946
0.70066 0.251131 0.35767
0.57053 0.164032 0.340959
0.131641 0.231985 0.394623
0.737256 0.0567851 0.108219
0.772151 0.150858 0.085602
0.934024 0.230067 0.27083
0.42877 0.184013 0.0536759
0.832452 0.269531 0.315049
0.19067 0.2345 0.369834
0.745092 0.263733 0.372142
0.200086 0.160119 0.306289
0.0831461 0.290703 0.325336
0.313289 0.156937 0.313833
0.692569 0.197227 0.0923516
0.244326 0.211489 0.324102
0.928511 0.22278 0.314423
0.722837 0.191046 0.386775
0.604038 0.285602 0.224835
0.31215 0.296799 0.374193
0.136234 0.232807 0.146814
0.784319 0.141319 0.397796
0.473428 0.310044 0.162989
0.374133 0.27269 0.0843219
0.963059 0.176778 0.194928
0.498526 0.0757319 0.0995594
0.732166 0.113691 0.133923
0.677839 0.0938993 0.106026
0.865686 0.149726 0.313958
0.724167 0.270661 0.384369
0.117324 0.287188 0.303874
0.947158 0.131743 0.101391
0.684708 0.171599 0.0562529
0.213832 0.20488 0.0659937
0.116791 0.146414 0.261268
0.238165 0.0852537 0.11979
0.266716 0.190191 0.332382
0.660083 0.075159 0.102765
0.258191 0.11322 0.200233
0.243281 0.136748 0.262789
0.753425 0.0883801 0.090768
0.232081 0.28601 0.188879
0.0672794 0.261682 0.374512
0.126607 0.250371 0.391709
0.0508845 0.2526 0.225479
0.916601 0.169963 0.115864
0.797802 0.133678 0.0780868
0.546611 0.0834211 0.133717
0.429154 0.275493 0.0873783
0.230529 0.0277761 0.120417
0.367701 0.326671 0.212123
0.20253 0.168206 0.322808
0.759272 0.156136 0.11755
0.930306 0.111868 0.0923945
0.160945 0.0805076 0.106202
0.767666 0.0995388 0.16717
0.828514 0.14466 0.292771
0.677282 0.115007 0.209711
0.3243 0.104366 0.14681
0.573141 0.123039 0.235651
0.951964 0.206955 0.225966
0.336896 0.316832 0.345693
0.725476 0.18055 0.359909
0.710333 0.135328 0.266251
0.231197 0.160652 0.0566656
0.545698 0.284359 0.14931
0.561957 0.298538 0.197527
0.58082 0.0976575 0.170483
0.174142 0.136774 0.114743
0.269826 0.290527 0.167012
0.800768 0.236214 0.196024
0.364713 0.27912 0.0978671
0.554437 0.252241 0.0986653
0.431927 0.14117 0.281904
0.831837 0.119931 0.114503
0.909827 0.256822 0.335731
0.182774 0.252255 0.383214
0.586977 0.090441 0.0851382
0.363067 0.0738456 0.101675
0.14987 0.162773 0.319208
0.402348 0.112943 0.209623
0.683834 0.243925 0.40133
0.398714 0.120784 0.229797
0.278819 0.0785645 0.147653
0.181426 0.0765309 0.0920825
0.411391 0.119646 0.226769
0.776642 0.160485 0.0866988
0.547814 0.12144 0.231404
0.78096 0.259105 0.332328
0.796893 0.0871977 0.0904152
0.470868 0.350887 0.284292
0.180906 0.152366 0.117414
0.596302 0.310282 0.324758
0.707665 0.200765 0.409628
0.741311 0.199338 0.105355
0.732109 0.131582 0.150833
0.440736 0.175642 0.0513784
0.846763 0.152198 0.06788
0.893808 0.08848 0.0995331
0.272787 0.28784 0.157556
0.489825 0.187175 0.399975
0.616605 0.121366 0.0611474
0.369808 0.279282 0.0979595
0.769384 0.189084 0.382868
0.886648 0.160172 0.293658
0.91126 0.151288 0.271028
0.591037 0.0883309 0.146577
0.656952 0.26529 0.255056
0.207867 0.300549 0.255912
0.304756 0.14639 0.0964717
0.171318 0.231654 0.391248
0.187187 0.263067 0.392736
0.122812 0.104017 0.155193
0.643604 0.160872 0.331412
0.440136 0.28143 0.386389
0.259547 0.144249 0.0501824
0.851734 0.093277 0.091717
0.488764 0.0903472 0.0841693
 0.702 0.0601381 0.133418
0.431328 0.325581 0.202758
0.181797 0.275405 0.208955
0.377971 0.0739213 0.109565
0.388385 0.337523 0.238492
0.819256 0.264415 0.29303
0.900303 0.164822 0.304821
0.0345329 0.161469 0.25828
0.186552 0.24513 0.13517
0.148301 0.104768 0.169436
0.309093 0.192876 0.389308
0.469234 0.254146 0.0679007
0.491557 0.320968 0.342585
0.53742 0.160766 0.332385
0.202559 0.164281 0.36616
0.058433 0.127741 0.185274
0.236144 0.132149 0.150612
0.481497 0.115454 0.215656
0.0569271 0.191492 0.089589
0.0384201 0.199865 0.346749
0.228465 0.165968 0.321631
0.752102 0.288285 0.372623
0.592022 0.240199 0.402386
0.519487 0.224028 0.404123
0.766452 0.130173 0.383405
0.330393 0.27783 0.0998785
0.818354 0.218891 0.386849
0.55038 0.176083 0.37181
0.570091 0.29921 0.212653
0.0401187 0.234429 0.319134
0.854334 0.110092 0.212085
0.809592 0.14646 0.0858762
0.339159 0.285247 0.383456
0.728935 0.226274 0.385938
0.774778 0.039902 0.105054
0.638411 0.27143 0.240216
0.421187 0.25565 0.401543
0.769654 0.0733843 0.121339
0.0505634 0.254721 0.308608
0.376375 0.0997858 0.0766715
0.0418475 0.178214 0.314004
0.681956 0.108891 0.0819386
0.650224 0.268817 0.255318
0.466019 0.322835 0.339709
0.536598 0.281999 0.384197
0.683825 0.133408 0.150123
0.276454 0.049169 0.154836
0.719355 0.0412991 0.129795
0.792259 0.0846242 0.0973864
0.340658 0.20195 0.0583795
0.32682 0.263923 0.401321
0.0319201 0.143197 0.145811
0.83402 0.109892 0.200259
0.407066 0.0909454 0.153066
0.790252 0.251596 0.313591
0.690014 0.0861293 0.108317
0.30896 0.122972 0.0580664
0.297707 0.176609 0.418167
0.69027 0.243012 0.372225
0.236039 0.318186 0.329721
0.624126 0.20715 0.404804
0.680566 0.224717 0.393696
0.468979 0.109802 0.201068
0.757605 0.21114 0.374008
0.655825 0.212169 0.126123
0.33766 0.305772 0.162678
0.782022 0.205727 0.326343
0.0287206 0.197955 0.271134
0.522791 0.0772008 0.0976371
0.796173 0.198266 0.352974
0.781903 0.240211 0.312936
0.550451 0.102147 0.181849
0.620789 0.30101 0.362606
0.277056 0.262553 0.341914
0.120351 0.188598 0.0650235
0.537676 0.101528 0.180188
0.477528 0.193327 0.0556682
0.211418 0.139668 0.147689
0.702995 0.258548 0.225706
0.832976 0.235197 0.202393
0.73217 0.267732 0.263811
0.198521 0.175742  0.338
0.848753 0.124567 0.249247
0.269329 0.112284 0.198573
0.297573 0.21748 0.345457
0.423886 0.346241 0.30744
0.747442 0.143151 0.42089
0.785486 0.251563 0.23188
0.869015 0.179903 0.3915
0.44313 0.157322 0.32331
0.178041 0.146003 0.113071
0.920683 0.150465 0.127944
0.172349 0.217979 0.085719
0.765332 0.152148 0.084923
0.710731 0.0549876 0.146995
0.0310072 0.151399 0.192549
0.794976 0.135257 0.125649
0.330733 0.141618 0.283625
0.863961 0.173087 0.373966
0.873654 0.0951067 0.142737
0.894734 0.125578 0.20426
0.217238 0.232512 0.393502
0.230201 0.22057 0.372986
0.873145 0.13064 0.263933
0.914155 0.236611 0.387679
0.229961 0.120809 0.155021
0.542277 0.256082 0.401387
0.387578 0.316617 0.34719
0.885931 0.215674 0.184837
0.831279 0.115025 0.216525
0.619126 0.0995047 0.175252
0.713749 0.228488 0.39885
0.309306 0.229621 0.317046
0.0479017 0.252385 0.228145
0.286654 0.0981768 0.140026
0.334173 0.218606 0.403874
0.194139 0.260374 0.163018
0.77671 0.126204 0.247266
0.0502412 0.141339 0.216316
0.112456 0.136898 0.0674994
0.871319 0.261681 0.38037
0.922307 0.179534 0.14889
0.859456 0.222307 0.396057
0.229587 0.274576 0.382232
0.377528 0.113512 0.0665872
0.196228 0.134503 0.149697
0.684158 0.217844 0.343171
0.520171 0.121148 0.0608257
0.700746 0.244961 0.325277
0.74344 0.263486 0.254333
0.770883 0.249037 0.217733
0.644503 0.184607 0.0606113
0.850465 0.173928 0.0840306
0.815469 0.119637 0.107255
0.697113 0.126011 0.239146
0.811587 0.23454 0.19547
0.50738 0.197288 0.0562446
0.515835 0.337594 0.255597
0.743556 0.0970235 0.11519
0.710076 0.273134 0.388944
0.325297 0.328627 0.223737
0.199226 0.260476 0.159038
0.428102 0.224765 0.40436
0.299271 0.221252 0.320307
0.601846 0.278257 0.196333
0.686939 0.232338 0.357033
0.0891606 0.203856 0.0995269
0.751882 0.246192 0.334324
0.44146 0.208027 0.406083
0.927449 0.162963 0.302563
0.673738 0.265989 0.242243
0.782558 0.180665 0.390212
0.73885 0.1104 0.196699
0.355467 0.0726036 0.104089
0.222162 0.114578 0.0808079
0.730604 0.214864 0.375735
0.666005 0.169244 0.0560321
0.365538 0.130704 0.255555
0.960049 0.150161 0.21481
0.168955 0.113142 0.116192
0.144771 0.288228 0.366522
0.689343 0.167268 0.341295
0.331254 0.0785621 0.121619
0.317642 0.153816 0.0514217
0.0328022 0.13682 0.140989
0.410199 0.111666 0.206278
0.262383 0.329583 0.285945
0.547214 0.319121 0.243279
0.219396 0.207912 0.377696
0.716252 0.247541 0.198552
0.159278 0.236883 0.137853
0.235159 0.167924 0.327177
0.762267 0.165796 0.0928165
0.831836 0.129257 0.138467
0.456781 0.168361 0.0523464
0.602905 0.2867 0.227072
0.955601 0.153394 0.141226
0.90705 0.190112 0.370498
0.423891 0.253894 0.401715
0.446588 0.346017 0.2624
0.728639 0.0629931 0.105657
0.477025 0.275271 0.0887718
0.750194 0.203193 0.327328
0.714347 0.0437167 0.103582
0.274355 0.144448 0.0832891
0.0415421 0.122865 0.16833
0.402417 0.313273 0.351954
0.782137 0.137074 0.124913
0.580008 0.26416 0.148817
0.780549 0.162922 0.331798
0.673921 0.245454 0.187273
0.700482 0.163681 0.392791
0.748317 0.255669 0.308378
0.194686 0.314406 0.325471
0.0358584 0.201254 0.237903
0.87313 0.0938525 0.170342
0.149718 0.160323 0.0658894
0.437381 0.257142 0.40149
0.373994 0.242314 0.0657102
0.969274 0.142573 0.246084
0.269742 0.26115 0.384928
0.964916 0.13721 0.220923
0.259029 0.20253 0.377516
0.300568 0.292048 0.143479
0.78908 0.285198 0.348564
0.249902 0.291362 0.187094
0.219451 0.242624 0.335786
0.219064 0.210443 0.348308
0.553334 0.137912 0.273754
0.0338288 0.188934 0.306692
0.746133 0.259918 0.361789
0.146555 0.262101 0.207096
0.709376 0.218897 0.402579
0.738773 0.187737 0.357174
0.322095 0.118415 0.138317
0.0672258 0.259086 0.248567
0.125664 0.123232 0.20598
0.642578 0.22461 0.140105
0.280938 0.267424 0.108438
0.0850358 0.287946 0.317473
0.757419 0.0902493 0.092237
0.913951 0.15598 0.283346
0.188792 0.312957 0.314745
0.680229 0.201219 0.338287
0.679421 0.289353 0.320841
0.569961 0.311355 0.260631
0.757458 0.186439 0.382792
0.255444 0.0767889 0.14829
0.0775612 0.271387 0.276959
0.418722 0.339293 0.240967
0.63889 0.23529 0.402725
0.299955 0.162803 0.385152
0.240271 0.0927803 0.101707
0.916409 0.164815 0.115539
0.675099 0.108269 0.187726
0.493758 0.319101 0.186972
0.497208 0.184919 0.0538028
0.768958 0.283997 0.375732
0.600855 0.184014 0.0526558
0.666165 0.282446 0.290627
0.203495 0.104184 0.137681
0.0677888 0.208067 0.384364
0.187636 0.129616 0.114533
0.062073 0.170031 0.295722
0.423136 0.245307 0.402485
0.709633 0.132884 0.260211
0.679738 0.114363 0.157527
0.266247 0.180769 0.38869
0.747164 0.185756 0.383729
0.773428 0.0644244 0.118312
0.124855 0.236774 0.165493
0.357689 0.0798336 0.124884
0.607175 0.281287 0.214519
0.812057 0.177968 0.360802
0.548469 0.15945 0.329064
0.319188 0.239057 0.0656673
0.219072 0.292643 0.2212
0.727148 0.237529 0.392105
0.617317 0.181464 0.0557511
0.672674 0.254532 0.399918
0.813202 0.147319 0.298521
0.03381 0.210006 0.338823
0.917695 0.136051 0.231211
0.221471 0.0604577 0.154725
0.524616 0.283545 0.383343
0.192498 0.241738 0.382461
0.144558 0.226171 0.124244
0.608224 0.256892 0.164358
0.793025 0.276214 0.320522
0.346068 0.286253 0.114327
0.268445 0.307392 0.216185
0.809286 0.261484 0.389682
0.178657 0.293459 0.26345
0.478289 0.147549 0.0553502
0.295746 0.320572 0.224558
0.502414 0.158201 0.325601
0.194812 0.175504 0.419399
0.051013 0.107748 0.0980646
0.198387 0.120411 0.212594
0.10936 0.176968 0.33618
0.0752371 0.155016 0.263438
0.835478 0.0914774 0.130045
0.830527 0.133017 0.135056
0.191458 0.260497 0.382459
0.849313 0.204663 0.146874
0.769729 0.156913 0.0787265
0.416568 0.293446 0.378695
0.685998 0.224485 0.329323
0.223181 0.234842 0.389771
0.716193 0.262142 0.364465
0.651932 0.287242 0.377028
0.0527055 0.203984 0.0996885
0.474823 0.292697 0.121986
0.770772 0.13764 0.276504
0.291341 0.143565 0.146174
0.415981 0.140574 0.280502
0.956364 0.179798 0.191725
0.131038 0.195638 0.0700594
0.847063 0.119886 0.0724148
0.699643 0.228518 0.398838
0.737181 0.23086 0.316571
0.117729 0.0935926 0.12592
0.717929 0.130247 0.254381
0.954123 0.225391 0.337024
0.558822 0.1346 0.0576387
0.402891 0.349723 0.279359
0.270893 0.211449 0.324117
0.725859 0.184004 0.358571
0.287479 0.164745 0.365974
0.0538515 0.270002 0.33778
0.858811 0.129812 0.0695402
0.236176 0.0723507 0.122132
0.281494 0.15775 0.368695
0.806165 0.162307 0.403897
0.731355 0.11424 0.0924815
0.717395 0.184011 0.0690142
0.0497212 0.120686 0.162996
0.0490366 0.170479 0.127162
0.411379 0.18767 0.401542
0.819137 0.272839 0.320331
0.166924 0.194109 0.366806
0.87478 0.24655  0.393
0.112277 0.125918 0.206428
0.831084 0.213323 0.157665
0.616324 0.119423 0.226599
0.320336 0.303601 0.160515
0.70369 0.236881 0.395587
0.129207 0.173274 0.065177
0.209124 0.271107 0.38485
0.272957 0.143492 0.277415
0.682311 0.257129 0.217128
0.576639 0.270496 0.15799
0.681865 0.267538 0.390572
0.0499045 0.170364 0.118555
0.189173 0.273525 0.383359
0.185528 0.166664 0.318352
0.515577 0.289229 0.379227
0.742456 0.271912 0.378749
0.207349 0.150725 0.409806
0.666034 0.247619 0.192388
0.533575 0.268624 0.106617
0.70512 0.234191 0.168851
0.167107 0.175868 0.338927
0.873131 0.17168 0.370223
0.572199 0.189403 0.0335539
0.89521 0.18072 0.345982
0.263781 0.259589 0.104646
0.29529 0.198491 0.0578594
0.319635 0.284325 0.114748
0.115308 0.181375 0.350363
0.721881 0.24353 0.342758
0.308989 0.199318 0.363821
0.873316 0.130938 0.254685
0.419726 0.352986 0.290025
0.733315 0.260678 0.372201
0.833888 0.197203 0.357108
0.356422 0.242843 0.402672
0.270605 0.139415 0.269341
0.71913 0.162117 0.0582918
0.287911 0.0921108 0.142395
0.949892 0.145045 0.208218
0.241583 0.29955 0.219496
0.835315 0.265785 0.303998
0.279676 0.311151 0.216237
0.444114 0.322806 0.339466
0.833247 0.216667 0.382972
0.171609 0.109204 0.165887
0.357445 0.274493 0.390314
0.965449 0.211525 0.300213
0.816116 0.0969397 0.140583
0.633587 0.284103 0.379565
0.29782 0.186205 0.0525745
0.57616 0.318078 0.308603
0.938143 0.203176 0.350406
0.817001 0.115127 0.108653
0.873769 0.134352 0.236802
0.0672043 0.109387 0.142285
0.387574 0.141893 0.284122
0.246097 0.317784 0.269603
0.446614 0.0799105 0.124392
0.73947 0.109133 0.108202
0.873034 0.0986689 0.0902042
0.872675 0.143303 0.297489
0.472577 0.227961 0.4042
0.411692 0.134233 0.264246
0.798915 0.26326 0.376805
0.783497 0.130319 0.151324
0.64774 0.176985 0.372614
0.53522 0.295995 0.160921
0.763704 0.139715 0.147671
0.663721 0.291777 0.327178
0.191135 0.167566 0.411182
0.832268 0.125799 0.132025
0.464486 0.34035 0.243575
0.482126 0.170777 0.0525391
0.925874 0.121243 0.193171
0.37806 0.185604 0.396505
0.508592 0.336637 0.24224
0.957677 0.201967 0.320599
0.365013 0.299998 0.143503
0.757997 0.12373 0.0972556
0.0600063 0.16098 0.271473
0.633903 0.157427 0.0567496
0.462026 0.291236 0.117551
0.364271 0.347877 0.30544
0.223882 0.192494 0.355307
0.670189 0.259123 0.220673
0.128207 0.283537 0.285395
0.179454 0.233634 0.331716
0.287741 0.179737 0.336447
0.622508 0.300289 0.368009
0.749834 0.257017 0.235593
0.182459 0.0672477 0.106485
0.602609 0.196199 0.403541
0.21793 0.232585 0.315879
0.568755 0.317868 0.37103
0.748223 0.156083 0.075002
0.26716 0.0617019 0.109118
0.939325 0.226111 0.26734
0.525681 0.337937 0.28146
0.614615 0.122277 0.0604426
0.808853 0.155193 0.376113
0.618064 0.15451 0.316639
0.603132 0.171553 0.360461
0.522204 0.150854 0.0548514
0.452065 0.0937211 0.0814
0.873409 0.127107 0.239345
0.571762 0.172286 0.362173
0.19722 0.27273 0.188127
0.601768 0.225041 0.403496
0.863526 0.251431 0.270922
0.773165 0.155858 0.31691
0.524593 0.0853982 0.138675
0.162394 0.308364 0.333124
0.300198 0.232265 0.377021
0.32176 0.271088 0.396567
0.30771 0.189531 0.404141
0.332813 0.223458 0.403757
0.778901 0.155999 0.0788181
0.261244 0.114952 0.20573
0.376414 0.288317 0.116008
0.169226 0.111982 0.109673
0.437696 0.186827 0.399161
0.561167 0.264607 0.126909
0.45062 0.150767 0.306408
0.22936 0.312655 0.270939
0.141359 0.235094 0.148111
0.464246 0.167502 0.349294
0.217984 0.11949 0.213742
0.835209 0.0885636 0.100571
0.679545 0.216168 0.386805
0.821993 0.146432 0.0647918
0.677696 0.0901827 0.0925455
0.797082 0.117445 0.221019
0.814204 0.0693044 0.129663
0.823688 0.159361 0.138942
0.538782 0.269784 0.392487
0.0493441 0.240929 0.267745
0.755434 0.248053 0.208324
0.047126 0.187809 0.172531
0.309876 0.127435 0.245181
0.376531 0.331337 0.223126
0.238516 0.0263805 0.120752
0.357914 0.309907 0.170161
0.581652 0.307328 0.269707
0.12644 0.274036 0.260612
0.297023 0.231574 0.39765
0.684437 0.217802 0.332887
0.9332 0.13051 0.12663
0.431049 0.0865021 0.0867887
0.175908 0.224366 0.321003
0.642147 0.202331 0.0992064
0.3381 0.131617 0.257928
0.366941 0.277871 0.095217
0.705123 0.265604 0.395866
0.361689 0.324407 0.336755
0.140871 0.183578 0.368326
0.766549 0.148845 0.302125
0.824574 0.251825 0.394636
0.31105 0.138617 0.27118
0.324476 0.188328 0.366155
0.268627 0.221246 0.0650655
0.501863 0.0997607 0.17545
0.798898 0.163123 0.421562
0.270454 0.182548 0.388497
0.275709 0.136587 0.264071
0.38749 0.184649 0.393975
0.272214 0.212878 0.0614287
0.514651 0.346327 0.295238
0.19468 0.146721 0.0779804
0.235289 0.129596 0.246288
0.195857 0.185457 0.0583748
0.544743 0.333408 0.308793
0.565321 0.324541 0.318332
0.0346775 0.202148 0.335299
0.151957 0.235253 0.139899
0.961946 0.165982 0.304674
0.857412 0.0763618 0.125442
0.829652 0.223828 0.337106
0.25797 0.204688 0.350583
0.914779 0.239064 0.346322
0.959708 0.197949 0.233127
0.651431 0.204721 0.113399
0.690339 0.203001 0.372037
0.220728 0.214388 0.322975
0.266622 0.139477 0.269266
0.610557 0.100918 0.179024
0.17005 0.294835 0.27605
0.50835 0.173656 0.365343
0.266862 0.236265 0.392061
0.760992 0.11928 0.155615
0.698918 0.141689 0.280969
0.306644 0.248509 0.357328
0.525898 0.188808 0.0543799
0.354625 0.276251 0.0924932
0.043397 0.160079 0.122739
0.68427 0.224495 0.368169
0.284503 0.171711 0.339568
0.83418 0.0992345 0.0846189
0.832835 0.25836 0.388351
0.720438 0.0894002 0.106063
0.694049 0.157318 0.318888
0.83452 0.190519 0.36332
0.883568 0.120969 0.193134
0.693847 0.152082 0.0570855
0.653328 0.232783 0.164985
0.0732983 0.227139 0.164021
0.163994 0.253218 0.171933
0.729512 0.275495 0.390647
0.615302 0.109413 0.0704779
0.233115 0.0602796 0.154778
0.141974 0.284512 0.274322
0.241633 0.0288479 0.127045
0.927935 0.156311 0.118821
0.334485 0.177746 0.376445
0.266462 0.16577 0.327022
0.933683 0.231699 0.278099
0.211072 0.307256 0.272839
0.767012 0.0627532 0.121206
0.389996 0.268532 0.0751056
0.248632 0.0636596 0.123849
0.0534136 0.265603 0.347297
0.341312 0.343943 0.267382
0.857662 0.0942353 0.171364
0.659315 0.173338 0.362555
0.399959 0.274406 0.392418
0.251603 0.239906 0.313004
0.192634 0.155603 0.369479
0.754744 0.283345 0.328214
0.196156 0.0977873 0.0826144
0.281328 0.140539 0.0501306
0.137668 0.163568 0.315377
0.564892 0.174973 0.369038
0.830349 0.12014 0.106614
0.331114 0.107015 0.194722
0.434686 0.340161 0.242054
0.416001 0.315395 0.177867
0.229971 0.121059 0.100161
0.219287 0.312171 0.279463
0.634745 0.289675 0.314019
0.180851 0.104664 0.0941287
0.100469 0.232476 0.390779
0.39864 0.319203 0.189802
0.861091 0.120363 0.238503
0.154277 0.219925 0.101479
0.554189 0.22176 0.404009
0.686449 0.125097 0.0889163
0.429265 0.310369 0.163335
0.95154 0.131774 0.222738
0.0520347 0.209215 0.115538
0.193795 0.20152 0.351668
0.835105 0.0956938 0.125676
0.611247 0.265831 0.183155
0.137104 0.224315 0.395801
0.284813 0.0384149 0.112676
0.0303131 0.175435 0.26182
0.478871 0.22604 0.404315
0.751187 0.248413 0.335186
0.771894 0.184299 0.358507
0.137891 0.103293 0.160629
0.0379352 0.220185 0.379402
0.906012 0.0912283 0.115754
0.443441 0.344083 0.310375
0.945356 0.175037 0.3322
0.581226 0.177199 0.0310947
0.0401175 0.173874 0.302896
0.897959 0.114748 0.0789138
0.377705 0.0770722 0.117662
0.874366 0.204632 0.15857
0.284355 0.303557 0.188826
0.743627 0.294188 0.362041
0.600883 0.300635 0.367349
0.242396 0.161865 0.139059
0.752027 0.229408 0.340905
0.572944 0.195377 0.0441671
0.431678 0.348659 0.304191
0.771045 0.217137 0.345705
0.198083 0.170254 0.326851
0.348627 0.267254 0.395699
0.043638 0.168739 0.287971
0.933808 0.241657 0.380742
0.0728819 0.263338 0.257638
0.352418 0.0835538 0.134443
0.60242 0.274979 0.190902
0.63749 0.273184 0.245777
0.147659 0.249681 0.177529
0.606358 0.169123 0.0536984
0.111965 0.300341 0.343762
0.557048 0.150769 0.306808
0.239774 0.140029 0.41334
0.860598 0.150066 0.0689691
0.465566 0.192433 0.403633
0.922271 0.227718 0.302723
0.223794 0.0769671 0.119746
0.46858 0.174121 0.366318
0.187461 0.290202 0.368667
0.733851 0.240655 0.186923
0.720536 0.256627 0.223502
0.592626 0.22553 0.0896073
0.287518 0.0640769 0.0957204
0.295348 0.121018 0.154939
0.901224 0.189336 0.36796
0.66019 0.194197 0.40224
0.0997827 0.145078 0.0666658
0.307548 0.175136 0.367423
0.126344 0.17387 0.0651394
0.0618512 0.22773 0.203414
0.0496722 0.127367 0.0855947
0.778415 0.129581 0.257342
0.754962 0.183259 0.130741
0.384777 0.268644 0.0755772
0.840909 0.189575 0.112799
0.296184 0.158098 0.0987633
0.802069 0.246918 0.223213
0.774068 0.143786 0.146088
0.261981 0.125596 0.23656
0.807958 0.085046 0.087568
0.45967 0.117858 0.221781
0.730013 0.291453 0.344984
0.890464 0.134804 0.228238
0.873227 0.1383 0.278825
0.525334 0.0917381 0.0833939
0.440295 0.340103 0.315775
0.0521642 0.235841 0.25296
0.561326 0.179604 0.380916
0.26657 0.303401 0.206101
0.203994 0.180462 0.131829
0.72236 0.162108 0.0936707
0.0525448 0.152429 0.0833304
0.146238 0.125811 0.222505
0.275576 0.215274 0.384184
0.316148 0.157825 0.316324
0.243131 0.194935 0.0552262
0.749538 0.256573 0.387931
0.707234 0.104292 0.180564
0.790174 0.0428798 0.135706
0.48304 0.104365 0.187176
0.367911 0.337338 0.240244
0.74721 0.197916 0.32938
0.30261 0.145849 0.0903434
0.958232 0.194937 0.311625
0.781561 0.130177 0.151379
0.399553 0.170326 0.357076
0.762732 0.181123 0.359769
0.711561 0.191459 0.413246
0.898403 0.134536 0.227041
0.473735 0.213374 0.4055
0.417596 0.0982247 0.0777666
0.75974 0.175588 0.0632276
0.32311 0.206541 0.384989
0.902467 0.184582 0.355848
0.679014 0.293101 0.336722
0.160125 0.153742 0.0655806
0.882218 0.168111 0.0881075
0.882469 0.264092 0.33122
0.792677 0.239761 0.394467
0.168516 0.220175 0.397831
0.0550608 0.171674 0.0898443
0.61563 0.254621 0.167459
0.71823 0.155615 0.0856487
0.7136 0.17811 0.130927
0.304697 0.305382 0.365721
0.780986 0.0983162 0.139903
0.878956 0.171026 0.322036
0.709776 0.0460345 0.121262
0.792545 0.164118 0.102578
0.823721 0.194174 0.11768
0.653757 0.208658 0.114456
0.25452 0.292079 0.184858
0.232648 0.179752 0.114688
0.75376 0.187942 0.0852586
0.400805 0.0875742 0.0857979
0.705041 0.0481329 0.112194
0.353957 0.351957 0.291412
0.733346 0.0923152 0.114866
0.921876 0.221905 0.21742
0.676512 0.265303 0.240732
0.937597 0.21154 0.356252
0.785416 0.145699 0.145344
0.699759 0.15795 0.32087
0.390418 0.158155 0.32588
0.945272 0.151456 0.122445
0.734304 0.055183 0.102997
0.147048 0.129061 0.0688113
0.132073 0.175353 0.342959
0.388933 0.0866289 0.0864514
0.445338 0.308615 0.358877
0.236962 0.130437 0.0699206
0.256996 0.0405249 0.153315
0.262302 0.283898 0.385715
0.559797 0.296626 0.188291
0.66153 0.233903 0.173958
0.642797 0.227547 0.145533
0.341784 0.149157 0.302994
0.0831158 0.178871 0.328496
0.726076 0.131504 0.150863
0.0814605 0.293024 0.353734
0.469903 0.0966949 0.167397
0.73484 0.104235 0.180138
0.75701 0.175645 0.389582
0.810825 0.257931 0.264277
0.432341 0.313535 0.171156
0.826565 0.176568 0.0815767
0.228991 0.247908 0.106378
0.833722 0.216105 0.392863
0.588637 0.262797 0.3966
0.725281 0.117044 0.214723
0.216622 0.147862 0.416887
0.279866 0.222973 0.343384
0.92118 0.246381 0.368753
0.155352 0.122256 0.217757
0.0995601 0.241987 0.389881
0.0312547 0.148685 0.14629
0.688747 0.109141 0.193803
0.67974 0.1991 0.341589
0.182043 0.11263 0.104823
0.0561973 0.272865 0.278893
0.82001 0.103103 0.17704
0.968252 0.200599 0.278577
0.0685102 0.262545 0.257127
0.0445447 0.210632 0.381157
0.28256 0.202102 0.405277
0.661088 0.19378 0.0794187
0.782595 0.110957 0.198724
0.168944 0.119169 0.141964
0.25792 0.101938 0.112404
0.296859 0.275802 0.112806
0.887824 0.243202 0.392532
0.833003 0.20859 0.353003
0.777611 0.0286364 0.11627
0.369346 0.299925 0.14282
0.161794 0.110812 0.079068
0.523118 0.0975402 0.169863
0.0638137 0.131595 0.197739
0.432011 0.181063 0.384398
0.867981 0.218019 0.39563
0.0489823 0.246747 0.225466
0.348122 0.311594 0.17606
0.246704 0.129642 0.386396
0.215644 0.0479618 0.155941
0.789258 0.142311 0.393389
0.849535 0.136255 0.279278
0.776642 0.140823 0.375254
0.765958 0.271655 0.376049
0.331594 0.139391 0.277902
0.646087 0.243536 0.177113
0.769899 0.1109 0.134972
0.887063 0.198563 0.152374
0.332962 0.313853 0.349924
0.771981 0.133527 0.150077
0.575594 0.271806 0.159413
0.963388 0.176083 0.255224
0.452588 0.342213 0.31305
0.749053 0.0286368 0.109434
0.758077 0.124139 0.238814
0.0493052 0.154145 0.248785
0.0364976 0.184497 0.310256
0.898949 0.18615 0.359733
0.242127 0.172353 0.363152
0.909493 0.139813 0.240799
0.631556 0.300869 0.355967
0.789735 0.164795 0.365985
0.797729 0.0426065 0.119899
0.678946 0.218907 0.129624
0.266121 0.32064 0.256106
0.932914 0.157028 0.146274
0.168089 0.119363 0.206756
0.460723 0.213579 0.0599126
0.70545 0.10647 0.160595
0.400346 0.351982 0.299549
0.522402 0.152849 0.0545707
0.717061 0.27341 0.277305
0.270169 0.254627 0.361853
0.390091 0.166361 0.346967
0.761918 0.17864 0.0680908
0.182678 0.157503 0.122491
0.240101 0.208179 0.399921
0.858074 0.251957 0.268366
0.0768768 0.266536 0.373024
0.945772 0.210118 0.358789
0.963119 0.126735 0.20165
0.465764 0.305819 0.362964
0.354137 0.294464 0.130302
0.714595 0.25279 0.328244
0.177468 0.132463 0.0903673
0.154227 0.145264 0.0666681
0.714463 0.157051 0.14093
0.493719 0.151858 0.0547817
0.400118 0.117417 0.221134
0.228161 0.18214 0.386915
0.631055 0.199886 0.0834015
0.359678 0.32068 0.197678
0.688471 0.231491 0.337952
0.792258 0.246165 0.391977
0.310933 0.14839 0.144298
0.669398 0.262181 0.229791
0.498688 0.276195 0.388521
0.418567 0.222633 0.40459
0.0395301 0.112967 0.123701
0.0911669 0.157561 0.2776
0.276305 0.136035 0.263021
0.236596 0.230162 0.340607
0.935547 0.219038 0.304898
0.323922 0.107005 0.146389
0.927364 0.140685 0.108498
0.833246 0.10529 0.185362
0.621259 0.138263 0.2747
0.602414 0.2439 0.133678
0.954783 0.168569 0.171292
0.827744 0.138586 0.279925
0.269054 0.332417 0.310146
0.155843 0.214264 0.0890479
0.602774 0.0948773 0.163461
0.334081 0.0806429 0.126965
0.962214 0.215406 0.303583
0.725202 0.150004 0.0695389
0.486693 0.297071 0.373484
0.833638 0.156908 0.318648
0.374286 0.209961 0.406196
0.480556 0.138998 0.276143
0.767405 0.2472 0.335459
0.887973 0.151511 0.0721882
0.199189 0.158438 0.4124
0.618339 0.144866 0.291844
0.428911 0.0789238 0.122002
0.221498 0.13826 0.148236
0.487793 0.098799 0.0777151
0.871517 0.130444 0.264448
0.439501 0.0830442 0.132501
0.188733 0.123178 0.220406
0.915767 0.257853 0.366916
0.367002 0.202515 0.406216
0.412402 0.337219 0.234672
0.302407 0.251181 0.34972
0.386879 0.127587 0.247372
0.185954 0.163151 0.138559
0.238569 0.24542 0.388541
0.375936 0.352966 0.295577
0.942018 0.152784 0.123207
0.780694 0.168276 0.101938
0.612386 0.157952 0.0551713
0.216986 0.213443 0.0707362
0.946781 0.193884 0.367394
0.0337572 0.156615 0.245695
0.357894 0.233577 0.0640731
0.850606 0.104371 0.0827826
0.14871 0.125992 0.0705665
0.288138 0.32465 0.24275
0.710759 0.145502 0.113213
0.930467 0.106495 0.155349
0.5738 0.293355 0.199851
0.198202 0.209495 0.348583
0.330869 0.110538 0.0687642
0.32106 0.150471 0.300096
0.859946 0.1614 0.343926
0.218884 0.261302 0.385299
0.693474 0.288365 0.320318
0.315398 0.231244 0.346562
0.273882 0.195009 0.0552614
0.823784 0.170758 0.339938
0.0593893 0.172596 0.07408
0.577467 0.121908 0.232769
0.655926 0.226978 0.403687
0.566138 0.184333 0.0341308
0.76151 0.253307 0.343599
0.73511 0.249854 0.309151
0.358034 0.15607 0.320755
0.872686 0.247381 0.263026
0.820007 0.188753 0.384677
0.240186 0.239155 0.313299
0.860012 0.0954162 0.0909611
0.482576 0.247963 0.0667318
0.370414 0.283288 0.387393
0.121479 0.102325 0.150196
0.114407 0.172633 0.0655518
0.349179 0.31821 0.19292
0.77215 0.25551 0.239545
0.251422 0.159328 0.309831
0.578692 0.144697 0.291328
0.912391 0.178222 0.128324
0.644269 0.298999 0.351058
0.790813 0.198293 0.395226
0.780108 0.11593 0.133064
0.773149 0.121014 0.230205
0.550497 0.167764 0.350435
0.909831 0.177723 0.125111
0.822768 0.1242 0.153703
0.283228 0.0930145 0.142024
0.364424 0.223796 0.404724
0.804993 0.163836 0.114248
0.726962 0.149463 0.0677629
0.242339 0.277676 0.386912
0.708597 0.0878366 0.086483
0.734867 0.135366 0.393207
0.726271 0.0326026 0.118288
0.927475 0.11286 0.171657
0.195016 0.0476424 0.114345
0.273598 0.128005 0.152223
0.783481 0.181841 0.394287
0.650755 0.25791 0.209317
0.523083 0.314147 0.185364
0.117262 0.231775 0.159128
0.65618 0.256207 0.213834
0.633464 0.129363 0.251081
0.214344 0.153722 0.294504
0.927479 0.225486 0.302787
0.933065 0.197097 0.38669
0.0771523 0.270647 0.370413
0.131172 0.136902 0.24375
0.679921 0.107943 0.10847
0.593255 0.103442 0.185414
0.274928 0.229398 0.0668803
0.192696 0.152146 0.0901664
0.572031 0.126382 0.244235
0.428301 0.184775 0.393965
0.153892 0.262239 0.200484
0.899714 0.265162 0.373999
0.521402 0.0871396 0.143132
0.263733 0.122752 0.154265
0.49559 0.123271 0.23582
0.0928715 0.104836 0.142831
0.751634 0.266515 0.379107
0.566642 0.165185 0.343898
0.126832 0.298379 0.330343
0.322091 0.237212 0.0652735
0.302203 0.179653 0.413374
0.546459 0.283458 0.148349
0.523849 0.32743 0.332515
0.579352 0.18575 0.036026
0.0491161 0.115879 0.150357
0.566826 0.314898 0.27015
0.056255 0.167907 0.0782238
0.873273 0.254122 0.290702
0.753673 0.2098 0.128472
0.630098 0.279951 0.258642
0.156606 0.155791 0.304512
0.405821 0.12773 0.0572918
0.221291 0.254197 0.356731
