0.0818765 0.2412 0.377744
0.299287 0.170007 0.0714428
0.0467379 0.201628 0.550895
0.406427 0.132855 0.465087
0.126935 0.0702667 0.600866
0.364289 0.0797367 0.119372
0.156302 0.274072 0.407961
0.0405105 0.0778066 0.495823
0.0366543 0.116013 0.22048
0.0589282 0.134228 0.226141
0.393247 0.12229 0.230708
0.325197 0.200969 0.836192
0.347451 0.27463 0.463639
0.22158 0.0832512 0.106571
0.29434 0.0700085 0.335037
0.202478 0.0977741 0.0406992
0.371441 0.0688622 0.102003
0.36356 0.272974 0.595735
0.377139 0.231303 0.475014
0.0386899 0.144834 0.188745
0.40166 0.107756 0.404544
0.156112 0.0726891 0.831314
0.337871 0.220684 0.748622
0.0554253 0.0674017 0.692226
0.400481 0.145071 0.200097
0.26375 0.0774721 0.879528
0.0926037 0.0792741 0.705903
0.400133 0.16726 0.529657
0.297733 0.251756 0.714151
0.266541 0.228579 0.75214
0.0811919 0.245425 0.383112
0.0363928 0.16428 0.298631
0.270041 0.0720337 0.813348
0.359106 0.103198 0.0584241
0.190247 0.201243 0.277969
0.0316135 0.115868 0.391146
0.30145 0.070134 0.464565
0.0367024 0.148119 0.792942
0.247084 0.279948 0.443239
0.373464 0.0513087 0.80388
0.143967 0.1794 0.09901
0.40536 0.129113 0.554729
0.348255 0.093345 0.0452024
0.0316718 0.106489 0.624505
0.172729 0.0701314 0.461416
0.34582 0.0259939 0.178895
0.0304264 0.128375 0.713937
0.291379 0.221814 0.758578
0.287474 0.0699407 0.264951
0.0913414 0.125304 0.74242
0.0775589 0.146362 0.767772
0.183463 0.262368 0.699643
0.405245 0.0938907 0.142097
0.293336 0.0710751 0.736355
0.383565  0.114 0.0878217
0.343491 0.0605597 0.198383
0.0735781 0.182757 0.919355
0.354072 0.146894 0.769692
0.175192 0.282567 0.612767
0.22868 0.166665 0.957743
0.0857698 0.0278315 0.159571
0.203594 0.0700868 0.415447
0.0924965 0.0555573 0.713388
0.0385111 0.0835605 0.524681
0.0986505 0.0641106 0.224117
0.253316 0.187962 0.124604
0.0841482 0.275958 0.63243
0.2872 0.160244 0.955189
0.0839361 0.230528 0.364126
0.300341 0.195502 0.233134
0.0910967 0.0924205 0.822988
0.0668066 0.0700047 0.292373
0.355487 0.143764 0.170078
0.388195 0.155705 0.0761667
0.399643 0.103522 0.470696
0.339731 0.282392 0.561018
0.138827 0.0700397 0.366636
0.13364 0.120091 0.953838
0.0964405 0.152096 0.0554266
0.399941 0.123457 0.663067
0.403715 0.135186 0.611452
0.101096 0.183094 0.930981
0.338079 0.116542 0.245685
0.223217 0.0701211 0.451024
0.0548655 0.110866 0.0972856
0.0840507 0.142322 0.752253
0.391649 0.155339 0.770277
0.342696 0.0390859 0.177348
0.115459 0.124393 0.187854
0.343233 0.143398 0.167705
0.103171 0.215655 0.756323
0.176988 0.154926 0.953757
0.0649434 0.145255 0.194355
0.0974732 0.182264 0.13279
0.243186 0.0699556 0.280252
0.0375722 0.15725 0.203119
0.207147 0.188576 0.927268
0.0784161 0.121451 0.126431
0.401134 0.105406 0.388355
0.172546 0.0775606 0.18122
0.176147 0.186706 0.927625
0.0382217 0.0729929 0.156429
0.315674 0.281896 0.591426
0.208295 0.188286 0.11745
0.293306 0.283337 0.577568
0.272748 0.0770316 0.876152
0.188972 0.0702014 0.533758
0.0455547 0.20677 0.694808
0.0677415 0.0805358 0.8824
0.142309 0.265678 0.397938
0.243163 0.0718067 0.794708
0.115309 0.135335 0.196527
0.0947451 0.0702934 0.536881
0.184138 0.0701071 0.436327
0.10029 0.0913334 0.673584
0.253776 0.181525 0.943429
0.0492154 0.180926 0.254714
0.0396665 0.144332 0.202979
0.0930457 0.0699599 0.268505
0.325778 0.0841167 0.140182
0.178376 0.238793 0.358232
0.296198 0.110984 0.97304
0.0466449 0.153765 0.848362
0.337077 0.0291032 0.765517
0.0773423 0.141683 0.735834
0.162651 0.0699692 0.293902
0.0524958 0.112665 0.103368
0.399885 0.171423 0.464474
0.0600174 0.085645 0.0833045
0.150663 0.197927 0.261564
0.265555 0.0699853 0.310934
0.129789 0.191938 0.903312
0.372292 0.118779 0.685514
0.153664 0.194222 0.897502
0.0730687 0.0701883 0.391029
0.347029 0.196293 0.868313
0.204428 0.285303 0.572044
0.0904761 0.142114 0.743766
0.161816 0.0782122 0.174976
0.385425 0.11655 0.119735
0.0381812 0.0828556 0.158711
0.38981 0.174615 0.136805
0.135024 0.0706444 0.699661
0.0500995 0.050044 0.798759
0.077377 0.123918 0.953266
0.294766 0.070253 0.587402
0.324361 0.0699962 0.31713
0.382503 0.112186 0.858926
0.0532386 0.141769 0.76699
0.397831 0.161447 0.674995
0.136404 0.164561 0.0544722
0.233408 0.175992 0.958229
0.0853257 0.277834 0.614429
0.106812 0.0978306 0.674266
0.0905982 0.0994274 0.776828
0.270706 0.274434 0.674716
0.159102 0.202719 0.849835
0.25148 0.280197 0.63647
0.363902 0.208461 0.757139
0.335629 0.0532131 0.719489
0.224629 0.0701432 0.473755
0.139181 0.0702436 0.577152
0.404672 0.146688 0.167389
0.36583 0.179752 0.136249
0.344273 0.172191 0.0875243
0.0908328 0.0975113 0.803701
0.203419 0.0933331 0.0368628
0.326618 0.0703236 0.619214
0.380871 0.129005 0.838693
0.341879 0.0699616 0.271464
0.396949 0.182359 0.54627
0.24405 0.0700998 0.429119
0.306805 0.210732 0.331028
0.309885 0.211356 0.767925
0.0793016 0.136472 0.794778
0.397301 0.0963884 0.494457
0.152131 0.198892 0.87379
0.245278 0.19381 0.166088
0.394536 0.145376 0.196876
0.159305 0.0700989 0.427778
0.216966 0.180132 0.0841296
0.107747 0.0811991 0.799212
0.388176 0.183026 0.286791
0.326131 0.0891398 0.112973
0.208935 0.111069 0.974208
0.0676102 0.268828 0.490682
0.0417363 0.0810996 0.325866
0.330706 0.193478 0.215576
0.337518 0.0701734 0.41849
0.387989 0.104088 0.813782
0.0272792 0.123901 0.58849
0.0778775 0.0699887 0.283837
0.149969 0.280376 0.628147
0.0967501 0.114479 0.818529
0.14916 0.0699829 0.308023
0.0347902 0.18011 0.502382
0.398197 0.0945265 0.0871219
0.0905978 0.0819334 0.776907
0.107727 0.09601 0.800616
0.186198 0.0743151 0.847926
0.30742 0.113873 0.0505902
0.322503 0.192991 0.895172
0.0379153 0.188802 0.444008
0.253629 0.086005 0.934889
0.366882 0.140878 0.784495
0.377843 0.224309 0.589013
0.391852 0.0840232 0.242196
0.261735 0.204789 0.312945
0.217548 0.0701212 0.451071
0.352828 0.0753641 0.860547
0.386849 0.175488 0.777536
0.36242 0.148076 0.764295
0.0410137 0.0764503 0.486507
0.265511 0.124486 0.0478129
0.0605458 0.143255 0.924035
0.116479 0.0699889 0.314061
0.15971 0.0703001 0.635478
0.030058 0.111951 0.564286
0.2552 0.275561 0.41146
0.0513371 0.202237 0.342737
0.269677 0.102515 0.043438
0.326475 0.0701768 0.479209
0.397237 0.149641 0.726085
0.0835594 0.195755 0.872351
0.0325245 0.168311 0.485631
0.0752272 0.0735685 0.116905
0.268711 0.0700114 0.337875
0.139548 0.0703013 0.636657
0.3984 0.0771924 0.710676
0.0269163 0.124553 0.573906
0.0704908 0.274621 0.578066
0.33476 0.201049 0.82717
0.0518673 0.225033 0.646078
0.156716 0.070145 0.475411
0.0992259 0.141741 0.155503
0.23887 0.0699448 0.269086
0.135695 0.119179 0.0508555
0.380871 0.110805 0.124469
0.253714 0.0701841 0.516138
0.050527 0.156443 0.0987823
0.400903 0.123307 0.642549
0.315017 0.197482 0.268111
0.29302 0.0753309 0.859442
0.226291 0.0700598 0.387746
0.372112 0.240337 0.671126
0.325552 0.0816422  0.145
0.125551 0.082596 0.133445
0.261045 0.070143 0.473775
0.0342713 0.117173 0.244397
0.39042 0.110497 0.697852
0.170817 0.267801 0.690368
0.135295 0.19861 0.871582
0.395065 0.137368 0.713965
0.117851 0.0725411 0.227505
0.238714 0.123309 0.0467062
0.252811 0.194544 0.177922
0.0689267 0.12967 0.692891
0.231034 0.161904 0.954476
0.282195 0.225959 0.347774
0.338639 0.0703254 0.558379
0.0906756 0.0680547 0.771366
0.374295 0.17391 0.856396
0.118105 0.0773105 0.876931
0.329981 0.070037 0.326971
0.143613 0.20656 0.7993
0.174265 0.283259 0.483722
0.13109 0.0701292 0.458977
0.194689 0.197393 0.232734
0.396511 0.0592075 0.770984
0.160158 0.0721213 0.819045
0.181496 0.0702036 0.536037
0.36699 0.156734 0.895968
0.0722611 0.0701701 0.381274
0.105614 0.0700714 0.356064
0.27085 0.0703583 0.678284
0.0839609 0.124192 0.687322
0.403128 0.127202 0.60337
0.354937 0.10149 0.813904
0.379459 0.222458 0.404154
0.265912 0.27654 0.421368
0.20874 0.0888141 0.047825
0.342644 0.042332 0.181709
0.337779 0.123919 0.955847
0.382091 0.116156 0.0670486
0.292694 0.198075 0.266087
0.153108 0.0800938 0.157241
0.264954 0.284779 0.53536
0.215587 0.0710018 0.729479
0.0903361 0.140844 0.777959
0.301109 0.070044 0.371716
0.167246 0.207808 0.804471
0.401857 0.159958 0.477855
0.259462 0.0699648 0.289807
0.11149 0.186959 0.156314
0.181026 0.0699646 0.289216
0.380571 0.105579 0.839072
0.254178 0.282444 0.61628
0.246241 0.212094 0.322596
0.118571 0.0700438 0.37075
0.108309 0.074207 0.845842
0.220101 0.0827697 0.918958
0.230536 0.0679691 0.0899981
0.132513 0.280571 0.470575
0.323363 0.198527 0.309922
0.0817256 0.277897 0.554799
0.0818476 0.08631 0.238139
0.277701 0.284445 0.529077
0.395884 0.190763 0.393839
0.0473901 0.0700846 0.335111
0.353112 0.192306 0.291226
0.304634 0.0814187 0.913594
0.21543 0.0788279 0.890517
0.318183 0.123523 0.698907
0.295017 0.243645 0.372697
0.0290483 0.148574 0.670887
0.339169 0.184711 0.150469
0.234945 0.0708504 0.717508
0.363783 0.141288 0.734969
0.389041 0.170725 0.112146
0.229846 0.0914014 0.0434724
0.359313 0.127636 0.0666645
0.148294 0.189182 0.138768
0.0368862 0.201522 0.684809
0.105767 0.0701463 0.44013
0.244584 0.196554 0.892146
0.260455 0.0714738 0.768085
0.0538256 0.229462 0.586768
0.406888 0.14927 0.202108
0.405363 0.0657851 0.130402
0.386099 0.0701324 0.363617
0.393708 0.108959 0.0789479
0.12751 0.0933346 0.0371207
0.402916 0.11058 0.321166
0.389303 0.0727588 0.695162
0.286679 0.0700148 0.341476
0.0324262 0.180478 0.671263
0.0771072 0.257619 0.403284
0.255331 0.0703239 0.660408
0.162368 0.077347 0.877045
0.401178 0.109405 0.480422
0.261294  0.214 0.774824
0.10208 0.201784 0.825528
0.0375856 0.0315379 0.192136
0.32556 0.132875 0.80704
0.129789 0.211115 0.329293
0.0907485 0.05633 0.76324
0.283477 0.115349 0.974029
0.0925699 0.180633 0.123632
0.0769393 0.0703464 0.488223
0.267416 0.138175 0.0442272
0.395901 0.140902 0.730922
0.211928 0.214061 0.320705
0.390318 0.201404 0.683891
0.318358 0.0804517 0.156051
0.382215 0.121612 0.123984
0.120106 0.0697147 0.0849974
0.0486302 0.208361 0.535458
0.282522 0.180372 0.941472
0.115122 0.120499 0.95265
0.0328425 0.169052 0.716638
0.038215 0.0985766 0.156903
0.371029 0.244031 0.675138
0.267736 0.0881681 0.938575
0.121631 0.0702601 0.594048
0.130475 0.0701355 0.465487
0.0982722 0.101002 0.187273
0.0849451 0.0863394 0.673119
0.224534 0.0752481 0.857729
0.398104 0.140349 0.701986
0.0554288 0.0705769 0.614241
0.303508 0.103235 0.0483345
0.0519376 0.0368579 0.140197
0.195506 0.0718001 0.235453
0.348999 0.277126 0.527657
0.0900873 0.0760894 0.822841
0.252678 0.0750933 0.205363
0.325889 0.0880494 0.131448
0.0440022 0.173774 0.242491
0.334655 0.0819063 0.805128
0.0679142 0.0703682 0.48765
0.370598 0.249257 0.583011
0.168132 0.0708744 0.718618
0.0609624 0.0756662 0.822463
0.379876 0.0700187 0.302474
0.325122 0.0895525 0.189056
0.041423 0.0802793 0.368826
0.332308 0.11432 0.821635
0.0628298 0.141452 0.732974
0.371399 0.250565 0.483562
0.300915 0.119911 0.972673
0.272415 0.0702484 0.58255
0.380517 0.189723 0.315747
0.0328758 0.165053 0.430029
0.040605 0.0265504 0.756184
0.0655152 0.089971 0.0633058
0.0553719 0.147963 0.174206
0.34444 0.10764 0.115277
0.0666749 0.2582 0.410134
0.312163 0.070018 0.344871
0.385846 0.146546 0.738055
0.0423151 0.0547813 0.228938
0.129623 0.203657 0.824894
0.0571495 0.123119 0.121241
0.212393 0.0724044 0.230014
0.166044 0.0703074 0.643042
0.249643 0.205106 0.310778
0.208174 0.106912 0.974198
0.0383797 0.100482 0.14225
0.0836688 0.137305 0.709644
0.217958 0.0699739 0.299007
0.0376053 0.10028 0.12699
0.274439 0.208057 0.786805
0.0868518 0.19583 0.305202
0.0567216 0.0881906 0.855698
0.159187 0.27603 0.42078
0.046619 0.134133 0.226094
0.0905401 0.0809131 0.787403
0.293995 0.126071 0.0476553
0.0685075 0.0964768 0.237251
0.399746 0.168276 0.255489
0.215697 0.142775 0.954311
0.323427 0.0774422 0.184288
0.0489305 0.136758 0.793669
0.299438 0.0949581 0.0477747
0.0761805 0.0704057 0.549461
0.249297 0.0674733 0.0848441
0.36551 0.150875 0.904634
0.337939 0.281246 0.587807
0.0319607 0.154496 0.750511
0.30247 0.200238 0.316514
0.0675996 0.147495 0.183399
0.248418 0.0735724 0.841318
0.384525 0.186934 0.313914
0.107853 0.110941 0.790943
0.397606 0.184088 0.355965
0.0406703 0.200296 0.628432
0.352775 0.141585 0.774907
0.404782 0.136445 0.153849
0.353249 0.156171 0.942218
0.348497 0.0702026 0.400996
0.172044 0.102169 0.953823
0.115975 0.198084 0.278824
0.362402 0.0316553 0.207893
0.325489 0.0699534 0.270236
0.387784 0.0704504 0.534447
0.404494 0.110667 0.157889
0.0384366 0.0896815 0.393901
0.234053 0.0700883 0.417187
0.332423 0.0700134 0.299217
0.405089 0.0415543 0.197281
0.213927 0.0700465 0.373951
0.157564 0.277434 0.651725
0.0916126 0.0700465 0.315033
0.0622498 0.256248 0.528057
0.115981 0.137913 0.146138
0.366464 0.0280992 0.162365
0.0358172 0.173812 0.377219
0.378743 0.0704484 0.533324
0.0783501 0.201068 0.813649
0.286362 0.0789054 0.0700667
0.316773 0.280391 0.61413
0.384863 0.097113 0.0777309
0.28156 0.0702647 0.599462
0.072057 0.123715 0.127982
0.174718 0.130235 0.953776
0.133225 0.0978335 0.949064
0.0408478 0.0718047 0.603258
0.0469276 0.0963611 0.823387
0.342991 0.123927 0.125777
0.093438 0.276058 0.450778
0.234982 0.0797122 0.161894
0.179237 0.23277 0.350466
0.18254 0.20831 0.81073
0.0477575 0.147105 0.118167
0.0821568 0.0704498 0.634469
0.401399 0.153309 0.606226
0.0986576 0.0803084 0.902374
0.0654495 0.0769459 0.866215
0.151011 0.179282 0.0970111
0.322955 0.170921 0.0804406
0.13038 0.0700115 0.337517
0.0322479 0.17456 0.689353
0.373775 0.242186 0.532845
0.03863 0.200113 0.703391
0.22648 0.081272 0.147175
0.335934 0.0977047 0.778997
0.0333943 0.104962 0.449509
0.106215 0.0703149 0.629945
0.0690004 0.0814802 0.25104
0.26047 0.0702652 0.599895
0.376974 0.228654 0.566953
0.34244 0.0768272 0.105539
0.165323 0.192881 0.904855
0.396445 0.117464 0.775056
0.0699588 0.191046 0.867652
0.100715 0.134791 0.799274
0.37166 0.0703753 0.493999
0.374789 0.217157 0.36107
0.336178 0.115603 0.759902
0.0984354 0.0937664 0.673784
0.0494624 0.198131 0.360708
0.179446 0.0731905 0.222231
0.203273 0.0716959 0.785285
0.0429167 0.11756 0.229629
0.259649 0.206704 0.816967
0.108865 0.105009 0.711941
0.0905259 0.0846391 0.787927
0.404394 0.111986 0.16714
0.0478933 0.148192 0.116817
0.380327 0.232921 0.385995
0.381412 0.141747 0.725973
0.201122 0.285598 0.527482
0.30982 0.195797 0.883859
0.15466 0.275462 0.419489
0.381957 0.0706671 0.660433
0.378162 0.123827 0.898359
0.406793 0.129908 0.45974
0.343462 0.0480264 0.14425
0.231164 0.246335 0.363443
0.235976 0.15265 0.039172
0.0543711 0.222372 0.436439
0.29144 0.283964 0.547582
0.343356 0.0896141 0.209621
0.139122 0.0702327 0.565827
0.0473311 0.0933688 0.0578317
0.371026 0.250934 0.448401
0.0667879 0.265543 0.475858
0.202066 0.280119 0.640656
0.217667 0.282095 0.4546
0.19681 0.148465 0.954046
0.305734 0.0846406 0.929062
0.0384146 0.0985123 0.810396
0.150249 0.239938 0.732267
0.325346 0.110504 0.172306
0.318127 0.0949099 0.703212
0.325983 0.191095 0.903575
0.162314 0.284249 0.572837
0.373211 0.224776 0.712883
0.134111 0.0699966 0.322092
0.0409761 0.0706535 0.618869
0.245424 0.09338 0.0414825
0.0628243 0.187279 0.853494
0.351431 0.188521 0.886798
0.365516 0.138327 0.224069
0.0393154 0.0824726 0.23687
0.344419 0.121092 0.122969
0.118887 0.198521 0.865545
0.19641 0.0699351 0.258817
0.0413569 0.0735588 0.52405
0.332973 0.0964713 0.950375
0.0418148 0.0734282 0.490939
0.0981231 0.100888 0.199152
0.396873 0.0882764 0.743019
0.0272292 0.126893 0.688816
0.133413 0.0700856 0.413929
0.325044 0.109882 0.19514
0.398204 0.103989 0.086565
0.063298 0.189461 0.8449
0.394655 0.145896 0.196698
0.395895 0.0888697 0.440755
0.170427 0.235754 0.740846
0.193245 0.0706286 0.699111
0.0677959 0.0705125 0.617372
0.237762 0.195321 0.18178
0.109425 0.193621 0.214847
0.227539 0.165913 0.0462143
0.299764 0.0722031 0.233025
0.293481 0.0702267 0.560214
0.065839 0.184513 0.260952
0.397638 0.148961 0.69466
0.228042 0.0933261 0.0326111
0.333678 0.269597 0.413717
0.280944 0.279419 0.636389
0.404328 0.126136 0.566546
0.294179 0.179609 0.100462
0.382328 0.153122 0.824492
0.256371 0.208885 0.791059
0.030215 0.167046 0.605126
0.0799216 0.0288838 0.15624
0.402605 0.156476 0.465987
0.366722 0.0744946 0.255071
0.385479 0.0706881 0.662275
0.372747 0.241311 0.591978
0.0483573 0.198073 0.418947
0.396785 0.110369 0.750566
0.0539974 0.188371 0.317357
0.265523 0.214756 0.329933
0.362927 0.0832814 0.862908
0.0866057 0.273268 0.652447
0.0374433 0.200386 0.632489
0.226086 0.228437 0.754649
0.340694 0.282024 0.522148
0.0819574 0.04595 0.796036
0.0983407 0.18491 0.923996
0.274179 0.0837989 0.12414
0.347857 0.076698 0.873795
0.0831857 0.0296297 0.153976
0.144432 0.28014 0.457912
0.184032 0.0767542 0.0989835
0.0296173 0.154178 0.703235
0.399338 0.106481 0.555575
0.3827 0.184837 0.237968
0.255813 0.0700808 0.409483
0.0862734 0.189788 0.904843
0.372578 0.0364061 0.720463
0.124763 0.278959 0.458812
0.368131 0.256163 0.604383
0.0439142 0.12687 0.689616
0.091617 0.0533167 0.731554
0.0903993 0.280131 0.600954
0.39518 0.181894 0.677498
0.3799 0.2216 0.440199
0.216034 0.0841016 0.925267
0.34113 0.0702806 0.502437
0.195539 0.285406 0.547637
0.376977 0.110052 0.909868
0.162459 0.202122 0.855647
0.361217 0.135441 0.141892
0.0711281 0.142632 0.72345
0.0375181 0.031156 0.184339
0.211622 0.285766 0.551644
0.372294 0.190316 0.78265
0.237733 0.160745 0.954561
0.366933 0.0699312 0.255322
0.352525 0.0765254 0.872132
0.364646 0.204356 0.763591
0.159302 0.0700562 0.383766
0.0841418 0.161485 0.0555246
0.303076 0.070139 0.469754
0.0295747 0.133038 0.360875
0.241374 0.0702468 0.580808
0.0809074 0.178987 0.121128
0.0371832 0.185749 0.444362
0.0453438 0.127116 0.809356
0.343561 0.0643225 0.193685
0.373178 0.0648549 0.811438
0.249799 0.110019 0.029155
0.263711 0.0779814 0.883467
0.0544443 0.13545 0.896372
0.0685386 0.070114 0.351111
0.108951 0.106428 0.705486
0.290923 0.104127 0.957259
0.325477 0.0922458 0.161984
0.0821852 0.142163 0.211351
0.339605 0.108075 0.0547523
0.361046 0.140472 0.151274
0.159856 0.0701606 0.0819401
0.358294 0.190501 0.288741
0.218923 0.0702777 0.612664
0.3772 0.0706464 0.665403
0.284567 0.284228 0.523158
0.260628 0.177195 0.0841869
0.383933 0.0882725 0.0798808
0.376201 0.20575 0.346358
0.252578 0.0700253 0.352204
0.357696 0.123658 0.816893
0.326146 0.0887237 0.111933
0.0472285 0.164003 0.848601
0.085957 0.171955 0.950225
0.383867 0.0703741 0.493429
0.326467 0.070001 0.310754
0.0799927 0.0411888 0.135721
0.29341 0.082262 0.917477
0.157361 0.125633 0.953557
0.374533 0.0933567 0.0527276
0.372002 0.249426 0.643328
0.197903 0.245702 0.363506
0.307272 0.0705769 0.696361
0.0987749 0.101903 0.149384
0.390374 0.0933492 0.0482443
0.399572 0.174735 0.369992
0.0456751 0.109291 0.062572
0.11995 0.0701789 0.510283
0.0587263 0.0484076 0.128576
0.166681 0.0713833 0.759626
0.0812822 0.137208 0.70919
0.355258 0.205678 0.766624
0.051519 0.026621 0.756986
0.372414 0.142262 0.753386
0.0289249 0.139866 0.679171
0.0911246 0.112045 0.797019
0.384993 0.0704033 0.509114
0.143844 0.147979 0.0448608
0.0322744 0.135426 0.293112
0.226521 0.277972 0.423568
0.093229 0.034815 0.144198
0.116714 0.0721586 0.824852
0.0990615 0.0342917 0.184524
0.336385 0.0898711 0.744627
0.192706 0.1936 0.906073
0.110958 0.202442 0.824609
0.15223 0.282045 0.610766
0.295771 0.274708 0.665551
0.0616012 0.242962 0.691163
0.397414 0.0966669 0.69704
0.374898 0.0700863 0.338764
0.2565 0.284176 0.581016
0.131435 0.0672319 0.0935403
0.0503257 0.150133 0.0995286
0.398382 0.171771 0.325192
0.336355 0.206142 0.768216
0.167264 0.189463 0.918854
0.22632 0.277768 0.658202
0.047737 0.106147 0.0939548
0.26444 0.123948 0.972816
0.104826 0.167357 0.0627374
0.342901 0.128138 0.217201
0.0466757 0.208555 0.663276
0.359683 0.030863 0.206486
0.0738522 0.0705245 0.667292
0.0936738 0.184811 0.162689
0.032447 0.156906 0.750625
0.199362 0.0704856 0.687663
0.173787 0.0710855 0.735709
0.0997546 0.0448669 0.15806
0.107555 0.103413 0.813341
0.189937 0.167517 0.05325
0.311023 0.0699678 0.293071
0.367889 0.260876 0.493039
0.0568468 0.132049 0.910514
0.232404 0.0715804 0.776337
0.315684 0.0831941 0.130346
0.326382 0.182603 0.12668
0.3144 0.283217 0.564068
0.149668 0.0699953 0.32079
0.288228 0.0821965 0.917098
0.0510922 0.147501 0.169811
0.330514 0.224117 0.746001
0.0423051 0.0934715 0.688866
0.0913091 0.281898 0.573684
0.25092 0.219647 0.767323
0.049259 0.0703416 0.473223
0.0383813 0.168095 0.263528
0.346296 0.14177 0.740322
0.0378425 0.0834649 0.185123
0.292545 0.0701131 0.442951
0.318446 0.0715312 0.679179
0.200565 0.16937 0.95802
0.091616 0.049226 0.77977
0.365883 0.187579 0.829901
0.0505094 0.218695 0.604977
0.405435 0.0967665 0.141699
0.108435 0.12457 0.746841
0.0812005 0.0328366 0.778497
0.229705 0.0825573 0.10592
0.0455144 0.11898 0.228628
0.154979 0.216561 0.768484
0.0396548 0.16099 0.198569
0.0289165 0.106669 0.788004
0.0933303 0.252402 0.389499
0.0686065 0.141535 0.772209
0.224024 0.0699698 0.294778
0.323449 0.153417 0.0570076
0.092546 0.188711 0.224829
0.275661 0.281117 0.460432
0.395682 0.189697 0.451294
0.400684 0.148597 0.648576
0.202387 0.275228 0.404411
0.372417 0.13411 0.219442
0.273579 0.191508 0.909444
0.383071 0.109667 0.853682
0.099539 0.0721049 0.123777
0.317993 0.0776647 0.713897
0.11526 0.0796609 0.201923
0.140984 0.273744 0.672137
0.0381541 0.0792663 0.653918
0.0613265 0.0652432 0.119021
0.307991 0.205983 0.325189
0.27939 0.0744898 0.211357
0.0340495 0.17713 0.709488
0.292776 0.27707 0.442421
0.179416 0.203922 0.849173
0.0390132 0.0807329 0.548302
0.361393 0.0700201 0.303084
0.117044 0.0903397 0.939672
0.0280973 0.121594 0.494993
0.259786 0.0933318 0.0363077
0.239748 0.174796 0.0712362
0.268912 0.0700453 0.372877
0.215385 0.070276 0.610863
0.114211 0.190765 0.171576
0.0661002 0.268929 0.562521
0.360333 0.272207 0.627559
0.37799 0.220325 0.674305
0.348318 0.276762 0.510339
0.346021 0.0704218 0.612356
0.108023 0.186599 0.918688
0.107924 0.201416 0.835554
0.0978359 0.0460953 0.219182
0.0311646 0.157648 0.450654
0.0581529 0.132299 0.697558
0.0952445 0.092309 0.237822
0.123298 0.237558 0.731241
0.279654 0.0729215 0.835227
0.305495 0.206422 0.7823
0.329364 0.0702494 0.0873354
0.209363 0.110018 0.0283362
0.0676276  0.266 0.446936
0.37954 0.142795 0.205924
0.268477 0.0818755 0.142077
0.333831 0.070395 0.65005
0.199568 0.0933266 0.0326356
0.346481 0.0627869 0.69804
0.37169 0.242386 0.630815
0.146438 0.0719752 0.233181
0.358968 0.0325793 0.15151
0.359349 0.0704223 0.543512
0.234903 0.284614 0.581999
0.385109 0.13362 0.714252
0.336611 0.0838735 0.727468
0.159753 0.110032 0.0365747
0.183038 0.0851312 0.929747
0.115745 0.0899757 0.166056
0.0866314 0.0703469 0.54733
0.096498 0.273382 0.431126
0.383714 0.168089 0.0666152
0.0536154 0.0915664 0.689013
0.32063 0.20982 0.333168
0.136415 0.214155 0.767812
0.0849568 0.145627 0.770141
0.291286 0.0701763 0.508177
0.0497431 0.216321 0.614262
0.326801 0.141982 0.766052
0.123967 0.271528 0.678148
0.337697 0.197091 0.282747
0.106891 0.142363 0.158419
0.33735 0.281872 0.578441
0.0793547 0.115241 0.231164
0.379344 0.222663 0.397108
0.398151 0.164062 0.666768
0.381489 0.211591 0.595508
0.0363665 0.0583741 0.212428
0.222312 0.100108 0.0337597
0.0859253 0.141873 0.765201
0.0408151 0.185918 0.741079
0.282694 0.260784 0.39175
0.0630387 0.0702522 0.425278
0.108474 0.10374 0.742342
0.0414498 0.119475 0.864341
0.267077 0.113512 0.97495
0.365439 0.122829 0.817823
0.195559 0.242054 0.7325
0.300638 0.18352 0.118367
0.184023 0.108047 0.041595
0.392588 0.100356 0.0486609
0.401928 0.160212 0.315134
0.316664 0.0891467 0.817713
0.359863 0.189955 0.847297
0.317163 0.0830083 0.778493
0.402689 0.129364 0.627517
0.0548999 0.229303 0.490241
0.275276 0.0933377 0.0401903
0.391721 0.177349 0.22107
0.0622195 0.187791 0.301533
0.0299868 0.0855012 0.784501
0.255767 0.0792448 0.166541
0.357713 0.189412 0.275651
0.0580177 0.111101 0.919336
0.0434854 0.138948 0.783646
0.405991 0.132954 0.543213
0.236698 0.0701353 0.465646
0.108756 0.158215 0.0537534
0.335528 0.187176 0.179661
0.0777867 0.27413 0.485617
0.175339 0.190879 0.141584
0.120678 0.0700499 0.377083
0.40045 0.170559 0.377523
0.404617 0.117417 0.337182
0.386146 0.136011 0.710133
0.343354 0.0360454 0.208876
0.38101 0.0533282 0.805436
0.342132 0.10301 0.22066
0.321925 0.282399 0.579351
0.140956 0.0722637 0.826874
0.168018 0.0813265 0.911375
0.396871 0.126287 0.791961
0.192392 0.0701889 0.520817
0.350292 0.233789 0.37136
0.0599023 0.163786 0.911751
0.261048 0.0864879 0.054273
0.0716115 0.16522 0.0592909
0.243592 0.0699696 0.294653
0.343249 0.0704944 0.133169
0.35251 0.0870392 0.110809
0.0310113 0.172711 0.628249
0.0733081 0.140215 0.722104
0.165731 0.198279 0.260189
0.173109 0.0849992 0.111567
0.122628 0.178917 0.105281
0.345581 0.0379231 0.717654
0.165693 0.0789907 0.167737
0.148902 0.0714303 0.238313
0.0431152 0.135435 0.137758
0.0531647 0.114138 0.114326
0.0389228 0.184444 0.722185
0.356715 0.0706167 0.0901948
0.297295 0.0713734 0.76045
0.356385 0.183993 0.178859
0.111559 0.0801491 0.10403
0.0308088 0.14937 0.748433
0.0859313 0.242269 0.378379
0.369319 0.139315 0.151249
0.366861 0.263986 0.453282
0.309169 0.19455 0.222006
0.0485987 0.0699813 0.279619
0.401579 0.163317 0.366646
0.397516 0.0503367 0.777379
0.0439965 0.10815 0.895608
0.191779 0.0701151 0.444633
0.372551 0.23887 0.672087
0.400865 0.147918 0.158272
0.0356466 0.154689 0.277982
0.396223 0.0960796 0.567997
0.328462 0.26985 0.412023
0.231495 0.196706 0.209822
0.215766 0.164486 0.955684
0.342014 0.0774598 0.22915
0.0655091 0.147979 0.174486
0.272307 0.0770783 0.876613
0.231008 0.199089 0.255221
0.185554 0.196546 0.221994
0.332966 0.197925 0.300296
0.135952 0.0700751 0.403132
0.401352 0.164526 0.411471
0.393978 0.144012 0.172067
0.3975 0.175682 0.636524
0.0293375 0.1167 0.506669
0.30483 0.066157 0.0916615
0.180792 0.0707494 0.708695
0.172044 0.0802433 0.102637
0.186959 0.285213 0.545704
0.0849981 0.137231 0.951159
0.356822 0.132648 0.940407
0.152893 0.276218 0.42634
0.361516 0.082445 0.826486
0.404322 0.083688 0.171058
0.179349 0.27706 0.421846
0.212413 0.198137 0.235499
0.185215 0.0703027 0.638301
0.0296931 0.0734598 0.785761
0.313243 0.0702367 0.570614
0.227034 0.261327 0.702511
0.141332 0.0703259 0.662129
0.208258 0.285733 0.537151
0.0308885 0.0888353 0.715139
0.34223 0.120569 0.213075
0.215508 0.0701762 0.507817
0.0783922 0.269932 0.435655
0.335744 0.066888 0.709953
0.0335912 0.182285 0.596595
0.299193 0.172755 0.0801047
0.18442 0.0823342 0.916407
0.0403655 0.0812458 0.430458
0.381152 0.110599 0.063292
0.266606 0.0701412 0.471885
0.328947 0.147843 0.0588673
0.17733 0.187896 0.128602
0.393481 0.0848718 0.535837
0.0901171 0.0645963 0.234251
0.110529 0.196072 0.25328
0.144558 0.263768  0.695
0.398209 0.0988361 0.0707623
0.250802 0.0729584 0.225323
0.37575 0.178048 0.148964
0.0913661 0.0888667 0.718405
0.371658 0.124445 0.240627
0.196657 0.179397 0.0866428
0.394288 0.19618 0.344581
0.0418064 0.169871 0.808057
0.374096 0.236995 0.588275
0.289346 0.0791767 0.167612
0.0805746 0.0913558 0.822895
0.139681 0.274276 0.66844
0.278109 0.0734089 0.0779903
0.35379 0.110057 0.94681
0.059317 0.137858 0.210319
0.246203 0.269339 0.399461
0.034962 0.100491 0.809929
0.398199 0.154364 0.677374
0.397136 0.0484302 0.763067
0.102958 0.174602 0.948147
0.190504 0.0791865 0.893435
0.270298 0.0705085 0.690386
0.0971719 0.0831229 0.116636
0.206677 0.267254 0.395677
0.252577 0.284221 0.58188
0.370804 0.252349 0.526849
0.130255 0.271999 0.409543
0.361457 0.123951 0.229081
0.296183 0.211943 0.770825
0.400929 0.162496 0.52067
0.217519 0.19692 0.209036
0.298612 0.0837552 0.124871
0.246622 0.212403 0.78028
0.16762 0.173628 0.0754407
0.113113 0.0767414 0.871188
0.403174 0.153565 0.350461
0.193217 0.206571 0.312429
0.3272 0.0701666 0.465646
0.349876 0.268909 0.425287
0.210824 0.0718467 0.797538
0.116224 0.0905114 0.129057
0.36278 0.123922 0.957459
0.366693 0.267621 0.514821
0.381419 0.208604 0.664847
0.0581647 0.243473 0.546642
0.0292534 0.142234 0.747911
0.404791 0.142158 0.329931
0.0737753 0.100318 0.810474
0.211539 0.224667 0.3344
0.316493 0.0891448 0.0565686
0.369368 0.104009 0.695263
0.294369 0.0761601 0.867734
0.39999 0.102564 0.42479
0.397787 0.128909 0.720166
0.143339 0.0808857 0.149696
0.318895 0.0701362 0.466945
0.38027 0.21242 0.673232
0.109151 0.0721383 0.819779
0.0380841 0.102089 0.16516
0.25495 0.120536 0.046924
0.071619 0.0264821 0.745159
0.0380684 0.144786 0.182466
0.255014 0.133323 0.0436805
0.0374253 0.111773 0.132504
0.044101 0.02788 0.764916
0.0942828 0.0703303 0.575052
0.346359 0.259089 0.40183
0.371612 0.118151 0.12783
0.37629 0.116463 0.861911
0.332893 0.240592 0.723741
0.0824326 0.256285 0.396807
0.0591974 0.0980003 0.899315
0.344336 0.0700163 0.300886
0.0522004 0.0705054 0.561217
0.37381 0.142244 0.752697
0.201808 0.180928 0.090138
0.381884 0.214622 0.413064
0.360757 0.272998 0.499026
0.19352 0.20259 0.288308
0.321405 0.0699507 0.275459
0.185414 0.0998392 0.0415554
0.268892 0.0780144 0.883886
0.0704136 0.0701139 0.351053
0.0723428 0.0727467 0.100383
0.188612 0.196282 0.894643
0.334114 0.197221 0.321254
0.0351627 0.163408 0.330724
0.325023 0.203856 0.795122
0.101247 0.28237 0.51441
0.362568 0.070428 0.532201
0.190365 0.278029 0.6538
0.217542 0.232785 0.343779
0.362123 0.125584 0.802404
0.153804 0.284401 0.539461
0.048282 0.0706152 0.620184
0.071191 0.0705201 0.646296
0.380315 0.13537 0.142021
0.312823 0.198947 0.281005
0.337923 0.0926442 0.945864
0.180027 0.0787587 0.88942
0.336063 0.105149 0.769421
0.318027 0.118917 0.709873
0.382241 0.108257 0.087658
0.0619397 0.0863429 0.87845
0.0292475 0.0407536 0.759469
0.297232 0.0713501 0.0828585
0.300391 0.0787897 0.892188
0.379331 0.221284 0.557872
0.365104 0.122949 0.241582
0.0485719 0.0739921 0.673594
0.352058 0.125777 0.692459
0.0929201 0.196193 0.292289
0.0637756 0.254452 0.448545
0.091138 0.0915518 0.735009
0.404428 0.0949922 0.162932
0.038426 0.0878861 0.140565
0.237157 0.0711666 0.74303
0.108488 0.0920607 0.673756
0.174361 0.282326 0.617183
0.0273214 0.127644 0.687854
0.0566971 0.239928 0.62195
0.262117 0.0700765 0.405046
0.396625 0.0808479 0.762045
0.208882 0.0707191 0.7066
0.358627 0.141565 0.775397
0.0704897 0.0702547 0.426683
0.171421 0.283323 0.595835
0.0685193 0.270944 0.476275
0.0990561 0.0521947 0.211201
0.0913914 0.0664414 0.796459
0.126421 0.281662 0.493389
0.335613 0.0534942 0.720617
0.180502 0.203709 0.851165
0.084706 0.129191 0.127977
0.252466 0.284911 0.568293
0.18285 0.193904 0.168423
0.343891 0.0443571 0.143784
0.335991 0.107923 0.706406
0.0367792 0.104771 0.259457
0.0397788 0.0730935 0.658595
0.313444 0.133238 0.0567053
0.394138 0.142247 0.753068
0.393371 0.0933697 0.0611537
0.0267524 0.125384 0.575234
0.366777 0.267431 0.514079
0.251519 0.0852408 0.931185
0.323793 0.203829 0.796975
0.363275 0.0700396 0.313534
0.164527 0.136211 0.0444522
0.222224 0.0701434 0.474003
0.269586 0.278486 0.437109
0.322914 0.181587 0.939049
0.27019 0.0702572 0.591647
0.35192 0.0801789 0.693089
0.151719 0.162403 0.0404627
0.34032 0.0310666 0.778544
0.0294615 0.114223 0.799059
0.368294 0.206487 0.342421
0.369934 0.0699382 0.259135
0.157301 0.253244 0.379873
0.325101 0.267594 0.687666
0.286693 0.213695 0.771089
0.396579 0.0857336 0.765537
0.354397 0.179631 0.123088
0.182941 0.210876 0.781403
0.0766445 0.24475 0.384886
0.397911 0.0993396 0.511307
0.288185 0.0703735 0.679725
0.0516733 0.145064 0.878417
0.0305721 0.145064 0.740233
0.392794 0.137698 0.111408
0.157261 0.11486 0.0463792
0.24708 0.0700218 0.348538
0.127753 0.090184 0.93956
0.276072 0.204785 0.827645
0.0812741 0.121362 0.68431
0.0665037 0.188422 0.305146
0.22257 0.23413 0.346268
0.250914 0.0700769 0.405483
0.176614 0.0709196 0.722367
0.275104 0.0701885 0.520776
0.186448 0.0730404 0.83521
0.0400711 0.0763788 0.562263
0.39322 0.171182 0.16977
0.18856 0.106883 0.0413743
0.386005 0.185468 0.289097
0.371319 0.144984 0.177663
0.165559 0.0718635 0.79833
0.118378 0.0709098 0.720853
0.194845 0.0700434 0.370708
0.0663878 0.17696 0.131055
0.351768 0.145429 0.195771
0.063456 0.0812076 0.0818716
0.0974961 0.0701432 0.386778
0.30782 0.0703709 0.679763
0.272095 0.118453 0.956407
0.155522 0.173264 0.955205
0.194645 0.0700304 0.357217
0.0783958 0.10512 0.0384502
0.120469 0.0717311 0.787095
0.19662 0.197071 0.892668
0.0827849 0.274672 0.472947
0.366786 0.11929 0.701759
0.334567 0.0704123 0.662836
0.372571 0.123633 0.945152
0.182092 0.285073 0.554488
0.0931556 0.279013 0.47865
0.0691186 0.032025 0.148737
0.219965 0.234655 0.744966
0.0680218 0.125418 0.0636337
0.0316071 0.169928 0.541539
0.0524487 0.075936 0.673496
0.349789 0.111271 0.681308
0.297415 0.203883 0.821641
0.145068 0.198134 0.264898
0.209046 0.285775 0.512183
0.277593 0.071699 0.786459
0.342873 0.204161 0.780066
0.3106 0.268317 0.687609
0.116787 0.0715972 0.236331
0.259654 0.284601 0.507305
0.0541095 0.130275 0.133457
0.366559 0.160685 0.896247
0.381243 0.216856 0.477528
0.0650534 0.0803064 0.811535
0.189087 0.071205 0.745532
0.0293667 0.0821457 0.80549
0.369521 0.25595 0.527955
0.400031 0.15679 0.638618
0.404706 0.0927627 0.225948
0.35511 0.187071 0.230654
0.355899 0.274495 0.611818
0.397067 0.0688704 0.728307
0.207729 0.173782 0.0666854
0.0277755 0.123903 0.685633
0.40581 0.10051 0.131697
0.342902 0.135308 0.801149
0.0980566 0.270783 0.417572
0.0433001 0.0755058 0.236643
0.221049 0.0702569 0.591178
0.232784 0.234657 0.744615
0.116843 0.0701049 0.433805
0.280392 0.1902 0.144284
0.122201 0.156558 0.0531564
0.321511 0.183363 0.932806
0.0361532 0.108091 0.263222
0.405895 0.134339 0.322676
0.334024 0.103102 0.82565
0.194147 0.282756 0.618057
0.375737 0.120583 0.122871
0.0569644 0.136891 0.909506
0.39955 0.17482 0.35138
0.336525 0.131507 0.717808
0.403499 0.149274 0.50923
0.108934 0.128252 0.707848
0.378413 0.0258426 0.172706
0.0914118 0.114757 0.782541
0.135689 0.0702366 0.569887
0.405976 0.136048 0.361467
0.0353342 0.141815 0.76577
0.13102 0.0786668 0.170313
0.343214 0.125761 0.169915
0.378971 0.140032 0.210725
0.370245 0.111757 0.0612813
0.296914 0.205987 0.792266
0.0380644 0.100881 0.269515
0.0406264 0.076405 0.517987
0.067723 0.265737 0.438515
0.0473399 0.204566 0.556538
0.10617 0.128915 0.127791
0.329079 0.0702421 0.528296
0.0911484 0.09438 0.734282
0.218742 0.0841454 0.925511
0.193187 0.184479 0.938056
0.155477 0.0700775 0.405656
0.108113 0.0820028 0.913805
0.0601398 0.143514 0.0675096
0.350433 0.199751 0.83094
0.098398 0.0614449 0.178018
0.393983 0.0869392 0.542086
0.405053 0.127996 0.555584
0.0328921 0.180588 0.6464
0.321973 0.247106 0.716837
0.373069 0.110053 0.0518536
0.0368104 0.194247 0.583845
0.250242 0.0961702 0.041854
0.229472 0.0746445 0.851771
0.332856 0.268133 0.685511
0.279916 0.199911 0.866657
0.393313 0.0825037 0.498483
0.393305 0.0784588 0.414034
0.0787954 0.0755081 0.116537
0.115677 0.0938149 0.171233
0.2214 0.0702548 0.589037
0.180412 0.0701046 0.433809
0.390264 0.0765964 0.600637
0.33293 0.0933404 0.0422903
0.190384 0.0846074 0.115464
0.0832257 0.195903 0.321783
0.105139 0.101096 0.822789
0.316647 0.0863557 0.819024
0.0561704 0.141155 0.0772964
0.371905 0.244353 0.58883
0.0301761 0.151019 0.446695
0.394684 0.112425 0.682504
0.185201 0.0710137 0.730061
0.120914 0.122856 0.0547235
0.0600585 0.215216 0.355006
0.405917 0.129146 0.27477
0.272109 0.212831 0.775478
0.393833 0.140079 0.210838
0.342931 0.201605 0.81165
0.129786 0.18148 0.109522
0.296075 0.277832 0.644421
0.3619 0.130471 0.133706
0.169783 0.0999256 0.0287206
0.404946 0.123872 0.207631
0.307565 0.123935 0.965073
0.107668 0.126563 0.805617
0.393229 0.102725 0.695307
0.366453 0.263869 0.566773
0.0433282 0.195704 0.41699
0.16924 0.238218 0.359082
0.043389 0.124711 0.838921
0.386125 0.147732 0.185311
0.287509 0.0765301 0.192363
0.2815 0.111912 0.95605
0.330486 0.0699571 0.268932
0.0452741 0.223982 0.698683
0.204203 0.0703251 0.661531
0.152294 0.0810241 0.909574
0.338028 0.075732 0.695814
0.318832 0.253026 0.708883
0.161034 0.0782288 0.884366
0.390702 0.0454831 0.135055
0.289176 0.192211 0.90469
0.125121 0.190874 0.157883
0.12885 0.282637 0.503337
0.400102 0.150026 0.6585
0.235322 0.174903 0.0704344
0.326151 0.070004 0.315245
0.325598 0.08465 0.116845
0.267461 0.080359 0.156263
0.396847 0.0686239 0.744809
0.0491446 0.224207 0.70386
0.372689 0.0971837 0.677655
0.0941308 0.243701 0.716641
0.308472 0.283453 0.541946
0.356428 0.14491 0.73266
0.338235 0.176848 0.102928
0.0824149 0.255403 0.395421
0.0912364 0.273145 0.431125
0.254852 0.157249 0.0402095
0.0272228 0.122958 0.570803
0.398151 0.0922225 0.31663
0.0982643 0.253469 0.704292
0.0810772 0.0338298 0.207977
0.159071 0.255062 0.381834
0.0859472 0.148545 0.745259
0.0487045 0.227328 0.521735
0.207488 0.0704843 0.0784078
0.158508 0.275681 0.418604
0.392747 0.19533 0.639876
0.274423 0.200781 0.283148
0.133335 0.0701806 0.512047
0.0324264 0.111613 0.398763
0.0823142 0.0716809 0.0859772
0.397793 0.0369317 0.753262
0.108041 0.07269 0.775912
0.40528 0.0907893 0.125297
0.385372 0.112668 0.698755
0.396537 0.0711433 0.768351
0.0652175 0.182613 0.227251
0.0311908 0.111993 0.465925
0.28066 0.070288 0.623434
0.306353 0.0701205 0.450637
0.039852 0.0724836 0.666772
0.14243 0.0702687 0.603085
0.256804 0.206654 0.819749
0.275111 0.198791 0.266587
0.361948 0.191761 0.319372
0.0278989 0.121903 0.503709
0.0906855 0.0407423 0.783448
0.113541 0.277978 0.636172
0.0295237 0.145767 0.680331
0.150569 0.196611 0.88533
0.163857 0.208445 0.791765
0.344744 0.0381051 0.146538
0.324212 0.263645 0.403587
0.0974291 0.282654 0.560002
0.282908 0.109896 0.030981
0.353028 0.0872405 0.907126
0.10955 0.210401 0.765083
0.162069 0.113496 0.973589
0.318356 0.0991997 0.685937
0.207568 0.0699328 0.256576
0.0429864 0.103233 0.824951
0.222658 0.285645 0.564178
0.182752 0.205506 0.311403
0.0733965 0.192955 0.874053
0.389638 0.135739 0.805179
0.0857217 0.0704472 0.653088
0.0369348 0.20079 0.652188
0.0731506 0.139293 0.147344
0.118753 0.0707106 0.704803
0.389987 0.164675 0.098666
0.248296 0.0783229 0.886363
0.122731 0.202758 0.83076
0.0536774 0.111032 0.100038
0.248952 0.22992 0.751404
0.115385 0.0936886 0.193865
0.0475453 0.123777 0.864391
0.374272 0.234487 0.697605
0.36505 0.267423 0.588884
0.07334 0.137809 0.711693
0.0377588 0.0829045 0.124202
0.0570003 0.115414 0.956607
0.0350383 0.142425 0.72262
0.207781 0.0924865 0.0418309
0.317773 0.0702978 0.633712
0.0588669 0.184113 0.236606
0.0547056 0.0981963 0.875446
0.0407691 0.0834157 0.350262
0.405333 0.123666 0.451865
0.279528 0.193269 0.1737
0.314434 0.207414 0.772078
0.162472 0.0715449 0.772602
0.292385 0.283039 0.583997
0.206803 0.0794543 0.163937
0.108399 0.0703117 0.639537
0.222886 0.0709054 0.0767161
0.104101 0.257556 0.699294
0.337857 0.0703881 0.622511
0.228484 0.0822823 0.916738
0.356721 0.148533 0.748667
0.317499 0.0900279 0.752137
0.0527073 0.115016 0.890248
0.164538 0.0712817 0.75141
0.0274443 0.145182 0.72059
0.328904 0.266116 0.689636
0.3759 0.123772 0.864227
0.336023 0.0702022 0.453851
0.194582 0.0743001 0.847884
0.118557 0.2822 0.586712
0.0492892 0.210643 0.529255
0.216503 0.283457 0.471731
0.311031 0.225438 0.352932
0.074992 0.270244 0.446059
0.157894 0.0709214 0.722282
0.347392 0.274364 0.456502
0.276537 0.0789461 0.892371
0.152917 0.0702486 0.582287
0.289447 0.0758526 0.19873
0.308892 0.140785 0.0489263
0.14133 0.270375 0.68363
0.350121 0.0702757 0.450967
0.322112 0.274418 0.659439
0.0613425 0.120048 0.93222
0.0811679 0.143773 0.725584
0.39605 0.149978 0.740482
0.336253 0.0654478 0.721564
0.108325 0.0702985 0.624416
0.10817 0.193233 0.208762
0.317091 0.124808 0.782608
0.161349 0.102445 0.0437758
0.148415 0.17261 0.0766712
0.103633 0.168763 0.951586
0.0298851 0.112523 0.710596
0.116044 0.282967 0.569864
0.351162 0.234794 0.725727
0.0873814 0.0390066 0.71307
0.029173 0.045387 0.764565
0.117067 0.0702192 0.551887
0.138593 0.272245 0.405896
0.343468 0.0884747 0.200986
0.0301949 0.105884 0.713565
0.324717 0.0866088 0.219863
0.393384 0.142088 0.115157
0.221025 0.109696 0.0397558
0.201811 0.0700768 0.405124
0.170699 0.077454 0.182194
0.135245 0.0700396 0.366526
0.111953 0.133153 0.134863
0.133559 0.0703469 0.67566
0.0363473 0.0789294 0.227344
0.0923157 0.232652 0.365332
0.262959 0.199297 0.267033
0.0558007 0.0995513 0.101281
0.193623 0.0702784 0.613235
0.398084 0.109029 0.718742
0.0318142 0.126044 0.688589
0.34033 0.281968 0.513952
0.142977 0.0701558 0.486503
0.390838 0.0737609 0.498363
0.126448 0.123924 0.957052
0.343274 0.0360938 0.163274
0.037044 0.100042 0.309506
0.176384 0.260145 0.702803
0.168463 0.0703247 0.660953
0.267973 0.130201 0.954991
0.150972 0.205224 0.82286
0.224886 0.281695 0.452819
0.0775427 0.241224 0.713978
0.393328 0.077693 0.396263
0.274752 0.070311 0.647247
0.280799 0.070171 0.502698
0.0984765 0.0531095 0.172972
0.317273 0.0700191 0.346024
0.37095 0.0702407 0.421673
0.0291839 0.131229 0.366542
0.121121 0.158501 0.953041
0.191506 0.0703283 0.664745
0.377262 0.0699955 0.28996
0.187763 0.0664353 0.0896373
0.281417 0.191764 0.159447
0.107449 0.14549 0.187498
0.336475 0.0757158 0.738297
0.349299 0.145057 0.199573
0.377608 0.145366 0.180057
0.376361 0.233052 0.425993
0.278166 0.281998 0.476321
0.0445517 0.195668 0.415323
0.393675 0.0933732 0.063317
0.378607 0.12693 0.813877
0.383287 0.208524 0.472321
0.404453 0.144499 0.427743
0.0341923 0.177264 0.498209
0.289258 0.189725 0.14466
0.0386593 0.0439098 0.218006
0.168766 0.0699637 0.288308
0.0635703 0.221908 0.362165
0.035745 0.192992 0.629164
0.0465403 0.0938903 0.105237
0.114924 0.0936259 0.228685
0.359973 0.0658424 0.0984466
0.379884 0.125027 0.692035
0.25375 0.113779 0.97478
0.263003 0.201725 0.287512
0.0304563 0.122371 0.360718
0.367842 0.169421 0.0721323
0.334882 0.145054 0.954439
0.13429 0.237959 0.733548
0.0354089 0.156972 0.295158
0.238011 0.0720444 0.813811
0.0539507 0.11589 0.0967078
0.395296 0.0294795 0.158474
0.359358 0.0444642 0.225257
0.0382123 0.10333 0.157059
0.350855 0.090351 0.0611586
0.319533 0.201292 0.836735
0.200174 0.195637 0.191749
0.0487817 0.165124 0.856785
0.0726928 0.115986 0.696157
0.155595 0.284416 0.552209
0.0902123 0.0853649 0.808809
0.395922 0.0672698 0.698184
0.0882872 0.195328 0.29845
0.408056 0.141412 0.222597
0.159291 0.0699507 0.274864
0.229887 0.0719661 0.807401
0.291559 0.0699522 0.276899
0.334377 0.188382 0.189289
0.233268 0.258739 0.706455
0.0773899 0.133349 0.227422
0.404691 0.0511083 0.217933
0.228972 0.0711432 0.741046
0.30907 0.076286 0.86918
0.345418 0.120138 0.131274
0.0291108 0.0439328 0.770459
0.247058 0.210113 0.320203
0.349825 0.178039 0.933445
0.0866108 0.226247 0.737616
0.310031 0.196426 0.880562
0.311286 0.200541 0.849568
0.293156 0.102474 0.95569
0.226738 0.0699668 0.291738
0.379902 0.21603 0.609764
0.131929 0.0700643 0.391983
0.38978 0.108135 0.107813
0.099297 0.0932911 0.138741
0.204282 0.0851281 0.11077
0.299392 0.107842 0.0477219
0.400905 0.162638 0.521092
0.160669 0.284649 0.5254
0.403916 0.0953833 0.203288
0.317993 0.123968 0.713479
0.39573 0.103769 0.676301
0.0522193 0.0337482 0.779687
0.375321 0.2336 0.576814
0.277018 0.275667 0.420713
0.328821 0.141612 0.774007
0.385211 0.167701 0.0707354
0.276291 0.0801986 0.903715
0.36059 0.0784032 0.106889
0.140284 0.28152 0.611634
0.0771355 0.111205 0.244762
0.115563 0.278698 0.461936
0.0658065 0.0914513 0.905959
0.0954671 0.0702249 0.46522
0.129339 0.194267 0.892267
0.145268 0.186358 0.12736
0.0303218 0.108168 0.759566
0.131553 0.0765367 0.190268
0.0287908 0.0926929 0.800917
0.345127 0.253868 0.701539
0.349728 0.132549 0.220879
0.376411 0.0705932 0.618522
0.368101 0.258775 0.571505
0.087687 0.0251679 0.175422
0.0643021 0.0953342 0.822502
0.250767  0.284 0.493962
0.357629 0.138998 0.720544
0.181123 0.0701687 0.499987
0.0912655 0.0900237 0.726138
0.0327283 0.0877278 0.690164
0.340873 0.181034 0.938482
0.325616 0.107349 0.151291
0.194651 0.170878 0.0610324
0.268244 0.206452 0.813383
0.0421197 0.0750253 0.431299
0.122953 0.202869 0.829478
0.335011 0.154025 0.954444
0.133904 0.108203 0.953855
0.261077 0.0755385 0.8611
0.0302654 0.0368747 0.728321
0.382382 0.0706561 0.647725
0.351372 0.12962 0.136618
0.14609 0.0702835 0.618338
0.164958 0.0700579 0.385472
0.350575 0.123925 0.959481
0.393397 0.194473 0.582342
0.350262 0.0702912 0.465102
0.125317 0.187794 0.136938
0.0602043 0.139302 0.0681416
0.380411 0.212179 0.662002
0.256182 0.182006 0.0978968
0.254211 0.0720157 0.078133
0.294202 0.202425 0.842265
0.254282 0.281625 0.62561
0.313817 0.0713604 0.759605
0.263002 0.0701082 0.437836
0.0752092 0.0929624 0.822752
0.0415443 0.198078 0.526308
0.385001 0.0261654 0.752342
0.388941 0.0644895 0.123647
0.369522 0.143511 0.168722
0.219753 0.197751 0.890892
0.0583045 0.236618 0.447424
0.368194 0.0460515 0.799892
0.245852 0.28517 0.548353
0.229412 0.0700974 0.42655
0.290752 0.0699927 0.318733
0.0357849 0.192517 0.621449
0.267052 0.0702818 0.616999
0.0457262 0.0702384 0.417734
0.262713 0.116022 0.974895
0.347102 0.212345 0.756601
0.0291445 0.159199 0.596667
0.139831 0.0699964 0.321957
0.0539676 0.217651 0.40308
0.057744 0.162933 0.0671199
0.0617027 0.134792 0.798762
0.362269 0.128635 0.811961
0.0473218 0.22434 0.698044
0.185189 0.192151 0.15127
0.343812 0.183839 0.926179
0.230102 0.0719865 0.809044
0.144152 0.101959 0.953275
0.354898 0.070438 0.581631
0.131134 0.0814547 0.144207
0.239213 0.0708342 0.245058
0.374066 0.123791 0.87587
0.0984856 0.0681472 0.171698
0.253074 0.0846589 0.928409
0.064384 0.133821 0.80123
0.146508 0.272904 0.405634
0.0509238 0.101726 0.809874
0.405771 0.130812 0.555956
0.0812384 0.137665 0.142253
0.325431 0.138583 0.16529
0.371031 0.240443 0.390629
0.156644 0.255792 0.70839
0.319177 0.0830162 0.921442
0.384385 0.070072 0.331145
0.380502 0.0398599 0.793197
0.391504 0.0844136 0.65461
0.0592123 0.0924781 0.673163
0.215204 0.0720764 0.816106
0.0305324 0.110082 0.56576
0.0630303 0.103619 0.674226
0.14494 0.114598 0.972991
0.329769 0.0703546 0.632485
0.0288747 0.153136 0.663415
0.15998 0.109685 0.973575
0.383062 0.206515 0.561423
0.0624371 0.251994 0.403255
0.132847 0.0850731 0.0601724
0.372281 0.246143 0.548556
0.313379 0.0772428 0.186026
0.237969 0.07145 0.765891
0.387025 0.0611016 0.699325
0.050877 0.104536 0.874059
0.192799 0.191541 0.141779
0.405567 0.12303 0.375105
0.0663478 0.181748 0.195396
0.214972 0.0726332 0.227905
0.344615 0.279193 0.530447
0.324622 0.194244 0.224896
0.163568 0.0746872 0.074626
0.405817 0.134908 0.407764
0.0871997 0.126629 0.8104
0.317176 0.274294 0.661675
0.0298963 0.136195 0.730587
0.0337803 0.102791 0.46761
0.402701 0.151696 0.54318
0.315916 0.198655 0.300827
0.124722 0.0699914 0.316731
0.0728617 0.269679 0.446704
0.322934 0.110031 0.0372627
0.251065 0.282362 0.467128
0.191095 0.277088 0.660834
0.0741567 0.103492 0.117705
0.233909 0.0703336 0.670381
0.194417 0.0712225 0.240846
0.320032 0.195237 0.238601
0.238881 0.074646 0.209372
0.336484 0.0736486 0.700796
0.0672586 0.0911929 0.909453
0.208211 0.19754 0.226401
0.0534887 0.0280898 0.734964
0.291481 0.192721 0.172381
0.340058 0.186149 0.171818
0.0278114 0.147246 0.543107
0.0570254 0.222944 0.717546
0.0599975 0.141759 0.203539
0.182835 0.106236 0.957946
0.0297756 0.139766 0.743104
0.322586 0.141952 0.76664
0.0332423 0.166367 0.424259
0.231916 0.191282 0.135505
0.141242 0.0699305 0.253856
0.273789 0.198782 0.875289
0.197992 0.0747998 0.207405
0.159157 0.0937761 0.029658
0.158446 0.0725971 0.227514
0.288898 0.0702198 0.553093
0.310683 0.189924 0.152759
0.035335 0.173249 0.391157
0.162937 0.284624 0.555934
0.214184 0.207837 0.312313
0.232219 0.0699997 0.32573
0.369537 0.0961127 0.253527
0.395819 0.174551 0.331691
0.0831707 0.120909 0.815495
0.235501 0.0710621 0.734583
0.139203 0.141193 0.046476
0.35563 0.0699472 0.263865
0.0672042 0.264666 0.443789
0.336876 0.138802 0.725663
0.0328564 0.0483049 0.704153
0.0548465 0.105994 0.234979
0.295936 0.19861 0.870498
0.120757 0.0702281 0.561032
0.092666 0.213801 0.755803
0.0643378 0.0769729 0.0909387
0.081609 0.0853736 0.250969
0.0777159 0.0270354 0.739903
0.365289 0.0865787 0.860559
0.133689 0.19218 0.172167
0.254168 0.277789 0.428165
0.381958 0.201773 0.723908
0.301774 0.0869151 0.93735
0.0504784 0.208571 0.440144
0.0304084 0.124576 0.747532
0.343566 0.277661 0.62271
0.215805 0.102624 0.954746
0.267964 0.0926746 0.0443968
0.343171 0.127033 0.221978
0.268379 0.0755942 0.200877
0.0567082 0.231511 0.44811
0.106019 0.10409 0.954809
0.0912076 0.0946849 0.728735
0.179143 0.0699316 0.255158
0.0590731 0.244932 0.502008
0.39002 0.139575 0.723454
0.0542543 0.026201 0.753082
0.163111 0.174974 0.0807056
0.379269 0.218467 0.605083
0.0702478 0.124034 0.122329
0.397792 0.0404545 0.755242
0.156834 0.0699844 0.309589
 0.336 0.0619075 0.773871
0.296024 0.07031 0.646243
0.128468 0.23926 0.730483
0.284858 0.0707449 0.246483
0.375681 0.184257 0.26489
0.379403 0.0703496 0.480237
0.257654 0.166465 0.0520657
0.253301 0.278561 0.648121
0.0490004 0.197761 0.380527
0.384083 0.132486 0.702194
0.0479117 0.102767 0.235639
0.398253 0.0975388 0.0825162
0.402382 0.108851 0.299159
0.127326 0.214312 0.76477
0.403732 0.0856392 0.21608
0.228923 0.106625 0.958363
0.343596 0.0573653 0.191703
0.0555829 0.166168 0.0771597
0.213088 0.0854713 0.931771
0.295566 0.0833507 0.0638751
0.0794494 0.0804868 0.904613
0.174179 0.195327 0.205723
0.0730018 0.097325 0.0567694
0.110792 0.180726 0.11587
0.151212 0.0702075 0.539912
0.0323834 0.164604 0.454036
0.382411 0.11496 0.065476
0.171989 0.0826515 0.917756
0.396783 0.124719 0.79435
0.108059 0.0972892 0.775259
0.334286 0.282112 0.512922
0.178913 0.228706 0.345301
0.397677 0.131165 0.763868
0.206175 0.143371 0.0402322
0.214812 0.0749002 0.206682
0.367771 0.260683 0.543836
0.235204 0.0702654 0.599992
0.115949 0.119557 0.150587
0.0489163 0.079237 0.811113
0.187138 0.226963 0.341622
0.0549874 0.0700713 0.328041
0.301914 0.205381 0.796512
0.339723 0.0908523 0.0583584
0.0596338 0.185457 0.847781
0.141954 0.0726604 0.226706
0.311532 0.144744 0.0513422
0.392844 0.194475 0.364779
0.0407409 0.0822809 0.377814
0.0586586 0.183681 0.221488
0.209004 0.0702596 0.593875
0.233294 0.285032 0.574455
0.219467 0.093329 0.0344307
0.0337103 0.0652281 0.693298
0.399457 0.171382 0.521039
0.287972 0.124493 0.052792
0.06419 0.0778941 0.088879
0.100322 0.282664 0.549016
0.369555 0.252052 0.593585
0.185521 0.196501 0.221119
0.360576 0.185539 0.863479
0.393086 0.0310989 0.207331
0.0290203 0.142573 0.442286
0.394048 0.157049 0.74739
0.1415 0.0790826 0.89184
0.0838578 0.140161 0.206633
0.38497 0.218981 0.504946
0.231478 0.251339 0.370997
0.0519234 0.222955 0.582485
0.141009 0.0715052 0.769133
0.0512135 0.0481707 0.703156
0.0415684 0.169554 0.806609
0.337857 0.0771229 0.877906
0.346622 0.277274 0.613269
0.280194 0.0767718 0.190006
0.0455079 0.0708905 0.251003
0.0517183 0.130427 0.097851
0.0389988 0.0893759 0.356493
0.337247 0.0701826 0.428756
0.0904401 0.185505 0.190429
0.132988 0.182184 0.11209
0.240874 0.070309 0.645032
0.174865 0.0840083 0.120869
0.107454 0.0739175 0.821335
0.0668263 0.0464245 0.130128
0.344192 0.0852868 0.145299
0.219081 0.0701481 0.478811
0.398151 0.0938482 0.0908797
0.275006 0.104105 0.0442041
0.039195 0.157938 0.187465
0.405664 0.0965391 0.129489
0.0699259 0.117076 0.946186
0.0457938 0.12061 0.917674
0.0376153 0.142479 0.777425
0.154025 0.0708012 0.712539
0.391923 0.102589 0.252398
0.218066 0.222485 0.330454
0.113693 0.070203 0.53511
0.15482 0.0849804 0.111501
0.3148 0.094938 0.948587
0.0912278 0.0704948 0.72915
0.326427 0.202846 0.810143
0.180914 0.0707297 0.707113
0.151373 0.28427 0.558527
0.0881679 0.0704421 0.662154
0.371535 0.180164 0.840265
0.347917 0.127874 0.12978
0.25422 0.0702536 0.587916
0.373987 0.132953 0.137955
0.222967 0.216664 0.773258
0.352681 0.19534 0.310807
0.237179 0.083692 0.124653
0.293714 0.192982 0.180578
0.369672 0.086738 0.815684
0.0409537 0.115654 0.85825
0.40385 0.0720759 0.23499
0.0709187 0.232324 0.372199
0.0304274 0.0797117 0.75101
0.173214 0.215195 0.328939
0.0399077 0.106283 0.234486
0.0347369 0.106481 0.354142
0.0689806 0.11699 0.680645
0.0303286 0.0743357 0.699159
0.139728 0.0839901 0.120576
0.0575137 0.085764 0.822604
0.0991778 0.127093 0.137881
0.0278289 0.149646 0.59622
0.102621 0.0702572 0.54425
0.383578 0.109232 0.812022
0.371892 0.140338 0.210099
0.291362 0.245202 0.373914
0.192876 0.0701305 0.460593
0.105102 0.22864 0.358139
0.0421252 0.0737261 0.459872
0.276276 0.0838393 0.924795
0.233163 0.285094 0.505103
0.112729 0.0702965 0.6316
0.239999 0.0702612 0.595715
0.271598 0.0827842 0.106716
0.03789 0.0987619 0.289422
0.377853 0.222382 0.618513
0.035001 0.146023 0.262519
0.345281 0.0997992 0.122659
0.263121 0.284893 0.516175
0.345135 0.27438 0.446748
0.37183 0.145341 0.77473
0.306878 0.175766 0.0916045
0.0858164 0.100667 0.822551
0.118958 0.0801001 0.156732
0.172061 0.262244 0.69925
0.0402736 0.0789265 0.489457
0.376101 0.12465 0.69159
0.243437 0.0700398 0.367181
0.343723 0.0550391 0.806183
0.132582 0.121557 0.971681
0.0431681 0.143789 0.207025
0.392885 0.154633 0.10731
0.0604662 0.252374 0.610533
0.149952 0.214193 0.33092
0.338914 0.140633 0.727378
0.0983239 0.0645922 0.183586
0.124798 0.194584 0.223048
0.357196 0.0702439 0.423288
0.254189 0.193169 0.905175
0.345018 0.0765461 0.0796045
0.28412 0.093329 0.0348068
0.065169 0.178334 0.150906
0.116798 0.198263 0.31603
0.371937 0.17529 0.103157
0.0357126 0.110451 0.273044
0.0601422 0.0703772 0.49241
0.0997119 0.0703023 0.576742
0.358066 0.273411 0.492248
0.295399 0.11944 0.973102
0.125548 0.0701403 0.470386
0.390607 0.176687 0.741809
0.366842 0.0705103 0.588813
0.0736841 0.105584 0.0393052
0.0506212 0.167318 0.865163
0.403954 0.147929 0.432681
0.124419 0.213845 0.334002
0.054762 0.098957 0.878089
0.252196 0.0848629 0.113886
0.0414832 0.0792546 0.386966
0.405621 0.12151 0.348908
0.245093 0.282109 0.460645
0.298287 0.0703277 0.664544
0.0340447 0.183755 0.598944
0.399183 0.109091 0.599966
0.0419003 0.195507 0.407869
0.225096 0.165178 0.0440705
0.335336 0.132413 0.741154
0.0409779 0.119766 0.858548
0.379765 0.174796 0.105073
0.357614 0.0700089 0.297037
0.201581 0.18592 0.109261
0.0909128 0.0814931 0.752826
0.0830208 0.23657 0.371793
0.235442 0.277364 0.659694
0.258308 0.11963 0.95693
0.0952676 0.0759738 0.863299
0.387939 0.137958 0.719503
0.357952 0.0879118 0.826546
0.146314 0.0710464 0.732212
0.231121 0.168702 0.0534913
0.198062 0.223295 0.334996
0.0486477 0.11787  0.942
0.0730626 0.031999 0.724206
0.115632 0.103354 0.173355
0.233519 0.162972 0.0392849
0.153593 0.284361 0.550388
0.0899944 0.276791 0.460863
0.0268451 0.141933 0.618896
0.280644 0.0700735 0.402109
0.254258 0.276885 0.660195
0.327673 0.160279 0.0536229
0.0471616 0.216435 0.643707
0.031111 0.113578 0.436809
0.0404772 0.0768229 0.520398
0.397811 0.0599587 0.125789
0.218781 0.0720503 0.814047
0.202158 0.20901 0.818081
0.31704 0.134162 0.788348
0.287788 0.195835 0.232295
0.100903 0.276951 0.454568
0.371754 0.0268983 0.745099
0.122565 0.0708586 0.716777
0.400397 0.165691 0.523642
0.101731 0.0701509 0.420846
0.137349 0.0701998 0.531905
0.252109 0.168755 0.956927
0.183846 0.0739704 0.844456
0.34254 0.126285 0.215084
0.115766 0.0727651 0.225381
0.343306 0.06756 0.133243
0.404561 0.106406 0.152451
0.256184 0.0721674 0.826003
0.375022 0.0704131 0.514305
0.308939 0.0702287 0.562331
0.0912786 0.143583 0.74846
0.0666771 0.11138 0.120642
0.223211 0.252032 0.371976
0.37218 0.247584 0.465077
0.112867 0.117945 0.969644
0.0779446 0.27108 0.4457
0.0568357 0.135325 0.0788783
0.0837498 0.0854517 0.822948
0.332714 0.0701978 0.466919
0.39801 0.163664 0.179736
