0.347654 0.116377 0.0329242
0.068217 0.0990945 0.702668
0.0885479 0.0771746 0.481673
0.0805309 0.107893 0.203754
0.0554861 0.140014 0.850927
0.349426 0.327586 0.392089
0.0805664 0.0396583 0.7877
0.1459 0.330212 0.25234
0.353931 0.112801 0.855346
0.262936 0.0763486 0.578111
0.0784272 0.119879 0.0318991
0.115138 0.077087 0.492166
0.0441478 0.124169 0.409692
0.238574 0.0970015 0.941721
0.157119 0.182358 0.0497422
0.05044 0.15369 0.227158
0.302359 0.247138 0.159465
0.242817 0.098474 0.168901
0.0584258 0.0273758 0.803201
0.276198 0.0847008 0.275067
0.160744 0.287611 0.620898
0.353931 0.111543 0.844106
0.301665 0.103559 0.129066
0.318569 0.251637 0.173115
0.385737 0.113908 0.846524
0.151818 0.242531 0.0906894
0.375413 0.180069 0.931768
0.269116 0.118555 0.02739
0.0481061 0.202364 0.486548
0.0977924 0.0874278 0.866555
0.197545 0.102749 0.135302
0.388966 0.226819 0.10287
0.312191 0.0777556 0.42968
0.0425581 0.16318 0.411807
0.404555 0.19642 0.480441
0.101746 0.0820048 0.906823
0.0720561 0.153192 0.224436
0.0833929 0.0828489 0.874125
0.136766 0.0773673 0.462077
0.070276 0.224506 0.728644
0.0963718 0.0994694 0.318232
0.36554 0.290946 0.320334
0.406796 0.176726 0.585791
0.360357 0.170196 0.937302
0.0593885 0.13959 0.945795
0.102604 0.104876 0.118068
0.33549 0.0817058 0.29827
0.066192 0.128989 0.956041
0.306233 0.0819345 0.911855
0.0505383 0.109591 0.372833
0.406386 0.052043 0.816586
0.299373 0.0849149 0.27347
0.141645 0.0781269 0.393982
0.2186 0.105668 0.112003
0.090143 0.0785584 0.356197
0.180098 0.281731 0.630932
0.267208 0.081133 0.809654
0.142437 0.331611 0.489149
0.367469 0.143818 0.956225
0.387612 0.114846 0.707735
0.196969 0.317603 0.582418
0.278521 0.218065 0.810153
0.262127 0.321705 0.241705
0.396032 0.200622 0.0768203
0.0737708 0.257331 0.427805
0.366928 0.118987 0.159622
0.118898 0.0759597 0.616158
0.17292 0.222331 0.784933
0.378166 0.100972 0.174698
0.298157 0.162762 0.0483729
0.169441 0.101926 0.141816
0.30993 0.241366 0.0693269
0.258806 0.336607 0.374618
0.254328 0.114204 0.051615
0.153236 0.157136 0.0434088
0.251161 0.139246 0.0253759
0.374016 0.137425 0.0303765
0.0617678 0.232256 0.138218
0.371049 0.078969 0.32849
0.067573 0.0825277 0.886309
0.280997 0.0760084 0.616077
0.0805401 0.0766215 0.202017
0.13095 0.179684 0.0498211
0.371147 0.128043 0.206578
0.289484 0.0769608 0.511708
0.21982 0.115719 0.0418878
0.0436706 0.178957 0.219239
0.327631 0.0838127 0.858863
0.248653 0.149032 0.0276887
0.0995004 0.32294 0.474288
0.0977647 0.120983 0.194596
0.0929899 0.309843 0.29034
0.144011 0.0977864 0.173975
0.361361 0.112574 0.0622232
0.140825 0.118754 0.0278447
0.261798 0.104725 0.119646
0.0841252 0.101525 0.86654
0.0566797 0.23012 0.224177
0.206501 0.335763 0.451273
0.400044 0.182627 0.798802
0.0805521 0.0397416 0.244189
0.0977666 0.168653 0.797306
0.364347 0.106058 0.95075
0.145816 0.0865956 0.260179
0.271442 0.0777482 0.747054
0.127618 0.333292 0.330631
0.401819 0.110293 0.67018
0.0813521 0.248752 0.654052
0.372724 0.0762252 0.595236
0.246802 0.191907 0.924885
0.384311 0.177162 0.0540441
0.357663 0.174099 0.936649
0.127044 0.245358 0.140576
0.0597376 0.239154 0.640508
0.204506 0.11515 0.045485
0.4101 0.155737 0.485624
0.244908 0.19123 0.926791
0.262481 0.332352 0.506191
0.406886 0.119929 0.5051
0.392662 0.227924 0.158883
0.0446992 0.0954715 0.217193
0.0480282 0.0636151 0.844773
0.0977714 0.107882 0.2993
0.360073 0.107927 0.865574
0.400798 0.209915 0.258743
0.40597 0.11788 0.380151
0.259311 0.284096 0.627465
0.366061 0.289904 0.309459
0.261215 0.335516 0.448595
0.276293 0.151666 0.0377327
0.0741224 0.0559636 0.18332
0.264998 0.234243 0.696088
0.171216 0.24467 0.124014
0.151193 0.30755 0.229465
0.245241 0.0770099 0.73355
0.0523816 0.214104 0.519793
0.400181 0.169517 0.239801
0.371678 0.28012 0.457514
0.232522 0.0933452 0.208383
0.202786 0.33669 0.323609
0.343253 0.228895 0.721302
0.228096 0.0755043 0.669752
0.253992 0.274319 0.641288
0.276527 0.247119 0.149722
0.0646202 0.236602 0.316674
0.391428 0.228423 0.482351
0.048213 0.197802 0.197446
0.0461459 0.183853 0.172352
0.126007 0.126523 0.970012
0.243501 0.202905 0.880205
0.0977553 0.155435 0.220611
0.139564 0.0790241 0.318486
0.222639 0.227906 0.759152
0.278097 0.0820603 0.826738
0.223981 0.291081 0.207831
0.379292 0.16698 0.765112
0.0865576 0.294848 0.582004
0.244734 0.0821603 0.902465
0.155272 0.322443 0.571731
0.379192 0.150149 0.761283
0.115061 0.296335 0.59827
0.0522546 0.152355 0.221699
0.214426 0.107325 0.958449
0.380171 0.224126 0.73406
0.348167 0.0788446 0.338435
0.311295 0.0793669 0.316231
0.0977748 0.0973251 0.311851
0.0421421 0.161655 0.183558
0.303455 0.116293 0.0383797
0.210473 0.226018 0.768548
0.166477 0.219648 0.79983
0.268484 0.205222 0.058264
0.398601 0.215939 0.431878
0.0423844 0.167009 0.311053
0.269002 0.0792774 0.77534
0.264649 0.278375 0.63477
0.0798409 0.139147 0.748747
0.324019 0.185541 0.0484097
0.0453397 0.0756045 0.187713
0.237384 0.077782 0.747867
0.0438466 0.127191 0.327045
0.204856 0.321355 0.57792
0.124782 0.232146 0.705882
0.38805 0.237181 0.480382
0.40599 0.183929 0.180741
0.0902087 0.137581 0.303028
0.103214 0.144686 0.955178
0.0796318 0.0954789 0.319049
0.320734 0.332903 0.441757
0.361901 0.157266 0.743066
0.392294 0.217382 0.088568
0.29266 0.0830404 0.844776
0.0405858 0.147751 0.331292
0.40637 0.0532393 0.204427
0.0905421 0.119109 0.861596
0.209372 0.329875 0.549638
0.207009 0.33732 0.387658
0.0613806 0.24418 0.219465
0.0548025 0.150936 0.899455
0.0453656 0.0431485 0.807987
0.134261 0.26119 0.183214
0.153176 0.0769382 0.509764
0.229249 0.242683 0.0842604
0.153424 0.0826871 0.839014
0.243064 0.0767283 0.535748
0.404924 0.194936 0.411287
0.0782745 0.0753055 0.677073
0.353937 0.0793623 0.702799
0.254065 0.241264 0.686958
0.0871204 0.246957 0.177732
0.304835 0.242004 0.0769816
0.0666613 0.24073 0.614889
0.1344 0.0985256 0.941789
0.26201 0.07898 0.32482
0.397971 0.0848087 0.174147
0.240648 0.254822 0.669107
0.217843 0.328587 0.561288
0.338035 0.276253 0.625883
0.406809 0.17605 0.593166
0.221146 0.101927 0.141934
0.329054 0.332416 0.344754
0.313819 0.198335 0.894494
0.406372 0.0467003 0.238111
0.343602 0.325036 0.541492
0.26448 0.160178 0.949468
0.380785 0.264655 0.238028
0.0453285 0.12223 0.288208
0.0977928 0.0826861 0.826383
0.286617 0.3061 0.594933
0.172079 0.240681 0.686526
0.199008 0.0977156 0.174645
0.377676 0.0769141 0.519703
0.29044 0.214553 0.826867
0.105342 0.0758877 0.623626
0.37118 0.0670819 0.750747
0.149858 0.172119 0.943935
0.0977717 0.104112 0.271755
0.22321 0.0771719 0.486364
0.325913 0.327271 0.537544
0.406277 0.188901 0.464596
0.403337 0.112196 0.473703
0.0977737 0.101645 0.31685
0.348798 0.328497 0.387846
0.402068 0.211503 0.478378
0.089072 0.111238 0.865068
0.406365 0.123545 0.829475
0.292065 0.282465 0.203415
0.176115 0.336278 0.409938
0.136352 0.0764086 0.567402
0.240273 0.248229 0.156178
0.244248 0.0824934 0.889639
0.406344 0.142683 0.245536
0.243506 0.0761004 0.604754
0.234072 0.127416 0.0252817
0.0647429 0.23891 0.478895
0.190186 0.257303 0.176563
0.190041 0.23117 0.734932
0.248861 0.0773219 0.470711
0.0977563 0.147828 0.178981
0.404172 0.0564801 0.220415
0.371164 0.0730771 0.241846
0.150507 0.244328 0.120862
0.0453515 0.0387323 0.224194
0.310262 0.0762021 0.595749
0.0477519 0.0323522 0.211297
0.407307 0.151244 0.713439
0.093629 0.310257 0.330094
0.218898 0.101295 0.948601
0.0833789 0.0869598 0.868749
0.168047 0.201981 0.88158
0.407225 0.0945961 0.217972
0.383194 0.0822062 0.921259
0.403465 0.115512 0.810394
0.407362 0.132828 0.637177
0.183471 0.335341 0.286835
0.230968 0.0818618 0.296833
0.0810479 0.0760441 0.605654
0.151759 0.202316 0.878532
0.373165 0.153227 0.776793
0.0481475 0.198249 0.451523
0.40639 0.0361657 0.786269
0.212957 0.245309 0.119649
0.373934 0.0353362 0.821392
0.0799262 0.274879 0.500467
0.294516 0.0763084 0.58356
0.169782 0.244295 0.119893
0.373604 0.153123 0.798803
0.111623 0.0788015 0.336167
0.0681334 0.116975 0.158557
0.0912172 0.0761982 0.589046
0.150187 0.32347 0.56962
0.33393 0.142346 0.0270655
0.0646865 0.251794 0.21167
0.224773 0.0950566 0.195184
0.408809 0.15338 0.578196
0.388585 0.111791 0.299757
0.398751 0.200794 0.119616
0.403513 0.204672 0.547507
0.320292 0.0772156 0.484714
0.257102 0.110847 0.0730502
0.386982 0.252705 0.221416
0.404447 0.195729 0.43434
0.0452727 0.182949 0.185734
0.399507 0.106361 0.435425
0.0757514 0.0772628 0.471565
0.355527 0.316058 0.362597
0.398527 0.0283903 0.218245
0.153853 0.222692 0.779813
0.180319 0.200821 0.88739
0.371163 0.122064 0.7442
0.322537 0.290372 0.611405
0.283723 0.335699 0.369939
0.256197 0.256685 0.665345
0.249678 0.0836657 0.28298
0.152259 0.242763 0.0945648
0.406355 0.108756 0.276833
0.0453625 0.055571 0.832276
0.354863 0.317104 0.41102
0.370708 0.149313 0.842068
0.0820105 0.138178 0.302733
0.364108 0.122187 0.0306666
0.0838611 0.11042 0.706337
0.105197 0.080436 0.797662
0.0507281 0.16688 0.0893814
0.148789 0.332351 0.480464
0.0453242 0.128636 0.200223
0.406363 0.123368 0.758059
0.405444 0.173771 0.696787
0.386429 0.119082 0.709526
0.0977717 0.151506 0.804529
0.0453557 0.0785972 0.83412
0.402779 0.20517 0.297905
0.400189 0.211747 0.397576
0.0610532 0.228266 0.365236
0.0417644 0.153717 0.498543
0.406889 0.244213 0.626449
0.394286 0.20301 0.771358
0.254522 0.0814818 0.816172
0.353929 0.107139 0.727827
0.304143 0.196404 0.903468
0.243178 0.242664 0.0842022
0.350164 0.293769 0.59664
0.306153 0.321198 0.572538
0.403518 0.0656111 0.812231
0.273161 0.0997019 0.159512
0.04148 0.17274 0.209823
0.376444 0.0680546 0.725193
0.0604454 0.0923797 0.495544
0.18908 0.0785228 0.761829
0.399245 0.214029 0.423574
0.41011 0.140989 0.315534
0.112444 0.0823496 0.893672
0.40534 0.110581 0.273286
0.247329 0.190485 0.928603
0.091963 0.159682 0.829594
0.37117 0.109016 0.842907
0.347574 0.227775 0.058454
0.0459474 0.118266 0.322624
0.371164 0.0724832 0.238129
0.175526 0.242561 0.0906835
0.0701852 0.0797281 0.41252
0.388761 0.226226 0.703662
0.144358  0.222 0.782445
0.155497 0.0882361 0.247564
0.168326 0.112916 0.059677
0.36058 0.237711 0.674155
0.397708 0.244635 0.629705
0.109044 0.168872 0.0509722
0.308279 0.329775 0.526212
0.0917904 0.075785 0.634473
0.106199 0.329756 0.269369
0.0706299 0.249365 0.422362
0.37036 0.110288 0.0768321
0.0512106 0.163722 0.822031
0.368965 0.0820906 0.906561
0.073331 0.149703 0.760601
0.330649 0.132617 0.968881
0.237696 0.0894302 0.93799
0.0443458 0.149564 0.696908
0.0898461 0.105144 0.115889
0.217828 0.084135 0.279293
0.19185 0.217595 0.0583758
0.228758 0.290039 0.622197
0.100236 0.0771566 0.484031
0.0521597 0.210551 0.181091
0.297747 0.272322 0.193222
0.268372 0.255929 0.665673
0.380875 0.254063 0.524804
0.211587 0.20711 0.863175
0.12869 0.193366 0.0584546
0.269053 0.245544 0.12062
0.14347 0.092302 0.216219
0.0977733 0.139003 0.72207
0.167336 0.33488 0.287449
0.289572 0.0768733 0.521332
0.235093 0.0771211 0.492335
0.363977 0.299845 0.460023
0.201171 0.106308 0.106839
0.350979 0.32546 0.391642
0.0625168 0.0886456 0.578619
0.08993 0.153218 0.18475
0.152564 0.0908371 0.227523
0.0480941 0.0960323 0.822522
0.151576 0.193436 0.916388
0.060627 0.162418 0.198389
0.324737 0.0764699 0.72313
0.0574924 0.230585 0.618093
0.0977758 0.133976 0.762503
0.045458 0.0428531 0.277716
0.338891 0.0750665 0.697107
0.202508 0.336823 0.342085
0.353923 0.0878738 0.276246
0.171868 0.0752815 0.679298
0.0453536 0.0351251 0.263588
0.15453 0.230088 0.735785
0.0995229 0.0774532 0.451422
0.392823 0.093806 0.613861
0.371186 0.0532824 0.817828
0.0739618 0.167627 0.813069
0.402912 0.199321 0.249634
0.353935 0.0920426 0.791129
0.175099 0.0989796 0.164855
0.355575 0.315269 0.425415
0.219163 0.0916731 0.937701
0.235281 0.0780298 0.40455
0.181468 0.332469 0.495376
0.133386 0.165361 0.945319
0.406358 0.146894 0.798187
0.303635 0.0935598 0.206891
0.0805304 0.115347 0.264451
0.0525333 0.213317 0.248662
0.40126 0.206172 0.202068
0.343103 0.19783 0.891305
0.074573 0.207631 0.836401
0.278335 0.116062 0.0398016
0.231152 0.07609 0.605492
0.227175 0.0762521 0.587558
0.101457 0.0760332 0.607514
0.0916654 0.0778016 0.420257
0.285483 0.229765 0.0579212
0.161827 0.163935 0.94733
0.0559496 0.122937 0.917894
0.106874 0.142866 0.964173
0.353935 0.0898425 0.756374
0.35392 0.0946182 0.225207
0.07151 0.130946 0.0309843
0.176628 0.335913 0.332618
0.371166 0.0630791 0.186586
0.0535117 0.0768058 0.302337
0.0805366 0.138374 0.765756
0.297209 0.209763 0.84648
0.203351 0.0827996 0.877388
0.16751 0.333824 0.461457
0.27175 0.32848 0.554114
0.278665 0.209051 0.851091
0.0757549 0.0753226 0.676307
0.0521941 0.106342 0.508449
0.325836 0.0821193 0.919256
0.280487 0.0765684 0.554538
0.388269 0.235642 0.45235
0.256944 0.207411 0.860011
0.0668914 0.165972 0.760271
0.0927556 0.0788424 0.332239
0.393151 0.12525 0.184358
0.400595 0.175014 0.828338
0.386177 0.0858123 0.424001
0.0725032 0.169448 0.79245
0.409963 0.140988 0.47412
0.0805485 0.104962 0.839948
0.143739 0.33007 0.520343
0.273523 0.0779516 0.412125
0.0636848 0.115446 0.0545909
0.394437 0.142836 0.173626
0.0444631 0.158639 0.150066
0.24085 0.329854 0.550304
0.099192 0.114929 0.0467009
0.0490996 0.18962 0.133733
0.07001 0.226907 0.0603095
0.21823 0.19852 0.899743
0.353907 0.138541 0.247593
0.332958 0.0785805 0.360404
0.406382 0.0587014 0.744639
0.353919 0.0975199 0.256218
0.0560992 0.225436 0.196691
0.407645 0.145724 0.137272
0.0544617 0.197861 0.0832872
0.0867417 0.293937 0.483256
0.0487823 0.178621 0.743821
0.3655 0.0927519 0.867875
0.19283 0.0887434 0.24374
0.30795 0.0799668 0.78787
0.0629192 0.231763 0.333858
0.074117 0.260298 0.195119
0.40636 0.133821 0.758887
0.0865908 0.169594 0.237693
0.217345 0.33104 0.542325
0.37302 0.0568604 0.840434
0.0512766 0.133052 0.903439
0.158206 0.116141 0.0390766
0.186445 0.336318 0.343997
0.206033 0.0772296 0.479465
0.0528535 0.128578 0.908104
0.17123 0.0786759 0.348276
0.125717 0.22713 0.740158
0.395145 0.196746 0.791611
0.393932 0.145348 0.820171
0.189834 0.298057 0.609047
0.407834 0.163619 0.822486
0.312329 0.24823 0.16938
0.132059 0.15031 0.0336525
0.0431932 0.162704 0.580208
0.174434 0.0828152 0.87646
0.306499 0.0771233 0.49441
0.362889 0.0775144 0.453269
0.405207 0.186128 0.599961
0.388317 0.087423 0.596341
0.265894 0.0776655 0.436141
0.0966214 0.0757967 0.633341
0.40032 0.101669 0.17495
0.0564731 0.210564 0.717328
0.0574409 0.153417 0.25161
0.365428 0.0784217 0.374652
0.240142 0.0879912 0.249641
0.213179 0.211259 0.845853
0.212812 0.199835 0.893835
0.111842 0.303847 0.231778
0.175759 0.082697 0.88102
0.098123 0.244936 0.158143
0.0593866 0.151129 0.260997
0.353926 0.117393 0.722714
0.340812 0.0787079 0.349818
0.284035 0.312049 0.23329
0.0458983 0.181614 0.620452
0.403492 0.0596116 0.804075
0.314762 0.0816871 0.298368
0.0462321 0.0292062 0.773708
0.0571435 0.114032 0.178626
0.371148 0.125641 0.219574
0.102152 0.0784827 0.362904
0.0440903 0.165624 0.641681
0.224287 0.0759318 0.622648
0.105673 0.0902386 0.232027
0.353901 0.157494 0.229333
0.0541396 0.0387897 0.746363
0.214449 0.182215 0.0488856
0.0491542 0.208185 0.282051
0.0624663 0.230993 0.587956
0.0740332 0.192432 0.909507
0.13422 0.0770916 0.735672
0.221774 0.0794116 0.77808
0.112751 0.0911378 0.225117
0.047623 0.158735 0.275435
0.0775567 0.0753863 0.673584
0.327815 0.0771907 0.4877
0.380039 0.253159 0.358732
0.36277 0.204985 0.853638
0.176401 0.209531 0.849937
0.410075 0.169407 0.226375
0.11848 0.241726 0.0847616
0.0977549 0.160918 0.267417
0.0511791 0.137898 0.909295
0.240087 0.120426 0.0266631
0.0851656 0.0766814 0.535754
0.092491 0.114317 0.863977
0.0689827 0.169912 0.781139
0.174112 0.228001 0.751333
0.294308 0.101608 0.144655
0.353558 0.229876 0.709832
0.0541905 0.0943949 0.868941
0.0977547 0.159732 0.248699
0.0558166 0.226448 0.216096
0.353934 0.100081 0.839384
0.297003 0.132633 0.0259685
0.394557 0.225232 0.414753
0.371178 0.0750839 0.783813
0.403416 0.0944617 0.752035
0.373139 0.111115 0.0715555
0.142145 0.125756 0.026426
0.122082 0.110685 0.955048
0.353909 0.130498 0.234194
0.0561162 0.1934 0.788689
0.0500749 0.204927 0.204961
0.0852979 0.28733 0.418548
0.0964678 0.132769 0.305391
0.0521124 0.215876 0.337872
0.0800976 0.281123 0.264579
0.394959 0.22362 0.17277
0.350658 0.075688 0.653543
0.32936 0.0755029 0.671772
0.12513 0.0975445 0.175796
0.0940657 0.311124 0.345784
0.0778711 0.26853 0.432888
0.0438318 0.180585 0.273958
0.255437 0.336686 0.368762
0.0440899 0.176965 0.48974
0.405752 0.233433 0.635083
0.319178 0.190213 0.058308
0.18113 0.112807 0.060399
0.19271 0.336412 0.329818
0.353912 0.1166 0.177724
0.244869 0.335017 0.275392
0.394701 0.099288 0.341988
0.0428473 0.162016 0.395921
0.0994566 0.0818924 0.911121
0.0552651 0.208205 0.707568
0.18064 0.07849 0.364239
0.39867 0.193148 0.764338
0.354383 0.0779991 0.410131
0.371158 0.100506 0.284183
0.0727184 0.256643 0.349882
0.0426562 0.167709 0.769511
0.260276 0.240215 0.68805
0.189504 0.242076 0.0822526
0.275915 0.0780464 0.752544
0.0977525 0.167413 0.249473
0.11485 0.112144 0.956987
0.394823 0.188576 0.832054
0.0492037 0.205684 0.316337
0.371175 0.0899122 0.837564
0.266616 0.07847 0.368092
0.0750365 0.0861681 0.868868
0.196422 0.0786186 0.353755
0.158365 0.0934597 0.207335
0.148104 0.149704 0.031152
0.0982038 0.0827832 0.876825
0.22632 0.0823611 0.894525
0.045683 0.117604 0.609878
0.377109 0.0862518 0.173812
0.0475048 0.198651 0.331379
0.356905 0.314876 0.490703
0.164076 0.176547 0.0492458
0.371149 0.124802 0.235331
0.0597773 0.0918719 0.671054
0.331279 0.078774 0.34399
0.277458 0.321291 0.575072
0.210331 0.241108 0.0655616
0.232595 0.337738 0.395735
0.319243 0.202418 0.874104
0.33041 0.145396 0.955106
0.043632 0.12788 0.407844
0.394629 0.137419 0.0434216
0.142059 0.207969 0.853271
0.0706974 0.0764861 0.657817
0.119211 0.077196 0.480317
0.2382 0.0989764 0.165021
0.398856 0.215794 0.563375
0.215348 0.284496 0.629399
0.0738535 0.169382 0.793205
0.177948 0.0772699 0.474117
0.258959 0.273399 0.642081
0.387765 0.049964 0.837376
0.324384 0.230333 0.721457
0.0899524 0.0770004 0.695821
0.0851349 0.211157 0.82217
0.328841 0.0854389 0.2695
0.0870118 0.082717 0.879243
0.371145 0.140318 0.260283
0.400116 0.108628 0.337154
0.0989006 0.224481 0.0564776
0.384817 0.0274306 0.769244
0.395689 0.0585418 0.29567
0.297179 0.199645 0.890004
0.300982 0.334048 0.45036
0.2401 0.247475 0.679173
0.080528 0.122618 0.259055
0.080566 0.0416568 0.791961
0.0786927 0.225065 0.731462
0.298042 0.232712 0.0595262
0.0805252 0.127884 0.2142
0.39933 0.21487 0.393126
0.334483 0.204122 0.0516683
0.0453605 0.0627339 0.83382
0.376773 0.159159 0.937377
0.180343 0.335448 0.290592
0.130269 0.0907724 0.227971
0.318204 0.200655 0.882208
0.0407999 0.151896 0.379051
0.358667 0.308536 0.273658
0.396947 0.209018 0.125848
0.296247 0.0769397 0.514254
0.360419 0.306435 0.559955
0.0470814 0.193178 0.232341
0.193092 0.145683 0.959051
0.401272 0.19882 0.650038
0.0453542 0.0843792 0.843395
0.396473 0.221864 0.486107
0.398607 0.098555 0.174561
0.197011 0.0837339 0.858124
0.114141 0.0823295 0.927092
0.161409 0.219518 0.0588668
0.0903314 0.16504 0.261719
0.0676628 0.244687 0.301451
0.206043 0.247537 0.162329
0.311907 0.319304 0.241956
0.0842977 0.285942 0.365636
0.297147 0.332796 0.477361
0.129398 0.0788773 0.330197
0.353929 0.115507 0.820205
0.313078 0.191405 0.0583042
0.3642 0.149667 0.180017
0.0492507 0.202558 0.433697
0.398307 0.195837 0.0921686
0.385721 0.164322 0.755087
0.0497883 0.177037 0.816063
0.150144 0.254181 0.666592
0.0470739 0.194863 0.539256
0.0721363 0.256979 0.277481
0.19783 0.0809906 0.303469
0.0805263 0.128374 0.259776
0.406154 0.108601 0.221102
0.405768 0.191503 0.408461
0.0553813 0.0732155 0.301636
0.360119 0.305596 0.289518
0.36117 0.168228 0.254936
0.359358 0.227653 0.721258
0.385632 0.254445 0.210529
0.280841 0.246806 0.146049
0.285478 0.296474 0.608164
0.268129 0.0766718 0.54277
0.0897575 0.0892511 0.938012
0.150305 0.329808 0.531148
0.150243 0.142925 0.969345
0.233275 0.231448 0.706373
0.0814983 0.13654 0.719733
0.0524489 0.0404954 0.828103
0.323907 0.2447 0.126514
0.182423 0.334369 0.460993
0.273759 0.0780804 0.753183
0.166893 0.0781402 0.393494
0.0491003 0.111226 0.430963
0.0505448 0.160889 0.270742
0.111761 0.201353 0.0514259
0.400285 0.214814 0.302175
0.114726 0.223737 0.756985
0.056605 0.154644 0.779306
0.075526 0.146308 0.844881
0.321689 0.246819 0.168416
0.243971 0.0797797 0.784762
0.241128 0.33755 0.412208
0.159004 0.243949 0.114318
0.0453383 0.134405 0.796278
0.36122 0.220642 0.763943
0.195478 0.0820077 0.938223
0.353912 0.123628 0.273056
0.0679965 0.0331506 0.817648
0.0654064 0.120499 0.296376
0.309777 0.176531 0.0496688
0.353927 0.113057 0.713672
0.31747 0.110923 0.0726752
0.402833 0.111599 0.587508
0.1128 0.0910126 0.226082
0.379684 0.111336 0.847551
0.0916378 0.225165 0.737351
0.0660541 0.127895 0.955868
0.0444059 0.123488 0.359744
0.164779 0.0820391 0.918332
0.145745 0.193433 0.915987
0.393065 0.113719 0.846537
0.0805515 0.0433987 0.25536
0.0674482 0.221817 0.740597
0.392287 0.226277 0.485176
0.262914 0.33653 0.384315
0.284749 0.121349 0.972393
0.0561217 0.188252 0.827401
0.296865 0.0806642 0.800824
0.0773277 0.267149 0.403403
0.298281 0.0905276 0.937849
0.103401 0.0813121 0.81387
0.0977796 0.129317 0.855378
0.22003 0.331975 0.526376
0.0439032 0.126605 0.475249
0.129723 0.0823481 0.927492
0.289298 0.113865 0.0538448
0.207531 0.337414 0.40112
0.171083 0.335961 0.380387
0.206326 0.0927641 0.212801
0.278256 0.330718 0.527641
0.40752 0.223127 0.621437
0.254463 0.0757184 0.647079
0.179918 0.222037 0.0586397
0.371296 0.0759686 0.623381
0.0833177 0.168415 0.773187
0.222663 0.197419 0.904687
0.353924 0.127341 0.758769
0.133862 0.0787755 0.338926
0.159279 0.0780904 0.397521
0.208924 0.337525 0.414724
0.0805436 0.0729293 0.292602
0.371155 0.108125 0.260745
0.14531 0.188419 0.932379
0.137024 0.332774 0.271397
0.199725 0.229523 0.746293
0.378975 0.240274 0.0724273
0.228805 0.245284 0.115665
0.271034 0.0793692 0.777026
0.337691 0.0770234 0.5064
0.111461 0.329183 0.463108
0.409097 0.146952 0.549164
0.402936 0.203409 0.367152
0.0957365 0.165678 0.208712
0.0786703 0.135531 0.282886
0.0508843 0.168564 0.774022
0.30908 0.334631 0.310123
0.0484316 0.111989 0.263605
0.341237 0.0752758 0.700964
0.387164 0.233379 0.424459
0.0754389 0.20558 0.84649
0.337672 0.115389 0.0442101
0.131291 0.227879 0.0591912
0.171016 0.0767702 0.528801
0.257289 0.0773962 0.462827
0.143693 0.0780543 0.400179
0.0533896 0.210011 0.623049
0.101058 0.323944 0.515394
0.0977712 0.102163 0.228056
0.0656989 0.0857824 0.42813
0.31867 0.277553 0.200482
0.0805647 0.0423667 0.750155
0.0977758 0.13842 0.812105
0.0478188 0.100445 0.822649
0.0532164 0.21597 0.24842
0.148793 0.164693 0.0494221
0.126725 0.326088 0.251076
0.0507478 0.0982819 0.850433
0.403338 0.060007 0.223234
0.0516051 0.107063 0.674805
0.147856 0.335065 0.374006
0.131211 0.200987 0.0586744
0.387736 0.0268646 0.800902
0.34425 0.17958 0.0512419
0.386355 0.084736 0.677099
0.176178 0.33616 0.382418
0.388665 0.23205 0.120618
0.0469918 0.150988 0.22386
0.0453296 0.118269 0.287024
0.212274 0.16265 0.0482478
0.38865 0.0751263 0.849736
0.155069 0.285336 0.207261
0.375026 0.144974 0.949487
0.145349 0.245152 0.134795
0.0898059 0.169845 0.78801
0.12445 0.114191 0.0514568
0.343318 0.239977 0.0651455
0.251318 0.178667 0.048986
0.382559 0.137942 0.195052
0.391225 0.091886 0.556581
0.140593 0.0768571 0.518256
0.0977598 0.141217 0.234683
0.381203 0.194785 0.897395
0.0518615 0.152878 0.859863
0.0723489 0.183557 0.928962
0.371165 0.114813 0.7343
0.0487247 0.112007 0.508549
0.155826 0.0749714 0.69244
0.383532 0.0838306 0.343947
0.0463315 0.0764232 0.812012
0.284221 0.0864397 0.261691
0.337561 0.0821541 0.903759
0.0416643 0.1771 0.245038
0.244333 0.318392 0.582098
0.398303 0.12146 0.0826078
0.134548 0.246804 0.161921
0.0498966 0.132764 0.889671
0.0865371 0.243353 0.133745
0.395868 0.0274766 0.22187
0.377957 0.257466 0.403754
0.356264 0.0764688 0.567938
0.0796448 0.12158 0.161203
0.340735 0.0949705 0.196109
0.239947 0.0755253 0.667824
0.142793 0.334678 0.328454
0.0583202 0.0965483 0.379731
0.368914 0.285021 0.604783
0.357414 0.217425 0.786247
0.0729588 0.167176 0.934231
0.149097 0.0816068 0.819065
0.125574 0.332986 0.418488
0.407803 0.180184 0.314787
0.321966 0.226452 0.746056
0.168052 0.0776934 0.431329
0.0497396 0.164151 0.203906
0.351793 0.186065 0.0504396
0.225187 0.077542 0.743497
0.216888 0.286762 0.626402
0.342481 0.136031 0.966698
0.386049 0.0922948 0.929529
0.288913 0.182706 0.940759
0.20392 0.254826 0.173348
0.318045 0.0819046 0.91314
0.07837 0.240824 0.0836231
0.180785 0.282591 0.629797
0.353918 0.145811 0.755739
0.404628 0.196495 0.459439
0.328258 0.141846 0.968663
0.156115 0.0772426 0.476405
0.338529 0.0784579 0.370918
0.151857 0.335284 0.390068
0.289733 0.302158 0.223778
0.398746 0.104256 0.523875
0.184957 0.105575 0.112662
0.0451878 0.157811 0.657733
0.324811 0.156106 0.0436104
0.217535 0.0768544 0.521066
0.405272 0.162863 0.133859
0.204885 0.0829201 0.872768
0.268385 0.0913335 0.22396
0.0854401 0.292018 0.226929
0.409126 0.176728 0.259455
0.0842807 0.286567 0.322858
0.24932 0.131155 0.973648
0.156009 0.335277 0.3527
0.0578975 0.0964314 0.517117
0.339155 0.280032 0.207631
0.379044 0.256783 0.580748
0.20845 0.0781929 0.390078
0.0805484 0.0983372 0.76331
0.316093 0.0762748 0.719571
0.281321 0.229858 0.739605
0.0524386 0.18943 0.0816681
0.404991 0.106186 0.202542
0.386584 0.107626 0.0967329
0.0453514 0.0437954 0.275078
0.304445 0.335207 0.409016
0.26823 0.0779298 0.413837
0.0464544 0.117053 0.686825
0.0508538 0.108653 0.5281
0.104577 0.32996 0.304334
0.353924 0.12734 0.744826
0.218784 0.0822701 0.897943
0.379177 0.212292 0.811451
0.0456088 0.11495 0.792754
0.404644 0.164252 0.263631
0.173685 0.0855553 0.268254
0.371156 0.107097 0.287165
0.0729287 0.0994121 0.939577
0.39175 0.170948 0.905131
0.213549 0.2233 0.785004
0.0484052 0.119122 0.226923
0.331421 0.0782531 0.75606
0.353138 0.0836647 0.855986
0.0480872 0.0675492 0.815661
0.399365 0.227152 0.642589
0.391926 0.0933425 0.506692
0.238216 0.116302 0.0369249
0.125812 0.176881 0.0499963
0.0977889 0.0977426 0.847667
0.14525 0.0964522 0.184255
0.0480624 0.125534 0.185444
0.387387 0.088157 0.367768
0.224571 0.246803 0.68134
0.205603 0.0771463 0.488606
0.407326 0.100023 0.767937
0.307159 0.0788973 0.332946
0.382552 0.247222 0.277969
0.338778 0.284883 0.212526
0.028922 0.244234 0.611002
0.186761 0.335172 0.281839
0.0470697 0.116383 0.693887
0.345938 0.286678 0.608255
0.394353 0.0980267 0.420706
0.103604 0.115286 0.0444336
0.371185 0.0526199 0.791951
0.123702 0.205197 0.858862
0.377524 0.260793 0.297754
0.356265 0.0778237 0.425019
0.371167 0.0613576 0.199544
0.260482 0.227464 0.756901
0.0697592 0.24045 0.0921042
0.0445727 0.184643 0.445059
0.312681 0.323804 0.246568
0.214919 0.336946 0.305881
0.317011 0.0762133 0.594738
0.157371 0.10195 0.141603
0.261245 0.092607 0.214135
0.259846 0.263687 0.655372
0.0745348 0.0761833 0.590145
0.233454 0.0750902 0.688319
0.166218 0.173022 0.049172
0.113861 0.140401 0.0272969
0.336793 0.260095 0.185611
0.372349 0.0275862 0.787597
0.289773 0.0800315 0.789167
0.406385 0.0506886 0.753728
0.403863 0.14014 0.868812
0.317568 0.0804819 0.797341
0.195544 0.0958286 0.189172
0.177653 0.272681 0.643237
0.319033 0.0773501 0.739433
0.128272 0.0772563 0.473994
0.406373 0.0507735 0.283261
0.283627 0.0844738 0.276832
0.322757 0.246458 0.167324
0.158995 0.246111 0.144949
0.403009 0.199231 0.231646
0.205078 0.122747 0.973928
0.144868 0.0781402 0.392944
0.0659063 0.0855719 0.42474
0.255498 0.336498 0.344647
0.0527073 0.117497 0.708672
0.385076 0.243747 0.167842
0.407189 0.12519 0.618679
0.229036 0.23054 0.703392
0.0526161 0.220496 0.272409
0.353918 0.102682 0.24391
0.0423764 0.164696 0.447359
0.172901 0.219709 0.0586999
0.257589 0.333505 0.25684
0.12552 0.0783626 0.373647
0.406372 0.0906768 0.737024
0.194263 0.293952 0.21286
0.0834876 0.109044 0.8654
0.404357 0.195768 0.576437
0.0630975 0.0901015 0.399563
0.173113 0.335863 0.428919
0.0977542 0.159528 0.222395
0.251904 0.0877396 0.251606
0.283157 0.243075 0.0896445
0.397857 0.0765411 0.722705
0.377578 0.0320433 0.267907
0.270999 0.335471 0.442866
0.168585 0.0812574 0.812498
0.0453341 0.147942 0.791113
0.374681 0.270874 0.500217
0.376169 0.111257 0.84761
0.406358 0.14487 0.774691
0.0530885 0.152105 0.768214
0.300508 0.247138 0.160454
0.170622 0.198136 0.897987
0.380868 0.0788308 0.409883
0.238992 0.247602 0.144112
0.358989 0.246654 0.661766
0.363771 0.162665 0.93882
0.0453197 0.148008 0.245751
0.338206 0.241379 0.676164
0.233838 0.265647 0.182981
0.219417 0.0787749 0.341108
0.097763 0.131599 0.247394
0.219661 0.0956231 0.190809
0.272948 0.335751 0.302486
0.305928 0.0827579 0.290099
0.10513 0.330294 0.415327
0.0977701 0.102815 0.19669
0.336265 0.11237 0.0634788
0.0977795 0.127985 0.8339
0.208059 0.337359 0.38825
0.390872 0.222031 0.104142
0.118082 0.09328 0.208628
0.349288 0.326816 0.46122
0.0653554 0.100826 0.150652
0.306987 0.150119 0.0324855
0.0955662 0.315826 0.494172
0.0453338 0.103771 0.28184
0.0453645 0.0436688 0.774292
0.369087 0.198115 0.0532129
0.136844 0.330442 0.497345
0.230918 0.309931 0.227513
0.116097 0.307144 0.234244
0.174413 0.0784042 0.371342
0.371164 0.123474 0.802094
0.160327 0.0787588 0.340993
0.0486245 0.124924 0.712989
0.0535728 0.124127 0.906992
0.406373 0.0464969 0.239222
0.182586 0.0755593 0.662226
0.378149 0.139525 0.0306391
0.0561459 0.0995983 0.441821
0.322159 0.084216 0.278905
0.0453526 0.0795795 0.729904
0.362832 0.18874 0.051032
0.0476618 0.0298895 0.261001
0.376606 0.260711 0.419118
0.22773 0.337866 0.388975
0.401835 0.128364 0.100494
0.264898 0.0771035 0.495229
0.298591 0.10415 0.124328
0.385982 0.0821436 0.919441
0.10766 0.326501 0.511195
0.0443447 0.172109 0.571379
0.0426764 0.15322 0.564982
0.207978 0.336702 0.303322
0.320654 0.201426 0.878372
0.0598297 0.0921427 0.617288
0.191538 0.224239 0.776337
0.328212 0.332659 0.315213
0.0983733 0.0785461 0.357441
0.182905 0.15071 0.034287
0.0826914 0.0822899 0.895633
0.406765 0.121642 0.601351
0.145505 0.242573 0.0915277
0.401274 0.11025 0.375084
0.0944564 0.0895785 0.318864
0.407735 0.179826 0.380964
0.0475561 0.161339 0.108433
0.206466 0.0939456 0.203701
0.371145 0.136233 0.225442
0.309604 0.232239 0.721244
0.20658 0.0757829 0.711079
0.0456327 0.17557 0.670966
0.0711398 0.0805009 0.32792
 0.336 0.0937651 0.205383
0.0467587 0.172725 0.71681
0.28164 0.209279 0.0585097
0.0468466 0.132327 0.73965
0.0509309 0.155654 0.0711082
0.161319 0.335348 0.323624
0.0769304 0.0752891 0.677763
0.400585 0.107528 0.492733
0.0618217 0.225029 0.107212
0.0631994 0.208018 0.0572825
0.0735547 0.0654664 0.178613
0.404874 0.193549 0.295301
0.089136 0.299121 0.310633
0.0975443 0.115395 0.157778
0.0977651 0.121022 0.212085
0.217954 0.262451 0.659609
0.400208 0.122107 0.0962073
0.104462 0.0808275 0.804905
0.168135 0.261833 0.657452
0.206853 0.336092 0.445697
0.0479305 0.136363 0.830239
0.0683207 0.102274 0.1388
0.309417 0.0832261 0.848119
0.299769 0.113413 0.0567529
0.262352 0.193241 0.919944
0.332818 0.146015 0.951862
0.264647 0.0762505 0.588942
0.0435888 0.175276 0.458019
0.396918 0.101366 0.510862
0.063226 0.232916 0.581799
0.0805259 0.123653 0.193756
0.391259 0.227124 0.555257
0.30657 0.331218 0.501759
0.166586 0.335621 0.340889
0.196955 0.309017 0.227678
0.329157 0.111174 0.0710983
0.384646 0.242719 0.302552
0.0430276 0.132456 0.380373
0.406377 0.0759505 0.726586
0.181536 0.213166 0.834814
0.31587 0.190592 0.0583008
0.140032 0.292345 0.21528
0.110845 0.109357 0.0822836
0.273014 0.233081 0.721883
0.052104 0.096281 0.850688
0.395882 0.108288 0.15243
0.406678 0.169046 0.684157
0.0977658 0.115031 0.169625
0.385299 0.226394 0.709203
0.232726 0.337582 0.376145
0.227333 0.0790579 0.771509
0.371163 0.129263 0.822283
0.145693 0.0763248 0.576917
0.406348 0.128052 0.201366
0.40056 0.10772 0.464148
0.371169 0.104572 0.768368
0.193246 0.226857 0.761153
0.0558832 0.226337 0.301002
0.272285 0.280574 0.631104
0.349926 0.32799 0.301331
0.0464921 0.192917 0.437836
0.371181 0.0641368 0.775756
0.146397 0.254941 0.665177
0.13849 0.0778753 0.415197
0.236271 0.147951 0.954945
0.0535694  0.246 0.623706
0.388955 0.143566 0.725569
0.178391 0.0774734 0.451776
0.0667095 0.0829198 0.679991
0.150515 0.0767305 0.532497
0.240018 0.33668 0.440205
0.241129 0.330525 0.545175
0.21404 0.113966 0.0530632
0.0475933 0.0645508 0.815113
0.335167 0.331818 0.346437
0.373066 0.150751 0.840687
0.178987 0.103149 0.132062
0.167847 0.075456 0.671736
0.112843 0.203819 0.86222
0.341476 0.220801 0.770815
0.0485679 0.126087 0.122739
0.328377 0.245709 0.156134
0.163452 0.0819052 0.911356
0.0742396 0.103508 0.722568
0.341721 0.0769754 0.732383
0.0470808 0.112292 0.217866
0.310547 0.295076 0.217894
0.308524 0.252862 0.667551
0.389385 0.246467 0.219272
0.135466 0.245965 0.148649
0.269021 0.304546 0.598684
0.0441523 0.166616 0.633684
0.0452899 0.160037 0.141916
0.397471 0.203137 0.719797
0.331702 0.215768 0.0535733
0.351867 0.0914849 0.222982
0.213894 0.337191 0.341965
0.24883 0.109114 0.0845094
0.164599 0.259371 0.660596
0.072829 0.152982 0.22356
0.282195 0.335743 0.368875
0.231627 0.327787 0.246107
0.241592 0.334128 0.262018
0.138287 0.244376 0.121928
0.371177 0.0823711 0.800315
0.255436 0.336901 0.396658
0.188987 0.0752664 0.701627
0.3283 0.0794385 0.777992
0.360126 0.242972 0.117496
0.320205 0.154215 0.0430009
0.0990489 0.192859 0.0509334
0.35096 0.076579 0.725004
0.0729552 0.15026 0.0350137
0.183973 0.13671 0.97268
0.346855 0.0957296 0.190276
0.296918 0.214103 0.828156
0.369413 0.170214 0.78476
0.243143 0.124371 0.974099
0.17007 0.0755156 0.706339
0.330077 0.331869 0.43817
0.224772 0.307255 0.59894
0.407394 0.152589 0.699361
0.403629 0.119728 0.808204
0.0609998 0.141937 0.724192
0.363456 0.0768002 0.531759
0.0537144 0.111723 0.847228
0.211318 0.336188 0.446751
0.159004 0.326635 0.562807
0.154607 0.082004 0.826377
0.308331 0.33351 0.275123
0.0645208 0.079103 0.174757
0.0547339 0.102273 0.521016
0.233159 0.0775112 0.449403
0.0635222 0.197783 0.860243
0.0889379 0.0823427 0.929687
0.169465 0.077743 0.427169
0.160988 0.0825503 0.886501
0.206569 0.0759438 0.620758
0.194705 0.247154 0.165011
0.0805417 0.0768723 0.263694
0.190679 0.0751316 0.685992
0.25251 0.0766499 0.544673
0.403658 0.201156 0.333368
0.0481854 0.116159 0.214758
0.338431 0.329813 0.459015
0.406332 0.152943 0.184263
0.0963329 0.078603 0.352577
0.410673 0.159496 0.308472
0.170571 0.242168 0.0841966
0.144814 0.331777 0.489624
0.193071 0.331306 0.524313
0.0555933 0.225026 0.352037
0.15606 0.1474 0.0259312
0.281356 0.0769002 0.518104
0.10041 0.245769 0.172621
0.317333 0.215369 0.0590637
0.137597 0.243752 0.111464
0.34472 0.0785906 0.35984
0.29488 0.123824 0.0266
0.0466208 0.188156 0.597261
0.242504 0.107369 0.098447
0.407781 0.126248 0.50333
0.38681 0.107716 0.153969
0.205865 0.0774314 0.457291
0.097776 0.0934035 0.311628
0.233305 0.218919 0.0579987
0.377586 0.034339 0.819828
0.255045 0.336867 0.426414
0.402572 0.175336 0.111177
0.351695 0.322673 0.463813
0.215498 0.274259 0.643364
0.371165 0.0723696 0.243627
0.237235 0.079715 0.313383
0.329069 0.327659 0.524091
0.18562 0.080741 0.802857
0.271323 0.269663 0.188649
0.406372 0.0917759 0.737685
0.239216 0.233149 0.718728
0.382487 0.0790794 0.607637
0.16291 0.0804294 0.797222
0.0434413 0.174471 0.439977
0.11286 0.0755046 0.706452
0.0472112 0.114251 0.471929
0.18735 0.157327 0.0433066
0.37116 0.135879 0.789222
0.403356 0.106196 0.211848
0.0568623 0.228418 0.275371
0.353914 0.109991 0.193393
0.276846 0.0785665 0.360182
0.148036 0.0823703 0.893282
0.325292 0.0797374 0.783534
0.406347 0.133674 0.250571
0.232247 0.0783263 0.379387
0.253979 0.337121 0.418106
0.240698 0.0755422 0.665992
0.184419 0.113749 0.0543896
0.392198 0.222153 0.687243
0.385815 0.07396 0.175475
0.406385 0.0545081 0.821854
0.043483 0.13646 0.556567
0.397024 0.20745 0.120533
0.0680884 0.210284 0.056187
0.353098 0.0819773 0.296219
0.0593143 0.140184 0.0346193
0.343643 0.0781662 0.395725
0.362565 0.236105 0.0635468
0.379434 0.0682381 0.29984
0.140975 0.245721 0.144425
0.373117 0.109197 0.154696
0.185561 0.177566 0.0489841
0.398074 0.218286 0.222455
0.406383 0.0609117 0.818268
0.395754 0.227076 0.220272
0.353935 0.0903988 0.738716
0.380677 0.0792425 0.302746
0.0805411 0.0723211 0.19168
0.0511178 0.183508 0.778516
0.342384 0.0771898 0.488265
0.248401 0.075545 0.665937
0.376532 0.0768088 0.531236
0.322347 0.116006 0.0402453
0.129734 0.332735 0.438806
0.167742 0.29906 0.605565
0.130166 0.0840385 0.869791
0.213824 0.0937493 0.205229
0.247973 0.0777426 0.429169
0.36495 0.236729 0.0639095
0.09427 0.310036 0.519555
0.230933 0.250458 0.167868
0.0500547 0.203535 0.181534
0.221965 0.178177 0.0485876
0.200052 0.0768224 0.524007
0.177719 0.0759178 0.622678
0.0435131 0.140977 0.610316
0.0938474 0.206766 0.844097
0.317373 0.0771206 0.495063
0.0432013 0.157364 0.16611
0.297087 0.30788 0.591579
0.312638 0.0784218 0.759282
0.368012 0.0770289 0.506785
0.0455575 0.188805 0.373694
0.397993 0.146181 0.904482
0.37115 0.120398 0.247936
0.39711 0.144396 0.297435
0.207053 0.0755026 0.669246
0.285706 0.0760471 0.715528
0.275166 0.1083 0.0910796
0.0495755 0.205386 0.537657
0.390846 0.208781 0.782462
0.374132  0.168 0.770522
0.397749 0.196055 0.0844306
0.408714 0.140029 0.56618
0.1653 0.078283 0.381371
0.042186 0.0883947 0.227218
0.188876 0.107309 0.0988074
0.107361 0.0832807 0.850243
0.192507 0.0774192 0.458194
0.303288 0.278699 0.631867
0.371174 0.0904632 0.786143
0.399707 0.167751 0.850872
0.353923 0.0882936 0.263907
0.373585 0.104425 0.316614
0.157718 0.102863 0.134297
0.371404 0.284031 0.596942
0.0424855 0.077714 0.23449
0.0743686 0.260533 0.364095
0.0824357 0.278892 0.537547
0.333638 0.0774233 0.740708
0.254201 0.333917 0.482469
0.0740971 0.272394 0.221431
0.0750753 0.0783204 0.375952
0.406237 0.0487854 0.779866
0.0453647 0.0463615 0.813737
0.0642902 0.234513 0.364187
0.0543327 0.102627 0.581437
0.340091 0.0763251 0.583206
0.286103 0.082099 0.905292
0.0536099 0.205099 0.68653
0.255162 0.24753 0.160996
0.371145 0.278757 0.213292
0.228847 0.0786199 0.763404
0.30187 0.0752411 0.700539
0.371174 0.091638 0.808185
0.119083 0.332401 0.364774
0.245473 0.113538 0.055853
0.296079 0.302736 0.224716
0.399583 0.105968 0.644994
0.112878 0.331442 0.391539
0.388181 0.233319 0.608856
0.175618 0.0796892 0.783468
0.0589072 0.0942715 0.557549
0.193565 0.199555 0.893649
0.0726132 0.149903 0.841424
0.398824 0.134217 0.168562
0.409805 0.147867 0.299486
0.391984 0.224188 0.605644
0.158416 0.0752055 0.682394
0.371157 0.143674 0.762493
0.140103 0.217856 0.806503
0.330909 0.156354 0.946575
0.086762 0.288541 0.557218
0.0498618 0.129473 0.856441
0.145725 0.219447 0.797897
0.183274 0.082361 0.832819
0.395671 0.20039 0.0702745
0.307042 0.246669 0.165895
0.395648 0.207758 0.100522
0.0437288 0.0958911 0.803254
0.227093 0.0786015 0.355978
0.353918 0.104929 0.293392
0.0671464 0.205156 0.841636
0.224015 0.0823777 0.832903
0.283083 0.183254 0.940825
0.239057 0.219996 0.0581137
0.353914 0.112364 0.225395
0.406353 0.115771 0.278795
0.37116 0.0906243 0.273381
0.37371 0.0361117 0.202761
0.231462 0.102876 0.134363
0.0972807 0.110944 0.0721332
0.0866687 0.14362 0.847467
0.405305 0.116601 0.646992
0.142506 0.10863 0.0881306
0.339314 0.221782 0.765926
0.157153 0.131465 0.971725
0.0968078 0.209328 0.833392
0.393642 0.227193 0.353046
0.185334 0.163976 0.0488068
0.257932 0.224058 0.777366
0.0593263 0.224514 0.551635
0.0484953 0.0828388 0.818268
0.069506 0.226233 0.716209
0.0453205 0.144135 0.236468
0.371165 0.120854 0.788066
0.247406 0.185164 0.940246
0.371163 0.125646 0.794504
0.402398 0.185341 0.133158
0.117608 0.0785216 0.359992
0.248724 0.092723 0.213212
0.410818 0.160346 0.300375
0.353935 0.0922127 0.796295
0.398438 0.10336 0.575546
0.0504182 0.150889 0.215836
0.0805274 0.118869 0.193186
0.22578 0.241987 0.687979
0.219649 0.0763014 0.581896
0.134224 0.326563 0.552556
0.374327 0.165002 0.819388
0.346979 0.0765439 0.559387
0.0770345 0.266085 0.544915
0.0952033 0.128455 0.30751
0.396042 0.164015 0.754558
0.236224 0.0772038 0.483279
0.189347 0.331157 0.525271
0.0805402 0.0781909 0.220149
0.0805629 0.0484261 0.750753
0.0506621 0.212003 0.300531
0.232733 0.24214 0.0777461
0.117621 0.0788196 0.334786
0.171767 0.1043 0.122835
0.105514 0.0756049 0.654703
0.227541 0.214213 0.834174
0.0732678 0.262591 0.45044
0.0687189 0.0708453 0.176608
0.278421 0.329365 0.546054
0.40587 0.130121 0.701241
0.393994 0.110326 0.117885
0.247632 0.336577 0.306755
0.13387 0.110202 0.956042
0.359156 0.306115 0.395951
0.409423 0.159021 0.423573
0.054874 0.206676 0.708951
0.246801 0.277489 0.637632
0.0465784 0.165784 0.727106
0.118007 0.243707 0.122763
0.340572 0.0750313 0.692211
0.409413 0.143531 0.524424
0.171342 0.22491 0.769336
0.404364 0.195032 0.588488
0.101896 0.326543 0.421556
0.367687 0.291976 0.237983
0.0569969 0.180429 0.871407
0.0442117 0.123925 0.400562
0.256137 0.0836421 0.283177
0.0991297 0.322572 0.403578
0.405999 0.116657 0.470249
0.107579 0.135753 0.966322
0.0440782 0.159529 0.599066
0.390126 0.0903302 0.557739
0.289121 0.248608 0.674635
0.371168 0.0648744 0.269949
0.0670296 0.0585506 0.729147
0.0496559 0.209882 0.289447
0.319111 0.0760195 0.714835
0.320158 0.228509 0.737586
0.0715834 0.144492 0.297249
0.0496267 0.206877 0.3259
0.102275 0.32675 0.45853
0.0909522 0.0823574 0.893127
0.262158 0.0779965 0.751696
0.366716 0.290471 0.511776
0.14804 0.196769 0.0584418
0.0456271 0.178963 0.62275
0.393285 0.165593 0.904206
0.0535079 0.206521 0.67092
0.0805588 0.0669765 0.801589
0.371171 0.0534942 0.266674
0.0518069 0.211565 0.21051
0.388539 0.24828 0.212716
0.181869 0.312499 0.232079
0.25806 0.336286 0.316438
0.108275 0.104845 0.948489
0.0814081 0.102201 0.139411
0.355955 0.217537 0.786029
0.0891679 0.169112 0.796303
0.406358 0.147275 0.80376
0.12856 0.31913 0.570206
0.403253 0.0493143 0.188397
0.151899 0.0872781 0.254935
0.0682599 0.16416 0.821065
0.0805405 0.080543 0.261435
0.195434 0.332289 0.506275
0.0482797 0.0793633 0.205629
0.147146 0.147224 0.0260506
0.213683 0.238603 0.691863
0.0905742 0.302624 0.320775
0.0449234 0.129324 0.632163
0.407572 0.123269 0.437463
0.0953628 0.272442 0.202365
0.408878 0.174025 0.779675
0.328443 0.287627 0.613091
0.204093 0.317678 0.236302
0.15703 0.108059 0.0927289
0.0977575 0.147706 0.219044
0.0610827 0.241658 0.192033
0.275831 0.0763629 0.576956
0.211925 0.0768977 0.516127
0.371158 0.140185 0.754067
0.406783 0.138709 0.693171
0.0474901 0.122777 0.159468
0.200701 0.225037 0.772937
0.344059 0.0778904 0.749286
0.0416658 0.145504 0.484962
0.0417023 0.140256 0.345085
0.375158 0.075827 0.639064
0.149118 0.226085 0.758821
0.237749 0.335877 0.45559
0.145498 0.0793505 0.777371
0.0574984 0.15989 0.193447
0.225234 0.144123 0.967108
0.0537833 0.103408 0.4539
0.221136 0.247371 0.142179
0.371161 0.086774 0.26749
0.136198 0.0783874 0.371812
0.0939325 0.0755125 0.69537
0.3944 0.223366 0.163935
0.353907 0.136307 0.198005
0.4075 0.156128 0.602317
0.296018 0.106019 0.109378
0.118929 0.082375 0.92914
0.399882 0.0403813 0.280291
0.0468322 0.179082 0.700897
0.129148 0.0762414 0.585541
0.409678 0.228365 0.633376
0.120776 0.304135 0.589084
0.311057 0.095736 0.190146
0.247511 0.0828664 0.289132
0.25168 0.334468 0.270643
0.0588132 0.156282 0.74155
0.314825 0.0773358 0.471336
0.0431594 0.168629 0.801628
0.247371 0.0819488 0.824846
0.154789 0.0778688 0.749928
0.389066 0.210803 0.792008
0.355244 0.0780109 0.409151
0.0654487 0.0415512 0.195567
0.253273 0.0940538 0.202972
0.366745 0.288231 0.292854
0.216042 0.260192 0.662574
0.11931 0.331056 0.444951
0.171744 0.158193 0.949695
0.112668 0.325456 0.542201
0.23034 0.082416 0.928951
0.274911 0.322024 0.242663
0.371186 0.049151 0.784186
0.172952 0.0816573 0.819867
0.0706798 0.115307 0.298453
0.080543 0.0691415 0.225053
0.0729941 0.203351 0.85574
0.145903 0.224866 0.765586
0.361498 0.16411 0.0521895
0.365851 0.288855 0.545775
0.046276 0.189843 0.541922
0.143337 0.334676 0.323275
0.290863 0.077386 0.740253
0.0482935 0.14063 0.879069
0.113615 0.0803362 0.795771
0.262496 0.0755509 0.665748
0.278081 0.0820849 0.827193
0.0675442 0.0652822 0.178731
0.186826 0.0826634 0.83839
0.305101 0.0788677 0.335405
0.171247 0.275426 0.638906
0.348825 0.10401 0.125573
0.19874 0.0777457 0.427679
0.13071 0.0774859 0.448842
0.263595 0.266749 0.185424
0.391807 0.0862079 0.893117
0.340507 0.28804 0.608062
0.0632963 0.232682 0.335958
0.324087 0.0996602 0.159948
0.0757257 0.2649 0.315451
0.1185 0.101392 0.145971
0.144892 0.265681 0.187377
0.266468 0.0755025 0.705565
0.049535 0.203326 0.441314
0.0485813 0.111406 0.76288
0.0857694 0.243461 0.136374
0.345699 0.244197 0.669651
0.364426 0.283997 0.607058
0.330673 0.0763688 0.578093
0.407529 0.125356 0.537078
0.132271 0.229615 0.733786
0.384142 0.0828507 0.429041
0.404239 0.128341 0.238816
0.296418 0.0757786 0.641826
0.234513 0.337041 0.314535
0.392535 0.170108 0.23243
0.120308 0.0777291 0.427109
0.387019 0.0971069 0.930606
0.407809 0.134715 0.61171
0.0557093 0.143848 0.92856
0.358625 0.308158 0.353263
0.27892 0.0758139 0.637382
0.353934 0.0992547 0.810536
0.148711 0.330949 0.507921
0.0977536 0.162941 0.244943
0.0488502 0.111793 0.506921
0.406381 0.0623631 0.741116
0.374343 0.204847 0.851144
0.35392 0.0956181 0.266426
0.396632 0.16088 0.270976
0.0524367 0.118254 0.116589
0.389068 0.211398 0.788496
0.367352 0.122247 0.71137
0.392164 0.127534 0.0413233
0.132794 0.24648 0.156991
0.383521 0.111221 0.070899
0.317708 0.107704 0.0959465
0.235277 0.090896 0.227256
0.167643 0.0779491 0.751341
0.0601202 0.220038 0.712644
0.168511 0.0773205 0.468252
0.119224 0.0822306 0.932506
0.189956 0.0757426 0.642322
0.313567 0.204049 0.869937
0.223185 0.0871672 0.25595
0.236097 0.121751 0.974455
0.353924 0.13125 0.788169
0.321076 0.327475 0.541881
0.264872 0.189449 0.930324
0.320288 0.115215 0.0452858
0.348368 0.271625 0.200738
0.407101 0.169609 0.646653
0.371166 0.0649909 0.210444
0.353933 0.100327 0.790729
0.0465023 0.193577 0.352978
0.0448795 0.11914 0.402089
0.305754 0.0755998 0.661775
0.115868 0.250941 0.175163
0.17393 0.323365 0.5722
0.235026 0.191724 0.0574279
0.310208 0.0760953 0.607476
0.313712 0.246184 0.147636
0.0780776 0.106883 0.101952
0.0997619 0.32332 0.471352
0.059078 0.17567 0.898693
0.0464543 0.135708 0.719256
0.373486 0.158897 0.745842
0.340508 0.220013 0.776006
0.273051 0.247133 0.162899
0.352995 0.322513 0.381467
0.0401845 0.151967 0.180286
0.0547382 0.160424 0.886572
0.144068 0.327926 0.549734
0.0805457 0.108884 0.775808
0.144525 0.0759089 0.622574
0.137671 0.270317 0.64288
0.105278 0.328207 0.469699
0.371165 0.0747358 0.289513
0.182107 0.25272 0.670718
0.327798 0.0783208 0.382249
0.0874255 0.108315 0.09052
0.30787 0.0924805 0.215214
0.0419611 0.149318 0.509548
0.0938227 0.313506 0.558529
0.400659 0.127816 0.882651
0.229844 0.153254 0.953216
0.225215 0.150743 0.0335638
0.270755  0.332 0.508553
0.333671 0.0829919 0.28836
0.108789 0.0947704 0.197128
0.053755 0.141008 0.0580476
0.243275 0.0834259 0.852176
0.0948827 0.20919 0.0539643
0.131975 0.283679 0.207271
0.368671 0.280594 0.570456
0.40391 0.0297801 0.260894
0.297583 0.30026 0.602167
0.406495 0.112093 0.796332
0.202645 0.336928 0.355145
0.128218 0.32962 0.2547
0.115478 0.330809 0.27251
0.289689 0.229753 0.0580071
0.35414 0.0902513 0.868254
0.397412 0.216433 0.601174
0.35982 0.0767552 0.536588
0.386781 0.025628 0.795921
0.073677 0.16946 0.792317
0.327437 0.10697 0.101846
0.151925 0.0825341 0.291477
0.408728 0.170668 0.395503
0.0602361 0.222512 0.118731
0.152388 0.153241 0.0415164
0.0788864 0.122589 0.161796
0.210018 0.326205 0.57022
0.284853 0.246085 0.135442
0.09936 0.323728 0.337532
0.353914 0.159149 0.760315
0.066477 0.242722 0.445886
0.409226 0.165874 0.414482
0.156138 0.212564 0.8349
0.3317 0.0762339 0.592946
0.090999 0.124053 0.0300227
0.388292 0.151182 0.808846
0.055402 0.100216 0.642196
0.200789 0.0751062 0.6986
0.353024 0.232914 0.683546
0.303852 0.329694 0.533289
0.106499 0.113298 0.0571279
0.302065 0.325439 0.247394
0.121652 0.0767777 0.52636
0.182553 0.21142 0.842423
0.135139 0.302124 0.225772
0.0922393 0.30562 0.400403
0.399676 0.148535 0.870585
0.26122 0.181904 0.0491687
0.36973 0.153948 0.737404
0.261305 0.322183 0.575354
0.34056 0.0784277 0.373521
0.043181 0.169398 0.18873
0.0446134 0.159029 0.661441
0.0453372 0.138723 0.808613
0.297327 0.0789936 0.324554
0.198897 0.0810526 0.808545
0.041443 0.142374 0.438279
0.0916286 0.195401 0.898366
0.0908221 0.0976151 0.94084
0.0777934 0.0979147 0.174506
0.220113 0.082522 0.888262
0.0756066 0.0250154 0.779076
0.393725 0.0954539 0.593159
0.0972699 0.168783 0.223644
0.0567995 0.128037 0.307711
0.310473 0.326636 0.557534
0.338698 0.0775787 0.445417
0.406359 0.0982284 0.288366
0.0955907 0.317391 0.440557
0.226109 0.316598 0.586234
0.117291 0.111005 0.0717778
0.0805622 0.0543661 0.792405
0.0977779 0.124961 0.73797
0.36398 0.166373 0.76192
0.102614 0.113882 0.0533898
0.123269 0.0767087 0.533999
0.367861 0.224427 0.736946
0.33457 0.225589 0.0557947
0.396607 0.108109 0.894376
0.0775087  0.078 0.403122
0.1105 0.151104 0.03687
0.19959 0.118652 0.0272432
0.148368 0.0770574 0.496504
0.155397 0.139319 0.971522
0.0977621 0.128197 0.175135
0.0659912 0.240693 0.526677
0.0780659 0.0776613 0.431787
0.40064 0.107452 0.576622
0.158781 0.135355 0.971722
0.0924564 0.305704 0.422619
0.174331 0.32706 0.563045
0.40523 0.117309 0.689337
0.36568 0.294591 0.443355
0.0524995 0.185989 0.767628
0.0554034 0.0538224 0.184968
0.192671 0.101249 0.946657
0.390092 0.244598 0.219088
0.0482743 0.109156 0.267557
0.0805636 0.0470581 0.758577
0.218997 0.0761542 0.598049
0.368191 0.15912 0.746225
0.406367 0.0640509 0.20254
0.183439 0.333906 0.264744
0.371182 0.0635686 0.806027
0.338679 0.0768804 0.730643
0.0723994 0.25793 0.270281
0.0977798 0.118091 0.730126
0.363676 0.298418 0.249086
0.259349 0.336746 0.39522
0.204668 0.273161 0.191587
0.250725 0.0761175 0.603111
0.0492341 0.20289 0.534747
0.226989 0.258672 0.175789
0.049716 0.0278695 0.220061
0.099215 0.105357 0.11421
0.383239 0.0801448 0.609461
0.23242 0.11371 0.0547306
0.364234 0.294784 0.300101
0.396077 0.189713 0.814272
0.0542042 0.208806 0.67261
0.245253 0.0759773 0.618336
0.218476 0.0814233 0.81529
0.0760877 0.202832 0.859927
0.0862747 0.118821 0.861738
0.0977702 0.111727 0.297651
0.0548643 0.101517 0.598752
0.186256 0.336516 0.425531
0.343369 0.0825164 0.889879
0.39694 0.10168 0.476898
0.408024 0.140346 0.156584
0.369826 0.280145 0.28727
0.349005 0.104211 0.123967
0.394964 0.120271 0.844029
0.183847 0.116029 0.0288989
0.262702 0.333875 0.479246
0.135141 0.277444 0.632182
0.1237 0.0759757 0.614551
0.154761 0.207663 0.855837
0.247283 0.104949 0.117818
0.329845 0.305086 0.231162
0.0840667 0.16701 0.214525
0.0451508 0.186258 0.490582
0.407819 0.17009 0.562534
0.226359 0.0776538 0.745557
0.208768 0.292595 0.617961
0.406363 0.0834162 0.296768
0.386317 0.168517 0.221821
0.396888 0.107647 0.315551
0.0853151 0.292475 0.463287
0.281153 0.276984 0.196875
0.211607  0.109 0.961127
0.0894026 0.0773539 0.461997
0.396852 0.205272 0.71985
0.359212 0.308113 0.285665
0.403102 0.198664 0.182922
0.0805264 0.129521 0.27412
0.326656 0.218253 0.793055
0.0794376 0.206618 0.842062
0.0493716 0.199356 0.582232
0.246226 0.333594 0.254416
0.332114 0.26511 0.643899
0.080543 0.114877 0.741552
0.0977807 0.119563 0.784006
0.385771 0.22134 0.742397
0.197784 0.33662 0.335529
0.401212 0.0343563 0.20552
0.31392 0.242788 0.090849
0.353921 0.140605 0.810544
0.294362 0.0773578 0.739712
0.393783 0.0953108 0.622369
0.206808 0.336651 0.301632
0.391095 0.0562804 0.183282
0.371162 0.129102 0.790644
0.134947 0.077466 0.451166
0.284171 0.0771751 0.487994
0.259815 0.333247 0.491664
0.392916 0.195743 0.0568448
0.353908 0.137536 0.285422
0.0596141 0.168281 0.805616
0.322042 0.329624 0.501675
0.141044 0.0769065 0.512843
0.295308 0.334897 0.293844
0.410561 0.147114 0.426484
0.181732 0.0762248 0.589072
0.406558 0.119129 0.562384
0.0438255 0.125936 0.432382
0.0821118 0.08235 0.893312
0.290745 0.0796516 0.313992
0.370723 0.107831 0.705463
0.224993 0.0776859 0.433396
0.106715 0.241152 0.077904
0.323776 0.189636 0.0482494
0.105733 0.135448 0.966026
0.381869 0.082065 0.917222
0.0877938 0.180181 0.933346
0.182213 0.336413 0.388502
0.406295 0.170159 0.688613
0.336044 0.0784467 0.371799
0.371182 0.0687472 0.833771
0.0706526 0.153569 0.773558
0.0977763 0.134619 0.787528
0.0571893 0.0272964 0.255291
0.0801539 0.159795 0.747529
0.125445 0.176309 0.0500183
0.382524 0.170331 0.783485
0.371169 0.0575264 0.238551
0.377846 0.0616153 0.72765
0.388906 0.213707 0.776442
0.170925 0.244278 0.119367
0.411047 0.151487 0.34033
0.371164 0.0763834 0.262414
0.40882 0.16187 0.404487
0.151992 0.315364 0.237116
0.0577056 0.098101 0.325354
0.353925 0.0841952 0.298791
0.377883 0.259263 0.334242
0.355399 0.162605 0.752176
0.204937 0.199871 0.893125
0.137563 0.241369 0.0714917
0.410921 0.146072 0.346056
0.0958505 0.0795187 0.318548
0.175531 0.0778472 0.418504
0.0854933 0.290095 0.297044
0.184677 0.250582 0.169844
0.316092 0.10853 0.0893372
0.190111 0.241363 0.0702767
0.39498 0.192998 0.0597774
0.275459 0.23305 0.719415
0.0843472 0.163863 0.202958
0.402913 0.0425473 0.742286
0.140871 0.0862896 0.262525
0.0492616 0.111147 0.511132
0.404818 0.188862 0.59753
0.123222 0.225624 0.0554026
0.0853232 0.153043 0.0432746
0.0609478 0.226377 0.44161
0.130379 0.103167 0.131801
0.341875 0.0852834 0.270728
0.0577833 0.135373 0.192403
0.174355 0.0776037 0.43908
0.398623 0.104259 0.655344
0.202119 0.335837 0.447266
0.359987 0.303378 0.555794
0.0634963 0.0375116 0.277308
0.244664 0.0779939 0.407825
0.0448247 0.17563 0.579003
0.0756953 0.262305 0.595916
0.399363 0.209594 0.175188
0.395023 0.224141 0.452806
0.135956 0.0756242 0.653573
0.403824 0.185924 0.6815
0.0805551 0.072706 0.729237
0.045336 0.0974462 0.296796
0.0972371 0.318944 0.521425
0.251952 0.0820156 0.916914
0.124424 0.0789635 0.322781
0.397978 0.153711 0.0516653
0.0517248 0.217949 0.284891
0.0655198 0.100727 0.703197
0.363856 0.0751544 0.687206
0.0977889 0.0913807 0.775848
0.0898357 0.255764 0.186275
0.357364 0.167738 0.21785
0.0617572 0.101183 0.703345
0.410184 0.176146 0.23017
0.0805423 0.0682913 0.189769
0.383479 0.0823687 0.89602
0.0805567 0.069495 0.754273
0.403059 0.113519 0.354435
0.18134 0.231252 0.699938
0.298106 0.328452 0.548639
0.139872 0.0765162 0.55569
0.0482813 0.124436 0.235414
0.362548 0.167016 0.814898
0.0924372 0.222472 0.755267
0.0505148 0.109244 0.39655
0.371179 0.0684281 0.73661
0.157804 0.0762641 0.583981
0.341541 0.316378 0.244474
0.406365 0.0694629 0.201175
0.198156 0.0780916 0.398392
0.38124 0.260929 0.243166
0.0551328 0.120215 0.844008
0.353908 0.13268 0.228152
0.0744276 0.261239 0.338256
0.193799 0.0820177 0.917469
0.392483 0.0945362 0.684118
0.151887 0.116383 0.0374591
0.379517 0.0776964 0.436377
0.35392 0.0970829 0.290032
0.0814733 0.0789954 0.319003
0.325411 0.332998 0.302488
0.411075 0.149309 0.333062
0.0512668 0.129589 0.165914
0.403563 0.113361 0.646099
0.0869844 0.295015 0.478914
0.08683 0.224454 0.739551
0.144319 0.244655 0.126476
0.39661 0.223859 0.341578
0.0453224 0.124673 0.669266
0.322287 0.215716 0.810352
0.219533 0.332355 0.519361
