0.114123 0.52375 0.369002
0.0721001 0.459145 0.382481
0.38125 0.749339 0.0628897
0.0609421 0.881811 0.0725
0.0703661 0.967567 0.0553176
0.276161 0.86272 0.0725
0.114367 0.52375 0.200504
0.360618 0.131511 0.371654
0.38125 0.522955 0.349645
0.0254271 0.0606494 0.0474355
0.397009 0.0522482 0.0322797
0.360475 0.317893 0.390405
0.386599 0.768239 0.0261624
0.370407 0.761263  0.025
0.331718 0.804507  0.025
0.402451 0.442369 0.373406
0.25034  0.975 0.0592414
0.0405067 0.463838 0.0706807
0.395221 0.698668 0.0665195
0.376755 0.52375 0.270624
0.0263728 0.591598 0.0529752
0.0284136 0.659319 0.059256
0.313593 0.896932 0.0725
0.04875 0.51389 0.250932
0.04875 0.759898 0.0383231
0.403526 0.331817 0.385788
0.0400549 0.496685 0.359647
0.151242 0.52375 0.295265
0.230461 0.81797 0.0725
0.266285 0.844804  0.025
0.368497 0.032166 0.399905
0.295375 0.719283 0.0725
0.299783 0.733165  0.025
0.377772 0.250565 0.0261624
0.0258576 0.177494 0.0461107
0.080036 0.47625 0.252489
0.0624975 0.719169 0.0725
0.378511 0.102134 0.403838
0.37513 0.202214 0.0261624
0.0626171 0.472952 0.0665948
0.401063 0.343886 0.369135
0.206549 0.52375 0.231879
0.187505 0.52375 0.0644987
0.391099  0.025 0.0368525
0.333923 0.47625 0.109361
0.404912 0.418631 0.380978
0.0269508 0.132825 0.387254
0.04875 0.948189 0.0692992
0.366812 0.915791 0.0313201
0.38125 0.487222 0.224805
0.19414 0.73215  0.025
0.125981 0.52375 0.14706
0.402869 0.385514 0.387807
0.0369788 0.0298218 0.361882
0.323313 0.52375 0.300103
0.319066 0.47625 0.237133
0.21525 0.47625 0.112843
0.10115 0.47625 0.251327
0.38125 0.953271 0.0394166
0.215597 0.47625 0.296816
0.0706079 0.266572 0.375427
0.0543226 0.53592 0.0261624
0.204691 0.703136  0.025
0.300194 0.52375 0.34297
0.399539 0.379777 0.0633819
0.375559 0.905628 0.0713376
0.134583 0.52375 0.12211
0.119364 0.909646 0.0725
0.172328 0.47625 0.276454
0.100898 0.948377  0.025
0.299767 0.47625 0.273104
0.396612 0.0594424 0.0655086
0.358084 0.693249 0.0505478
0.065285 0.858036  0.025
0.279146 0.704067 0.0725
0.0739274 0.835516 0.0725
0.373268 0.291038 0.0266294
0.371118 0.375094 0.0281916
0.233231 0.52375 0.0986761
0.239733 0.52375 0.340476
0.398258 0.806226 0.0643123
0.142446 0.52375 0.062084
0.366874 0.392593 0.363775
0.348428 0.720318 0.0725
0.237382 0.47625 0.329349
0.313022 0.47625 0.211542
0.201125   0.69 0.0315372
0.142576 0.52375 0.0915198
0.0433412 0.581982 0.0713376
0.280448 0.494431 0.38125
0.0387409 0.342627 0.0281022
0.205501 0.47625 0.353109
0.376961 0.47625 0.216726
0.38125 0.782013 0.0346921
0.0790869 0.52375 0.292364
0.0640808 0.392222 0.398032
0.0426797 0.0696558 0.358662
0.38125 0.496435 0.213214
0.106726 0.47625 0.333928
0.0723684 0.918482 0.0483449
0.368727 0.250495 0.362429
0.401419 0.312166 0.392271
0.387616 0.169085 0.358662
0.0264311 0.712372 0.0443456
0.357509 0.47625 0.0676261
0.025282 0.414315 0.049618
0.38125 0.928362 0.0592537
0.38125 0.782376 0.0539024
0.0685218 0.47625 0.326457
0.38125 0.695202 0.0627187
0.0705157 0.0579623 0.0548571
0.0284096 0.342799 0.391744
0.199641 0.52375 0.20614
0.02914 0.28932 0.393992
0.361666 0.319254 0.394071
0.328207 0.514315 0.04875
0.362946 0.47625 0.099501
0.320804 0.724931  0.025
0.344285 0.941442 0.0725
0.0670924 0.517119 0.0633433
0.096879 0.517233 0.38125
0.214009 0.523421 0.38125
0.402712 0.138637 0.0417075
0.0714065 0.403294 0.384615
0.363288 0.226726 0.0636194
0.0514985 0.785916 0.0713376
0.357999 0.0893838 0.0472157
0.190234 0.47625 0.276336
0.0599117 0.323271 0.0685604
0.38125 0.497753 0.188627
0.284495 0.862746 0.0725
0.0303883 0.235087 0.0633293
0.0339952 0.0435716 0.36405
0.35045 0.775534 0.0725
0.365103 0.0552171 0.397438
0.0294819 0.350476 0.395044
0.114591 0.898314  0.025
0.0728007 0.909791 0.0725
0.33647 0.813088  0.025
0.207624 0.498456 0.04875
0.0349194  0.025 0.392606
0.0310516 0.100585 0.396311
0.0683185 0.274804 0.39412
0.340548 0.9387 0.0725
0.15864 0.52375 0.291013
0.0540217 0.0928926 0.0261624
0.03869 0.400976 0.0693608
0.359075 0.414785 0.376402
0.170415 0.52375 0.318559
0.0703939 0.434254 0.374768
0.402527 0.0974571 0.0563623
0.357584 0.16576 0.0490099
0.400889 0.256677 0.393903
0.248882 0.52375 0.108373
0.275544 0.52375 0.36445
0.0765538 0.47625 0.274602
0.310913 0.807596 0.0725
0.144549 0.47625 0.0628611
0.327951 0.52375 0.321403
0.18869 0.52375 0.248429
0.375413 0.186723 0.403838
0.401714 0.17908 0.0386376
0.030155 0.787661 0.0343402
0.124097 0.52375 0.307843
0.0696277 0.564025 0.0575902
0.132967 0.520687 0.38125
0.04875 0.483307 0.177561
0.380255 0.82212 0.0725
0.401165 0.817199 0.060552
0.11785 0.905071 0.0725
0.38125 0.508467 0.0826013
0.113151 0.52375 0.0557519
0.330185 0.482257 0.04875
0.221879 0.477229 0.38125
0.113731 0.744042  0.025
0.18692  0.975 0.0705957
0.266208 0.924925 0.0725
0.0929008 0.47625 0.34779
0.0372962 0.0904533 0.0291519
0.275633 0.52375 0.332507
0.226437 0.788148  0.025
0.402518 0.459942 0.388888
0.0273144 0.413258 0.0558731
0.0341557 0.278652 0.398567
0.0610814 0.582827 0.0297894
0.244178 0.941225  0.025
0.362384 0.396035 0.0629628
0.118425   0.69 0.0397306
0.212009 0.50184 0.38125
0.343122 0.52375 0.301889
0.258506 0.47625 0.341263
0.38125 0.713813 0.0571826
0.27057 0.52375 0.308517
0.0504733 0.439432 0.0713376
0.378299 0.743911  0.025
0.38125 0.483991 0.242913
0.148557 0.52375 0.199291
0.261215 0.52375 0.264048
0.29418 0.945433 0.0725
0.403614 0.803782 0.0530165
0.381326 0.219304 0.358662
0.200348 0.738902 0.0725
0.0673781 0.757538 0.0343643
0.298221 0.914529  0.025
0.0694818 0.52375 0.135293
0.377277 0.73731 0.0725
0.159966 0.52375 0.360014
0.0495907 0.687809 0.0261624
0.069094 0.350885 0.0382673
0.389331 0.164963 0.359201
0.368227 0.47625 0.0703659
0.349934 0.919431  0.025
0.326987 0.47625 0.347652
0.0524068 0.581062 0.0713376
0.321925   0.69 0.0653738
0.388221 0.470169 0.0261624
0.154545 0.827416 0.0725
0.04875 0.510335 0.16234
0.189353 0.858846  0.025
0.358235 0.413665 0.383511
0.04875 0.491195 0.277755
0.215093 0.47625 0.0956428
0.38125 0.511439 0.252172
0.0710164 0.791839  0.025
0.300429 0.52375 0.215637
0.404611 0.763532 0.0499473
0.053756 0.764637  0.025
0.0488645 0.810871 0.0713376
0.110245  0.975 0.0388417
0.0494357 0.179056 0.403838
0.350527 0.879728  0.025
0.400122 0.833981 0.0345413
0.401611 0.548575 0.0383193
0.382936 0.339732 0.0261624
0.393865 0.888784 0.0675043
0.083288 0.847833 0.0725
0.404808 0.847134 0.0493395
0.367228  0.025 0.375218
0.183238   0.69 0.0521464
0.257867 0.732179 0.0725
0.383866 0.849585 0.0261624
0.251025 0.485277 0.38125
0.370552 0.839941 0.0286032
0.366043 0.168815 0.364378
0.192753 0.758522 0.0725
0.0682544 0.472186 0.368183
0.0462678 0.422257 0.358662
0.259914 0.47625 0.265819
0.38125 0.481716 0.295562
0.290843 0.488182 0.04875
0.04875 0.507703 0.0710289
0.363156 0.834294 0.0635236
0.120705 0.52375 0.241866
0.352306   0.69 0.0279492
0.0628755 0.883931 0.066407
0.361286 0.320174 0.369599
0.0649414 0.613332 0.0649061
0.187384 0.944913 0.0725
0.404296 0.499402 0.379084
0.386794 0.931552 0.0261624
0.0702171 0.571124 0.0417238
0.381892 0.934053 0.0713376
0.290743 0.47625 0.224028
0.200421 0.47625 0.27908
0.072223 0.548754 0.0496026
0.295225 0.52375 0.246265
0.38125 0.481677 0.186003
0.293963 0.47625 0.354061
0.389894 0.281348 0.0271108
0.0716292 0.748418 0.0514301
0.38125 0.508015 0.0838549
0.0663135 0.52375 0.293203
0.23327 0.48405 0.38125
0.219756 0.90332 0.0725
0.349239 0.479065 0.04875
0.0544909 0.0428992 0.403838
0.359485 0.245767 0.38736
0.126261 0.761763  0.025
0.310549 0.47625 0.336153
0.38125 0.523311 0.147822
0.0377434 0.141135 0.0288269
0.15627 0.921795 0.0725
0.265716 0.47625 0.351569
0.254663 0.47625 0.225809
0.216845 0.898483  0.025
0.268019 0.766973  0.025
0.309331 0.850521 0.0725
0.146362 0.769156 0.0725
0.38125 0.930085 0.0589739
0.377646 0.52375 0.135979
0.3344   0.69 0.0415889
0.379115 0.332387 0.0713376
0.251424 0.52375 0.304791
0.16628 0.915918 0.0725
0.335388 0.77284 0.0725
0.360272 0.326036 0.0402193
0.308792 0.957193 0.0725
0.221386 0.47625 0.380958
0.305267 0.52375 0.163958
0.323588 0.888142 0.0725
0.0281061 0.450815 0.37169
0.364436 0.789742 0.0644537
0.239025 0.967995  0.025
0.377511 0.314388 0.358662
0.0703132 0.47625 0.278431
0.380078 0.483354 0.0713376
0.403371 0.343967 0.0537628
0.0373785 0.171143 0.029092
0.105345 0.52375 0.237991
0.265303 0.52375 0.196355
0.328921 0.47625 0.345029
0.212612 0.758226  0.025
0.360343 0.335569 0.0574997
0.204653 0.52375 0.349926
0.156147 0.47625 0.291061
0.3972 0.607228 0.0650816
0.0607461 0.149964 0.0679541
0.404529 0.831283 0.0473017
0.0267236 0.224924 0.0540547
0.0617785 0.47625 0.255194
0.359218 0.0668282 0.375961
0.279206 0.937657  0.025
0.403485 0.894197 0.0440874
0.0275578 0.401661 0.0408778
0.0556961 0.065006 0.0261624
0.0756344 0.52375 0.101435
0.141576 0.47625 0.0650521
0.392465 0.400364 0.0685212
0.357976 0.52375 0.316877
0.0292191 0.159424 0.0617352
0.0265102 0.274256 0.0441021
0.295535 0.47625 0.224374
0.141971 0.48597 0.38125
0.28846 0.47625 0.348976
0.0724368 0.376464 0.0489446
0.0699322 0.812747 0.0725
0.38125 0.803265 0.0417835
0.0308212 0.612574 0.0636438
0.363103 0.6015 0.0634848
0.270556   0.69 0.0528826
0.188238 0.47625 0.051185
0.0970141  0.975 0.0661209
0.395109 0.343852 0.0666003
0.258871 0.832452  0.025
0.113199  0.975 0.0327724
0.245849 0.47625 0.248022
0.0515326 0.75212  0.025
0.0624488 0.52375 0.102645
0.402896 0.285693 0.0552253
0.332207 0.786164 0.0725
0.191704 0.721525 0.0725
0.069323 0.191042 0.391028
0.153284 0.47625 0.162324
0.126793 0.764268  0.025
0.38125 0.484323 0.2412
0.368012 0.122435 0.0670514
0.0462446 0.380203 0.0713376
0.389473 0.40896 0.0706954
0.142694  0.975 0.0561427
0.204318 0.891081 0.0725
0.386502 0.44031 0.0261624
0.38125 0.504213 0.191083
0.0526261 0.47625 0.253452
0.189118 0.47625 0.183129
0.045616 0.277211 0.0261624
0.291437 0.880103  0.025
0.12487 0.52375 0.306242
0.386193 0.216316 0.358662
0.334897 0.792174 0.0725
0.192562 0.52375 0.299315
0.133994 0.520824 0.04875
0.0470172 0.137173 0.0713376
0.286878 0.857057  0.025
0.247675 0.856729  0.025
0.137922 0.47625 0.176168
0.38125 0.945503 0.0621545
0.0992647 0.52375 0.170444
0.318268 0.52375 0.219995
0.0653622 0.26091 0.365399
0.400783 0.695783 0.0617293
0.0476165 0.0442398 0.0261624
0.04875 0.742474 0.0423183
0.109461 0.774903  0.025
0.250288 0.901059  0.025
0.0625612 0.52375 0.246563
0.0856844 0.827406 0.0725
0.395068 0.428287 0.0666305
0.357965 0.704008 0.0501806
0.393073 0.406392 0.0294203
0.399053 0.107658 0.0637348
0.0269529 0.0874304 0.0547606
0.04875 0.498152 0.0554016
0.072522 0.704661 0.0725
0.190987 0.47625 0.169474
0.389671 0.843321 0.0705516
0.373902 0.272874 0.0261692
0.361395 0.0906594 0.369262
0.136868 0.924653  0.025
0.0702593 0.516732 0.38125
0.0880888 0.84616  0.025
0.066407 0.803132 0.0638413
0.116343 0.505047 0.04875
0.24247   0.69 0.038508
0.185131 0.757371 0.0725
0.025781 0.639565 0.0511537
0.190771 0.782913 0.0725
0.0571054 0.187276 0.0705993
0.199458 0.47625 0.115152
0.0255434 0.320541 0.0504224
0.150779 0.52375 0.183356
0.035764 0.336224 0.399735
0.384066 0.482366 0.0261624
0.14347 0.488415 0.38125
0.0392777 0.0757983 0.402288
0.0773189 0.929639  0.025
0.398089 0.734584 0.0644354
0.361853   0.69 0.0290819
0.401388 0.70382 0.0376329
0.04875 0.965037 0.0310088
0.342379 0.770256 0.0725
0.359239 0.52375 0.323886
0.0598485 0.306603 0.0288937
0.0484812 0.640973 0.0261624
0.265936 0.860028  0.025
0.18475   0.69 0.047348
0.401932 0.470132 0.0393093
0.38125 0.503392 0.152265
0.0606276 0.0568878 0.361959
0.239173 0.766582  0.025
0.0655116 0.495414 0.0330082
0.0533109 0.694155 0.0261624
0.403691 0.558978 0.0447206
0.197835 0.52375 0.221724
0.04875 0.484891 0.0556739
0.0572252 0.708311 0.0705122
0.04875 0.48734 0.260976
0.216543 0.52375 0.1072
0.0859974 0.47625 0.147911
0.32044 0.925292 0.0725
0.26331 0.745244  0.025
0.0660542 0.0531136 0.0334024
0.379272 0.399647 0.0713376
0.401579 0.031548 0.370722
0.221545 0.77502 0.0725
0.38125 0.514985 0.224239
0.0539587 0.197136 0.0261624
0.394796 0.780628 0.0306724
0.403024 0.26291 0.0548311
0.0492317 0.741681 0.0725
0.360697 0.589725 0.0585903
0.201947 0.52375 0.108628
0.402335 0.791288 0.0569523
0.38125 0.94259 0.0400213
0.344338 0.822315 0.0725
0.0692091 0.551498 0.0386215
0.38125 0.500575 0.328924
0.404844 0.150984 0.380769
0.364555 0.356978 0.0329598
0.133789 0.52375 0.339137
0.348475 0.47625 0.281876
0.403305 0.0759957 0.0539663
0.092123 0.52375 0.317378
0.0875464 0.52375 0.349088
0.362215 0.0874174 0.39534
0.364177 0.554799 0.0642651
0.359338 0.514835 0.04875
0.0597758 0.0690039 0.401159
0.0608768 0.47625 0.0963041
0.0784345 0.47625 0.0728206
0.354551 0.923764 0.0725
0.162954 0.791788 0.0725
0.387924 0.927993 0.0713376
0.216792  0.975 0.0362527
0.0554422 0.282289 0.0713376
0.25314 0.47625 0.134815
0.183873   0.69 0.0691185
0.067642 0.200862 0.034556
0.0271655 0.901804 0.0420851
0.211769 0.47625 0.342749
0.0672251 0.462856 0.366753
0.361562 0.298118 0.393752
0.362416 0.846003  0.025
0.0283901 0.0818196 0.0591837
0.20187 0.840301  0.025
0.318365 0.47625 0.146277
0.04875 0.707227 0.0356016
0.0266815 0.624559 0.0435749
0.0274828 0.645711 0.0563914
0.305706 0.47625 0.167247
0.279827 0.81463 0.0725
0.248262 0.52375 0.0758935
0.0689509 0.337541 0.370327
0.402244 0.170286 0.0402691
0.149937 0.972699 0.0725
0.0787798 0.485658 0.38125
0.0866052 0.47625 0.221042
0.162747 0.76638  0.025
0.04875 0.481008 0.244181
0.248024 0.494753 0.38125
0.0319293 0.115742 0.365551
0.360693 0.682759 0.0585755
0.062578 0.733678  0.025
0.38125 0.930524 0.0626452
0.337517 0.920355  0.025
0.339497 0.52375 0.339164
0.0274495 0.804535 0.0412112
0.365307 0.759516 0.0650867
0.0337396 0.487479 0.398264
0.139019 0.48065 0.04875
0.370687 0.124435 0.0689949
0.0652076 0.539693 0.0647127
0.361756 0.902179 0.0618467
0.35949 0.535844 0.0426242
0.3966 0.032778 0.0655175
0.04875 0.507268 0.136738
0.0540162 0.52375 0.0720598
0.109517 0.498316 0.04875
0.295979 0.822854 0.0725
0.390425 0.53547 0.0700036
0.0715932 0.52375 0.0750998
0.0665618 0.483584 0.366271
0.359277 0.47625 0.300942
0.324254 0.52375 0.225545
0.138938 0.52375 0.204651
0.381336 0.399919 0.0713376
0.360941 0.541884 0.0593399
0.389525 0.386049 0.403158
0.323242 0.91901  0.025
0.37227 0.0748724 0.0701456
0.270828 0.798854 0.0725
0.291339  0.975 0.0316169
0.065874 0.178586 0.396729
0.0295533    0.5 0.377997
0.0313792 0.500295 0.0334508
0.164799 0.777226 0.0725
0.306192 0.52375 0.0596414
0.243552 0.778646  0.025
0.0585997 0.330062 0.0695136
0.297322 0.52375 0.0945822
0.0377555 0.811439 0.0686819
0.0308305 0.913397 0.0636506
0.0487373 0.346578 0.358662
0.253203 0.52375 0.292174
0.280681 0.52375 0.151348
0.125758 0.47625 0.058903
0.236094 0.518789 0.04875
0.357278 0.52375 0.250714
0.323267 0.52375 0.076827
0.357861 0.52375 0.271723
0.376259 0.13688 0.403838
0.343826 0.725656  0.025
0.391592 0.946668 0.0283445
0.0296827 0.166134 0.395317
0.0270559 0.175158 0.0424225
0.245598 0.813376 0.0725
0.287277 0.52375 0.202397
0.328154   0.69 0.0290382
0.403856 0.418974 0.0452285
0.303964 0.47625 0.25653
0.0590112 0.0484155 0.401715
0.271265 0.52375 0.220133
0.360888 0.834395 0.0383229
0.0579693 0.116211 0.360028
0.325604 0.47625 0.232398
0.191632 0.961298 0.0725
0.193306 0.47625 0.107363
0.206069 0.47625 0.238741
0.179987 0.47625 0.274003
0.272541 0.716463  0.025
0.288647 0.697126 0.0725
0.0496368 0.555066 0.0713376
0.269735 0.52375 0.300262
0.25783 0.47625 0.105725
0.0263415 0.929674 0.0446213
0.381696 0.727819 0.0261624
0.132581 0.941284  0.025
0.0279108 0.210056 0.0577085
0.0713322 0.579789 0.0451559
0.38125 0.759676 0.0580038
0.119852 0.47625 0.211516
0.403549 0.144365 0.376783
0.0693303 0.664994 0.0389944
0.292961 0.515227 0.38125
0.0316027 0.88027 0.0332884
0.356271 0.917974  0.025
0.3941 0.0713623 0.362666
0.401721 0.499452 0.0588427
0.402695 0.467926 0.388342
0.0578308 0.0913028 0.402573
0.314531 0.47625 0.125694
0.121685 0.52375 0.326016
0.04875 0.941164 0.0454132
0.115887   0.69 0.0533278
0.317054 0.891562 0.0725
0.0697727 0.789598 0.0571439
0.252341 0.852008  0.025
0.268541 0.52375 0.0964412
0.0578017 0.801528 0.0700934
0.138187 0.47625 0.138438
0.178881 0.961019 0.0725
0.304644 0.47625 0.0809659
0.0522673 0.595208 0.0261624
0.04875 0.512963 0.376489
0.26344 0.52375 0.374451
0.387955 0.13828 0.358662
0.292218 0.702441 0.0725
0.36824 0.753114 0.030283
0.394341 0.586826 0.0671589
0.205399 0.865024  0.025
0.358348 0.698646 0.0513605
0.0340581 0.045447 0.0659956
0.371721 0.52375 0.134843
0.302325 0.52375 0.0599853
0.04875 0.697892 0.0519586
0.185588 0.929441  0.025
0.0261563 0.529352 0.0451914
0.303408  0.975 0.0609407
0.289483 0.47625 0.214237
0.160798 0.896703  0.025
0.0341608 0.764869 0.0314298
0.0473083 0.295615 0.403838
0.0656446 0.390137 0.0331048
0.321416 0.483414 0.38125
0.363393 0.52375 0.28033
0.361803 0.47625 0.147247
0.227448  0.975 0.0488031
0.324583 0.846463 0.0725
0.403154 0.964819 0.0430693
0.364417 0.304728 0.36556
0.242653 0.47625 0.0508931
0.341654 0.842254 0.0725
0.222475 0.47625 0.207731
0.0252294 0.139066 0.048044
0.34749 0.890217 0.0725
0.04875 0.501413 0.173716
0.206956 0.768312 0.0725
0.0875496 0.47625 0.33945
0.353305 0.52375 0.280271
0.0480417 0.260864 0.403838
0.118759 0.52375 0.184394
0.248399 0.52375 0.267807
0.0271038 0.114707 0.042275
0.0527639  0.025 0.394529
0.0524631 0.159132 0.0713376
0.0919575 0.47625 0.128675
0.164958 0.47625 0.223049
0.15335 0.47625 0.127809
0.0755552 0.723531  0.025
0.157652  0.975 0.0258065
0.2491 0.958798  0.025
0.0905708 0.902365  0.025
0.357818 0.399197 0.0477727
0.0878708 0.47625 0.0508734
0.358228 0.424603 0.0509901
0.180863 0.47625 0.206579
0.0284243 0.227052 0.038211
0.276223 0.764135 0.0725
0.193971 0.73943  0.025
0.36357 0.51513 0.38125
0.0929466 0.47625 0.290697
0.366498 0.10325 0.0315482
0.315831 0.708226  0.025
0.0586118 0.499213 0.04875
0.38125 0.904515 0.0372205
0.402545 0.0623645 0.373694
0.400917 0.074702 0.368685
0.057752 0.475077 0.35987
0.346898 0.47625 0.258502
0.147316 0.859631  0.025
0.358404 0.333432 0.0459672
0.0645742 0.47625 0.0487929
0.0474123 0.783347 0.0713376
0.318007 0.52375 0.0566673
0.0846736 0.47625 0.053353
0.351208 0.476838 0.38125
0.345065 0.52375 0.352779
0.265817 0.52375 0.148922
0.0636099 0.946625 0.0658735
0.0731649 0.52375 0.200475
0.0587182 0.706395 0.0725
0.0772747  0.975 0.0489301
0.376197 0.208714 0.358662
0.395701 0.17194 0.398671
0.373375 0.701219 0.026552
0.368322 0.793591 0.0672771
0.0392155 0.929836 0.0277574
0.0275572 0.217534 0.0408795
0.0703284 0.122647 0.374566
0.275518 0.47625 0.262318
0.110822 0.771942  0.025
0.107208 0.691887 0.0725
0.0284892 0.86815 0.0594888
0.36219 0.407913 0.0346782
0.236781 0.870966 0.0725
0.0280861 0.861227 0.0392518
0.0493542 0.77804 0.0725
0.214196 0.859306 0.0725
0.211428   0.69 0.0384285
0.333966 0.52375 0.118269
0.366818 0.148394 0.398685
0.04875 0.505738 0.25644
0.364736 0.619619 0.0328286
0.394825 0.226204 0.0306934
0.125558 0.47625 0.286982
0.0680537 0.634103 0.0624345
0.358986 0.82918 0.044176
0.221614 0.47625 0.195603
0.0641998 0.927852 0.0725
0.0274591 0.670756 0.0411815
0.395217 0.366018 0.363477
0.38125 0.483205 0.237781
0.0510661 0.398014 0.358662
0.345414 0.47625 0.164946
0.361388 0.213426 0.369284
0.132212 0.47625 0.0791299
0.363935 0.927463 0.0334103
0.34527 0.800622  0.025
0.0802875 0.47625 0.168314
0.377906 0.657908 0.0261624
0.0921073 0.904729  0.025
0.346208 0.47625 0.0831657
0.0778983 0.52375 0.295241
0.0290512 0.0768144 0.0362814
0.324567 0.47625 0.227534
0.357524 0.0464105 0.381324
0.401156 0.478999 0.0605807
0.109548 0.785452 0.0725
0.139666 0.47625 0.127522
0.04875 0.833196 0.0288071
0.0684909 0.426133 0.368911
0.068945 0.677078 0.0378087
0.392066 0.343679 0.0688112
0.04875 0.885478 0.0606483
0.241586 0.496361 0.04875
0.0650347 0.313939 0.0326617
0.0620509 0.0886833 0.399506
0.401685 0.333782 0.0385477
0.321294 0.47625 0.34133
0.0561963 0.810952  0.025
0.338385 0.47625 0.171057
0.376356 0.147835 0.403838
0.0325191 0.15783 0.365122
0.336698 0.778729 0.0725
0.052613 0.153938 0.0713376
0.227329 0.52375 0.337878
0.0691516 0.314864 0.370945
0.0709655 0.766027 0.0534728
0.204381 0.47625 0.370047
0.391248 0.0294899 0.360594
0.295248 0.748874  0.025
0.219034 0.854305 0.0725
0.04875 0.693593 0.0454326
0.38125 0.520698 0.184202
0.359429 0.815427 0.0546878
0.04875 0.927044 0.0338879
0.128793 0.47625 0.138635
0.382986 0.267507 0.403838
0.367327 0.285069 0.0309459
0.149885 0.867086 0.0725
0.0667249 0.347205 0.0338897
0.38125 0.516905 0.348712
0.264625 0.851372  0.025
0.0612874 0.172829 0.0299391
0.0373428 0.917015 0.0683821
0.222437 0.47625 0.214184
0.385876 0.410529 0.403838
0.0833681 0.49986 0.04875
0.379978 0.311138 0.358662
0.13675 0.47625 0.285203
0.384291 0.123703 0.358662
0.404156 0.258498 0.051349
0.358914 0.0860885 0.376898
0.362198 0.813649 0.0725
0.221561 0.753618  0.025
0.221166  0.975 0.0616624
0.394061 0.67491 0.0301381
0.0281641 0.14044 0.0390117
0.361556 0.47625 0.34852
0.402715 0.0456067 0.0417164
0.176526 0.95322 0.0725
0.04875 0.511477 0.244825
0.390676 0.859673 0.0698212
0.401883 0.693831 0.0583441
0.0877713 0.966712 0.0725
0.354983 0.939228  0.025
0.358431 0.348056 0.0458839
0.0777749   0.69 0.0513012
0.303999 0.85844  0.025
0.361444 0.133757 0.369112
0.187839 0.52375 0.310466
0.0420138 0.637814 0.0261624
0.207052   0.69 0.043835
0.358142 0.52375 0.241218
0.04875 0.478105 0.105623
0.117621 0.839717 0.0725
0.0519563 0.47625 0.332926
0.327206 0.47625 0.201565
0.213943 0.52375 0.189799
0.364653   0.69 0.0315962
0.403302 0.252687 0.0539759
0.348302 0.52375 0.307852
0.37088 0.785114 0.0691355
0.38125 0.50764 0.116447
0.0359384 0.225195 0.0673616
0.0375519 0.0974656 0.401034
0.156301 0.47625 0.380619
0.187279 0.52375 0.16729
0.37292 0.430547 0.0268824
0.0617321 0.783368 0.0302622
0.0644127 0.476045 0.36471
0.145106   0.69 0.0407218
0.02521 0.0556599 0.0493963
0.0635245 0.450993 0.0659355
0.0308517 0.556834 0.0338341
0.0679813 0.382259 0.395157
0.15685   0.69 0.0448406
0.0521033 0.448138 0.358662
0.308877 0.96836 0.0725
0.0579734 0.207563 0.0699686
0.312272 0.52375 0.144602
0.271718 0.767549  0.025
0.361679 0.750795 0.0616097
0.389679 0.0565571 0.403046
0.0479854 0.63337 0.0261624
0.226058 0.737062 0.0725
0.365874 0.888945 0.0725
0.390327 0.398965 0.402575
0.404102 0.696075 0.0459862
0.360148 0.23684 0.389398
0.170784 0.8204  0.025
0.193545 0.47625 0.325013
0.268151 0.47625 0.127316
0.19336 0.47625 0.139359
0.0402439  0.975 0.0606754
0.0295322 0.938814 0.0626989
0.307912 0.878573 0.0725
0.0501755 0.737569 0.0261624
0.361102 0.62795 0.0598357
0.152937 0.824196  0.025
0.38125 0.743868 0.0394141
0.362443 0.465936 0.0344942
0.117082 0.821146  0.025
0.373798 0.728833  0.025
0.067876   0.69 0.0490493
0.376416 0.914655 0.0713376
0.163688 0.52375 0.107865
0.266667 0.756165 0.0725
0.224108 0.795964  0.025
0.0544554 0.730115 0.0713376
0.372323 0.240986 0.359816
0.0907905 0.52375 0.304615
0.338462 0.737147  0.025
0.0427114 0.0674553 0.403838
0.370137 0.636544 0.0685958
0.0592033 0.760977 0.0690751
0.0297304 0.332193 0.367149
0.04875 0.754431 0.0427721
0.234301   0.69 0.0481277
0.388163 0.697957 0.0713376
0.0479779 0.355962 0.358662
0.0529736 0.52375 0.292077
0.309892 0.52375 0.182804
0.399658 0.431283 0.0342043
0.174342  0.975 0.0506044
0.122033 0.52375 0.204903
0.064445 0.806393 0.0322333
0.185038 0.866386 0.0725
0.0552142 0.803365 0.0725
0.398547 0.758567 0.0333973
0.390851 0.218775 0.0278055
0.0961834 0.519245 0.38125
0.0283292 0.897123 0.0385036
0.177197 0.877584 0.0725
0.358945 0.291863 0.376804
0.0797489 0.47625 0.287069
0.0599657 0.900516 0.0685212
0.109431 0.47625 0.268999
0.102352 0.916577  0.025
0.152214 0.52375 0.101954
0.302195  0.975 0.0486233
0.234378 0.769515  0.025
0.401194 0.163152 0.369535
0.106471 0.971265  0.025
0.0704944 0.132229 0.387423
0.331612 0.939542 0.0725
0.0698126 0.807459 0.057021
0.346658 0.47625 0.119577
0.39371 0.287196 0.400117
0.370844 0.585515 0.0691095
0.316956   0.69 0.0471546
0.297097 0.912397 0.0725
0.18087 0.69293 0.0725
0.287475 0.520326 0.04875
0.363693 0.231235 0.396414
0.361568 0.176867 0.393771
0.378788 0.52375 0.194003
0.274126 0.479019 0.38125
0.300367 0.893758  0.025
0.210705 0.52375 0.084626
0.400474 0.158172 0.062679
0.0533669 0.338209 0.403838
0.0707967 0.757589 0.0725
0.360485 0.132593 0.390436
0.025719 0.907989 0.0465372
0.14527 0.47625 0.0794409
0.0278139 0.260129 0.38991
0.360665 0.662632 0.0584915
0.186063 0.47625 0.213874
0.342211 0.697844  0.025
0.377373 0.47625 0.105043
0.403867 0.187146 0.0522375
0.38125 0.886812 0.0358277
0.0277905 0.955429 0.0573384
0.026441 0.835896 0.053185
0.404614 0.0679384 0.382437
0.125936 0.47625 0.255379
0.23565 0.766571 0.0725
0.192988 0.830137 0.0725
0.12967 0.52375 0.144343
0.226761 0.47625 0.37499
0.2858 0.816192 0.0725
0.0314125 0.144453 0.0640734
0.243794 0.52375 0.30314
0.204208 0.89327 0.0725
0.167716 0.904782  0.025
0.403828 0.612027 0.0523581
0.0454027 0.711758 0.0713376
0.0387554 0.49185 0.360591
0.0637994 0.848792 0.0725
0.252016 0.52375 0.194639
0.4024 0.335257 0.389251
0.0380108 0.675544 0.0286326
0.394577 0.186241 0.399487
0.20889 0.47625 0.239647
0.0703455 0.966588 0.0553811
0.189575 0.912078  0.025
0.032321 0.434955 0.365266
0.38125 0.793046 0.0663588
0.0697196 0.0375754 0.389807
0.187829 0.498511 0.04875
0.0290674 0.393073 0.0362316
0.401333 0.249198 0.0600341
0.266877 0.489745 0.04875
0.326602 0.957992 0.0725
0.365582 0.0617897 0.397786
0.401972 0.582649 0.0580689
0.04875 0.83843 0.0590859
0.0547472 0.671714 0.0261624
0.0279361 0.326477 0.0577865
0.279154 0.819576 0.0725
0.354671 0.52375 0.311512
0.402141 0.0805287 0.390047
0.401558 0.228869 0.0381585
0.366809 0.822515  0.025
0.364382 0.79595 0.0725
0.217711   0.69 0.0650875
0.38125 0.72092 0.0623284
0.027984 0.320373 0.372066
0.0506459 0.297168 0.403838
0.0280108 0.391703 0.390516
0.268776 0.47625 0.100178
0.0332756 0.457303 0.065427
0.226912 0.47625 0.269502
0.0268257 0.290576 0.375631
0.0487863 0.30506 0.0713376
0.080024 0.814891 0.0725
0.298482 0.52375 0.136853
0.359807 0.586961 0.055849
0.374311 0.144267 0.358662
0.209868 0.47625 0.27329
0.336327 0.785487 0.0725
0.0278728 0.631685 0.0399084
0.401935 0.792626 0.0393179
0.12265 0.691139 0.0725
0.400564 0.673654 0.0624014
0.0619415 0.52375 0.333663
0.404415 0.113927 0.0469487
0.314885 0.52375 0.262846
0.0422627 0.680757 0.0713376
0.0252591 0.521638 0.0495475
0.338626 0.710187  0.025
0.0383197 0.0288794 0.360908
0.295935 0.797908 0.0725
0.0516171 0.687384 0.0713376
0.117406 0.52375 0.294745
0.277026 0.47625 0.192165
0.123793 0.52375 0.249272
0.0515713 0.47625 0.258316
0.146882 0.52375 0.324148
0.19425 0.511714 0.38125
0.394186 0.636304 0.0302287
0.234121 0.776568  0.025
0.299929 0.698744  0.025
0.384893 0.407586 0.0261624
0.368577 0.47625 0.142468
0.320254 0.938397 0.0725
0.0709517  0.975 0.0579194
0.0468977 0.588679 0.0713376
0.378575 0.184107 0.0713376
0.187213 0.872378  0.025
0.0293323 0.416371 0.0620835
0.391047 0.0330144 0.402052
0.202753 0.52375 0.276965
0.359032 0.0774636 0.0534639
0.100457 0.903016 0.0725
0.136288 0.52375 0.284746
0.30083 0.844091  0.025
0.206864 0.848308  0.025
0.395984 0.306615 0.0315353
0.358246 0.252453 0.378954
0.246914  0.975 0.0255802
0.0327953 0.0483012 0.397578
0.327735 0.788921 0.0725
0.396285 0.447977 0.0317539
0.04875 0.516622 0.197882
0.0683257 0.171077 0.394097
0.385482 0.188098 0.358662
0.392335 0.629261 0.0686161
0.0430998 0.767066 0.0713376
0.277666 0.47625 0.133388
0.164735 0.748002  0.025
0.361547 0.147542 0.0362946
0.185115 0.52375 0.33623
0.389207 0.971679 0.0708889
0.0359701 0.0440583 0.0301153
0.0280557 0.063955 0.390655
0.140372 0.52375 0.238757
0.326161 0.895043 0.0725
0.38125 0.889403 0.0381967
0.0926693 0.52375 0.100066
0.0274594 0.406401 0.0563194
0.0902076 0.947408  0.025
0.145403 0.52375 0.1416
0.34317 0.971654  0.025
0.359892 0.412447 0.388612
0.379139 0.456814 0.358662
0.0329207 0.723685 0.0651691
0.296424 0.698001  0.025
0.247077   0.69 0.0483766
0.241845 0.52375 0.219669
0.0567748 0.52375 0.358058
0.203392 0.47625 0.137091
0.139264 0.735874 0.0725
0.0328825 0.201819 0.397642
0.38125 0.505722 0.355268
0.386032 0.496973 0.358662
0.200873 0.52375 0.054724
0.199623 0.52375 0.330924
0.389102 0.458168 0.403465
0.0468676 0.315937 0.358662
0.232334 0.47625 0.357469
0.0252376 0.144615 0.381981
0.0443513 0.463976 0.403838
0.36779  0.025 0.0488861
0.0380456 0.138259 0.0286073
0.39115 0.322547 0.360523
0.358373 0.912115 0.0460623
0.224147 0.895996  0.025
0.0500685 0.376855 0.0713376
0.0364574 0.468147 0.0677387
0.224472 0.939024  0.025
0.081976 0.52375 0.108488
0.255108 0.47625 0.360252
0.368382 0.761845 0.0673208
0.0506978 0.317533 0.0261624
0.242863 0.52375 0.127379
0.228764 0.747721 0.0725
0.361434 0.494307 0.0608587
0.191839 0.52375 0.0526207
0.026634 0.430889 0.376221
0.254779 0.52375 0.0635679
0.059174 0.92093  0.025
0.376341 0.52375 0.311723
0.187337 0.47625 0.0635987
0.0976609 0.498373 0.04875
0.216967 0.52375 0.0536074
0.255767 0.481746 0.38125
0.372729 0.462309 0.0704788
0.259988 0.95802 0.0725
0.382566 0.0254629 0.358662
0.163958 0.515175 0.04875
0.0723592 0.316193 0.0491833
0.193451 0.885232 0.0725
0.384819 0.897492 0.0261624
0.0497438 0.52375 0.242742
0.0675174 0.259482 0.0344655
0.0692212 0.354207 0.391341
0.368478 0.952316 0.0725
0.0844381 0.52375 0.308603
0.358593 0.726169  0.025
0.114961 0.803579 0.0725
0.234476 0.797944 0.0725
0.380887 0.52375 0.150839
0.400276 0.671275 0.0628467
0.0382561 0.539849 0.0690456
0.0275843 0.492711 0.0567039
0.38125 0.490911 0.20807
0.0977464 0.932371  0.025
0.262064 0.52375  0.283
0.23215 0.52375 0.261466
0.0493562 0.729257 0.0261624
0.387243 0.447366 0.0261624
0.0437975 0.364983 0.0713376
0.230911 0.52375 0.174239
0.403749 0.19885 0.0525992
0.0608464 0.129429 0.400382
0.24271 0.52375 0.138391
0.250485 0.52375 0.373672
0.0250102 0.204673 0.381219
0.22251 0.47625 0.0634298
0.400985  0.369 0.0611062
0.298472 0.47625 0.126344
0.363047 0.261512 0.395945
0.37923 0.539097 0.0713376
0.0424672 0.580298 0.0713376
0.126449 0.83043  0.025
0.04875 0.522395 0.0893876
0.074667   0.69 0.0345664
0.0312199 0.410246 0.0639335
0.40305 0.392267 0.387251
0.378855 0.403826 0.403838
0.249068 0.725977  0.025
0.0497987 0.68086 0.0261624
0.0563627 0.482631 0.04875
0.0260175 0.133161 0.0456184
0.397641 0.401801 0.0647613
0.357666 0.483662 0.0492614
0.14209 0.52375 0.150523
0.391952 0.883823 0.0286061
0.363342 0.250013 0.366341
0.404665 0.825718 0.049782
0.0883956 0.47625 0.310533
0.0681916 0.059183 0.39451
0.183989 0.758372  0.025
0.154845 0.499286 0.38125
0.404182 0.487963 0.051266
0.323604 0.47625 0.0968662
0.0617551 0.802086 0.0672211
0.0291192 0.703873 0.0360722
0.300402 0.52375 0.110998
0.287447 0.958024  0.025
0.066135 0.78483 0.0640389
0.143936 0.728532  0.025
0.253461 0.52375 0.351226
0.041362 0.0948173 0.358697
0.0919457 0.52375 0.180839
0.0265235 0.251135 0.0534389
0.0299846 0.221484 0.034464
0.346654 0.968609 0.0725
0.404416 0.93063 0.0469533
0.384159 0.399156 0.358662
0.390869 0.095984 0.0696814
0.401451 0.247711 0.0596731
0.0462396 0.0560487 0.358662
0.400292 0.682817 0.0346655
0.0252097 0.393025 0.0481045
0.203196 0.52375 0.306535
0.372392 0.760828 0.0725
0.370717 0.464474 0.360983
0.0312601 0.431499 0.366037
0.20409 0.752398  0.025
0.19354 0.52375 0.14785
0.04875 0.480833 0.313029
0.361119 0.823461 0.0376113
0.402656 0.249281 0.0415366
0.0670533 0.497216 0.0341283
0.0682662 0.291773 0.36822
0.0980515   0.69 0.0690287
0.38125 0.513034 0.0712243
0.400748 0.13197 0.0356634
0.38125 0.921097 0.0573148
0.132037   0.69 0.044261
0.368724 0.340274 0.0299309
0.161685 0.837358 0.0725
0.36999 0.773603 0.0725
0.0375876 0.68439 0.0289401
0.0428467 0.197958 0.0261624
0.39435 0.914411 0.0671523
0.396338 0.195329 0.398208
0.38125 0.951716 0.0329238
0.359068 0.707798 0.0439258
0.38125 0.521079 0.3745
0.285862 0.769426  0.025
0.0412081 0.281325 0.0711904
0.0513243 0.822982  0.025
0.0292406 0.47865 0.0356986
0.316377 0.892444 0.0725
0.308058 0.808898 0.0725
0.332175 0.47625 0.178482
0.400814 0.156479 0.394133
0.358186 0.52375 0.276877
0.0635723  0.975 0.0309091
0.04875 0.842689 0.0722274
0.0723566 0.728575 0.0483087
0.0586665 0.210475 0.360535
0.0864192 0.47625 0.102746
0.0315907 0.0434698 0.396703
0.307666 0.47625 0.362174
0.04875 0.497413 0.307824
0.043284 0.839899 0.0261624
0.292721 0.734699 0.0725
0.179422 0.953453  0.025
0.368733 0.0915418 0.0675758
0.0791866 0.47625 0.298253
0.175441 0.847358  0.025
0.04875 0.916574 0.0689648
0.320922 0.47625 0.221844
0.070769 0.0624659 0.0540775
0.359301 0.832005 0.0542928
0.36007 0.859371 0.0408419
0.147381 0.968301 0.0725
0.0754015 0.47625 0.175303
0.0370327 0.715494 0.0293433
0.193754 0.47625 0.132117
0.0673189 0.669755 0.0343212
0.380095  0.975 0.0676782
0.361455 0.338777 0.0609232
0.308937 0.873615 0.0725
0.0374503 0.131455 0.36154
0.361307 0.47625 0.0549155
0.339834 0.47625 0.080381
0.276518   0.69 0.0608147
0.381562 0.618446 0.0261624
0.19438 0.778405 0.0725
0.0543028 0.202269 0.0713376
0.0651319 0.283512 0.365232
0.385984 0.129081 0.0713376
0.109582 0.871424  0.025
0.381411 0.17283 0.0713376
0.163944 0.951575 0.0725
0.358552 0.688013 0.0455112
0.403509 0.542409 0.0441616
0.310725 0.52375 0.0821111
0.0983647 0.954969  0.025
0.0648411 0.518096 0.032521
0.0386856 0.771077 0.0693576
0.402143 0.111379 0.372456
0.0574618 0.49194 0.359659
0.0652495 0.190849 0.0646822
0.135729 0.47625 0.232026
0.377909 0.186442 0.358662
0.04875 0.482161 0.127993
0.337282 0.52375 0.309634
0.389546 0.280447 0.0268578
0.0535562 0.545327 0.0713376
0.364103 0.291149 0.0332882
0.362743 0.21967 0.0342763
0.389046 0.964324 0.0710055
0.227642 0.51424 0.38125
0.398701 0.484782 0.396491
0.0689943 0.897453 0.0379605
0.402101 0.036835 0.0398295
0.372753 0.930073 0.0704965
0.38125 0.751913 0.026114
0.398039 0.21696 0.0330285
0.398028 0.248587 0.0330202
0.389108 0.0543091 0.0709602
0.286571 0.47625 0.168042
0.0618268 0.956127 0.0725
0.249234 0.52375 0.29135
0.025234 0.0713268 0.0494701
0.267418 0.945197  0.025
0.247849 0.47625 0.34083
0.204172 0.47625 0.0874443
0.389477 0.105162 0.359307
0.257354 0.47625 0.27506
0.0277733 0.352312 0.0402145
0.375845  0.025 0.381885
0.379679 0.47625 0.355799
0.0270239 0.92219 0.054979
0.0347605 0.39302 0.363494
0.388925 0.217705 0.0710935
0.327039 0.47625 0.170331
0.386548 0.235493 0.358662
0.0421815 0.962683 0.0261624
0.0258029 0.801214 0.0462788
0.128784 0.52375 0.14458
0.114047 0.781074 0.0725
0.366661 0.836455  0.025
0.0708323 0.0880516 0.386383
0.312114 0.791675  0.025
0.332095 0.70299 0.0725
0.16033 0.730685  0.025
0.165009 0.47625 0.38038
0.148467 0.47625 0.109089
0.36635 0.13484 0.0658439
0.137227 0.726821 0.0725
0.0475333 0.260867 0.358662
0.38125 0.940608 0.0412381
0.0350383 0.192547 0.0307923
0.370479 0.946405 0.0286561
0.225962 0.898919  0.025
0.0579352 0.691621 0.0699964
0.064766 0.802439 0.0725
0.370182 0.464036 0.0288716
0.0252291 0.943832 0.0494552
0.0859269 0.867825 0.0725
0.0431353 0.170173 0.0713376
0.366249 0.120408 0.364229
0.359605 0.62241 0.0552276
0.393842 0.825907 0.0675212
0.0796673 0.771263 0.0725
0.376815 0.853269  0.025
0.361719 0.0876276 0.394234
0.370776 0.489788 0.04875
0.363294 0.0877394 0.396124
0.332315   0.69 0.0382274
0.063759 0.765191  0.025
0.361852 0.243676 0.0353576
0.0438306 0.499336 0.358662
0.169078 0.52375 0.342451
0.0331804 0.119452 0.0653578
0.306605 0.52375 0.371444
0.0660201 0.47625 0.364382
0.0723888 0.671058 0.0484079
0.391334 0.113935 0.401843
0.399916 0.0908575 0.0343922
0.326515 0.910864  0.025
0.0562351 0.344797 0.0262684
0.156815 0.733691 0.0725
0.288161 0.920225 0.0725
0.379945 0.47625 0.308207
0.17788 0.47625 0.299174
0.0466839 0.399835 0.403838
0.332171 0.47625 0.203495
0.363759 0.47625 0.240311
0.0628077 0.589435 0.0664563
0.372018  0.025 0.368878
0.364492 0.129397 0.0644944
0.0638379 0.140618 0.364292
0.336562 0.47625 0.081808
0.324684 0.52375 0.049873
0.193152 0.479704 0.38125
0.333573 0.74961 0.0725
0.0738186 0.746229  0.025
0.39245 0.476112 0.0289679
0.361034 0.877783 0.0378728
0.390563 0.476536 0.0275965
0.378849 0.810411 0.0261624
0.312605 0.799768  0.025
0.366107 0.379553 0.398168
0.369766 0.107427 0.400827
0.04875 0.809643 0.0282765
0.164402 0.52375 0.243427
0.366875  0.025 0.0600477
0.402336 0.580066 0.0569501
0.070096 0.0933904 0.0561489
0.363604 0.411559 0.396349
0.141011 0.966616 0.0725
0.216703 0.47625 0.377722
0.127439 0.52375 0.210413
0.388919 0.352418 0.403599
0.0999246 0.959117  0.025
0.367894 0.47625 0.0921473
0.151113 0.850295 0.0725
0.265351 0.52375 0.109992
0.328108 0.47625 0.363641
0.0539758 0.862464 0.0261624
0.294072 0.505658 0.38125
0.0636326 0.366216 0.031643
0.182122 0.505188 0.04875
 0.376 0.817162  0.025
0.309851 0.52375 0.16705
0.256334 0.52375 0.355235
0.274681 0.928581 0.0725
0.0397133 0.0933859 0.0701043
0.139661 0.505631 0.04875
0.111218 0.52375 0.0875901
0.03597 0.928572 0.0673847
0.145027 0.52375 0.367167
0.40355 0.188102 0.385714
0.38125 0.502226 0.119365
0.171262 0.47625 0.153985
0.0505321 0.397737 0.0713376
0.115593 0.741379 0.0725
0.040232 0.254502 0.402982
0.327861 0.724238 0.0725
0.38125 0.751616 0.055751
0.252469 0.47625 0.304734
0.174929 0.802049 0.0725
0.16239 0.52375 0.110438
0.367922 0.869875 0.066986
0.0739777 0.804901 0.0725
0.302073 0.47625 0.067111
0.125172 0.914785 0.0725
0.026424 0.310631 0.385633
0.188018 0.942988  0.025
0.0912851 0.696542  0.025
0.360633 0.0720989 0.0391089
0.354112 0.891677 0.0725
0.392537 0.686626 0.068469
0.333295 0.47625 0.0984626
0.361922 0.938281 0.0351406
0.0701634 0.52375 0.0554986
0.229272 0.872659 0.0725
0.165177 0.928067  0.025
0.362939 0.342342 0.395866
0.0274629 0.3624 0.04117
0.31915 0.47625 0.159416
0.142918 0.47625 0.0719405
0.400626 0.290074 0.367789
0.364586 0.212281 0.0645624
0.0416406 0.129674 0.0713376
0.27587 0.47625 0.0522143
0.38125 0.493524 0.273349
0.282627 0.47625 0.261814
0.273476   0.69 0.0438046
0.126264 0.96096 0.0725
0.0493382 0.284932 0.0713376
0.142378 0.52375 0.266716
0.380901 0.719496 0.0261624
0.40249 0.405319 0.0410257
0.0533556 0.404172 0.0713376
0.339617 0.47625 0.328988
0.0599141 0.289004 0.361441
0.370437 0.54331 0.0286868
0.301622 0.717022  0.025
0.296911 0.758296 0.0725
0.123703 0.951235  0.025
0.0903314 0.908706 0.0725
0.261276 0.52375 0.356021
0.304449  0.975 0.0424256
0.0281251 0.0706375 0.0583683
0.22419 0.874382 0.0725
0.202991 0.703396  0.025
0.0465495 0.215789 0.403838
0.0301694 0.15405 0.0631703
0.360487 0.184099 0.390441
0.272749 0.750373  0.025
0.372393 0.386968 0.359765
0.38125 0.85487 0.0679673
0.404961 0.0720764 0.38113
0.0633311 0.441303 0.066076
0.21355 0.955292 0.0725
0.164303 0.52375 0.308089
0.202839 0.880447 0.0725
0.299186 0.52375 0.213008
0.361009 0.841239 0.0725
0.230566 0.872264 0.0725
0.153277 0.47625 0.345441
0.232734   0.69 0.0397031
0.404402 0.784754 0.0469105
0.342991 0.869744 0.0725
0.160255 0.47625 0.213659
0.0361857 0.740654 0.0675414
0.200802 0.52375 0.0802167
0.0290233 0.27777 0.368867
0.0469851 0.426723 0.0713376
0.0322539 0.96489 0.0646847
0.04875 0.791527 0.0370489
0.383346 0.272267 0.0261624
0.360058 0.207429 0.0408767
0.23642   0.69 0.0452451
0.350657 0.813293 0.0725
0.359786 0.250755 0.388285
0.0598759 0.0357222 0.361413
0.381199 0.418541 0.0261624
0.0619435 0.239476 0.362916
0.251246 0.726114 0.0725
0.0334889 0.0522222 0.398082
0.372562 0.223292 0.359642
0.359886 0.332198 0.373908
0.36761 0.707408 0.0307402
0.249448 0.823571  0.025
0.0687604 0.52375 0.312515
0.345108 0.695488  0.025
0.0639298 0.890544  0.025
0.386032 0.368578 0.358662
0.04875 0.501651 0.213891
0.0585957  0.025 0.046173
0.239527 0.756157 0.0725
0.0534872 0.47625 0.119606
0.250571 0.47625 0.188084
0.11391 0.750024  0.025
0.17304 0.736356  0.025
0.0771867 0.47625 0.0982676
0.330827 0.47625 0.0705155
0.16545 0.52375 0.260546
0.370019 0.47625 0.0796755
0.38125 0.523453 0.10705
0.366424 0.0413002 0.0658982
0.368533 0.595958 0.0674301
0.367711 0.280368 0.399333
0.0613408  0.025 0.0587191
0.33563 0.965842 0.0725
0.398236 0.85025 0.0643285
0.401116 0.676091 0.0367954
0.0261056 0.188154 0.0521527
0.147928 0.52375 0.0945724
0.0543424 0.52375 0.186558
0.369784 0.789792 0.0725
0.366354 0.489605 0.364153
0.368498 0.385288 0.0300952
0.31824 0.849138 0.0725
0.0270679 0.198582 0.0551143
0.302061 0.482078 0.04875
0.363429 0.0478148 0.0337782
0.0670909 0.0824812 0.0341556
0.196857 0.47625 0.230035
0.314306 0.52375 0.370659
0.303069 0.47625 0.345974
0.369241 0.899697 0.0295554
0.171447 0.52375 0.0657451
0.158802 0.944981 0.0725
0.122213 0.47625 0.377223
0.0277589 0.701084 0.0402588
0.117107 0.47625 0.300033
0.193571 0.806437 0.0725
0.224026 0.739556  0.025
0.380184 0.103144 0.0261624
0.36204 0.237629 0.395213
0.15935 0.47625 0.25109
0.361266 0.22233 0.0371604
0.237469 0.47625 0.26904
0.0499775 0.802864 0.0713376
0.0632293 0.775847 0.03135
0.27864 0.47625 0.0691844
0.120084 0.810606  0.025
0.100014 0.52375 0.336431
0.141132 0.752649  0.025
0.188076 0.47625 0.0570591
0.0523673 0.47625 0.300091
0.38106 0.752639  0.025
0.0260288 0.402543 0.384416
0.0705309 0.508281 0.04875
0.381103 0.767741 0.0725
0.147461 0.47625 0.263918
0.390592 0.236323 0.0276177
0.372005 0.120597 0.0699525
0.0545279 0.52375 0.183342
0.386995 0.510008 0.0261624
0.379018 0.89747 0.0725
0.317104 0.954565 0.0725
0.31127 0.812522 0.0725
0.391236 0.19307 0.0694147
0.0509726 0.774305 0.0261624
0.0810681 0.52375 0.105596
0.0621676 0.330676 0.0669214
0.223175 0.965921 0.0725
0.29327 0.896448  0.025
0.0263301 0.18931 0.377156
0.0644645 0.119721 0.0652526
0.0708368 0.874267 0.0538689
0.04875 0.515346 0.0950176
0.252314 0.47625 0.0684125
0.214943 0.832343  0.025
0.314038 0.75132 0.0725
0.208769 0.851642 0.0725
0.0394422 0.86613 0.0699073
0.360497 0.284345 0.0395268
0.0656013 0.670917 0.0644267
0.0746512 0.77881  0.025
0.270908 0.52375 0.352735
0.0886853 0.866725 0.0725
0.197646 0.760066 0.0725
0.0869762 0.47625 0.121252
0.25174 0.52375 0.37083
0.360521 0.170637 0.0394533
0.0992663 0.895811 0.0725
0.253452 0.879028 0.0725
0.400561 0.356292 0.0350874
0.127454 0.47625 0.188586
0.169326 0.961986 0.0725
0.36662 0.827504  0.025
0.402145 0.640718 0.0575361
0.224971 0.47625 0.344694
0.107591 0.736309 0.0725
0.33419 0.47625 0.148661
0.361942 0.492252 0.39492
0.370425 0.234446 0.361195
0.404875 0.167794 0.048364
0.0686065 0.120558 0.369267
0.282981 0.965464  0.025
0.04875 0.5197 0.189171
0.124272 0.52375 0.144989
0.38125 0.512506 0.117876
0.233877 0.743309  0.025
0.0627917 0.483826 0.066468
0.38125 0.500666 0.127905
0.0496427 0.691614 0.0261624
0.366422 0.476356 0.398397
0.0546074 0.964343 0.0725
0.154874 0.692388  0.025
0.112307   0.69 0.0304771
0.234052 0.741197 0.0725
0.362208 0.451245 0.367165
0.0280783 0.569684 0.0392758
0.0983704 0.47625 0.257593
0.36331 0.485054 0.0636354
0.350945 0.52375 0.301621
0.0623602 0.123695 0.0667814
0.402436 0.956973 0.0408604
0.0493828 0.52375 0.286196
0.051335 0.744298 0.0261624
0.274363 0.505731 0.04875
0.0639557 0.387587 0.0656223
0.364752 0.741653 0.0725
0.30106  0.975 0.0340451
0.201689 0.87889 0.0725
0.208068 0.52375 0.254592
0.127384  0.975 0.0714066
0.316281 0.47625 0.265728
0.0789069 0.47625 0.312586
0.136202 0.52375 0.0711157
0.068661 0.184203 0.0369347
0.360033 0.0464113 0.373454
0.0304531 0.463444 0.395876
0.0648606 0.149386 0.397465
0.38125 0.733236 0.0276529
0.365052 0.702569 0.0649009
0.0966699   0.69 0.0437012
0.0290217 0.105804 0.368872
0.0529664 0.455101 0.358662
0.0722375 0.152096 0.047942
0.403686 0.0337253 0.0447062
0.0361662 0.667054 0.0675272
0.057059 0.52375 0.334158
0.266853   0.69 0.0457799
0.137371 0.47625 0.189269
0.353111 0.52375 0.137809
0.400886 0.746701 0.0614116
0.041567 0.495881 0.0261624
0.193357 0.47625 0.186656
0.0527962 0.623276 0.0713376
0.0255493 0.353648 0.382941
0.361222 0.0688272 0.369794
0.403614 0.208382 0.376984
0.156097   0.69 0.0706805
0.0714306 0.0298139 0.0520412
0.384261 0.297403 0.358662
0.38125 0.802673 0.0465978
0.378333 0.512969 0.38125
0.378517 0.47625 0.246371
0.378665 0.308041 0.358662
0.0334645 0.290726 0.0319357
0.365133 0.286356 0.06496
0.358947 0.80555 0.0532022
0.254354 0.910141  0.025
0.119167 0.695945 0.0725
0.217832 0.47625 0.264062
0.04875 0.523492 0.314259
0.403627 0.132604 0.0445231
0.307221 0.47625 0.0505411
0.36113 0.0550971 0.0599203
0.10396 0.878561 0.0725
0.215534 0.703207  0.025
0.189388 0.52375 0.174735
0.247615 0.47625 0.183727
0.360011   0.69 0.054576
0.372046 0.756453 0.0275171
0.04875 0.508465 0.352355
0.025124 0.809377 0.0491318
0.354888 0.47625 0.243195
0.278473 0.869546  0.025
0.377091 0.121914 0.403838
0.0500181 0.834149 0.0725
0.0262943 0.613889 0.0527334
0.251525 0.52375 0.178443
0.245732 0.969059 0.0725
0.119934 0.52375 0.291457
0.0512632 0.933986 0.0725
0.120581 0.47625 0.268491
0.130086 0.47625 0.219598
0.0549445 0.162245 0.403838
0.359544 0.103059 0.0550397
0.04875 0.965473 0.0346679
0.38125 0.890294 0.0692222
0.162915 0.917506  0.025
0.0471732 0.879408 0.0713376
0.0327339 0.0350418 0.0650335
0.273092 0.969996  0.025
0.311567 0.809648 0.0725
0.294991 0.52375 0.322058
0.0354613 0.518227 0.030485
0.203104 0.793636 0.0725
0.0688084 0.139965 0.369888
0.397095 0.211414 0.0651577
0.0959869   0.69 0.0682851
0.404865 0.0518534 0.380834
0.04875 0.927347 0.0383793
0.358399 0.669696 0.0515166
0.0287605 0.183075 0.0371763
0.387016 0.213575 0.0261624
0.395642 0.240471 0.0312865
0.0651037 0.692782 0.0725
0.381039 0.684701 0.0713376
0.386299 0.364233 0.358662
0.0690375 0.446262 0.370593
0.0712481 0.759954 0.0448971
0.0279597 0.322119 0.057859
0.253684 0.52375 0.209418
0.3484 0.842258 0.0725
0.401613 0.383024 0.0591751
0.388837 0.708489 0.0711576
0.0722128 0.819738 0.0725
0.04875 0.925191 0.0288635
0.304797 0.47625 0.149048
0.368053 0.685583 0.0304183
0.253271 0.890316  0.025
0.404915 0.833845 0.0490102
0.369936 0.453586 0.0684496
0.257889 0.787022 0.0725
0.0264972 0.217294 0.0441419
0.151728 0.47625 0.122764
0.400913 0.470471 0.0361715
0.0438029 0.305664 0.403838
0.0464349 0.656409 0.0713376
0.0306139 0.380887 0.395993
0.0408774 0.139728 0.0265499
0.326339 0.52375 0.242995
0.053225 0.31938 0.403838
0.404903 0.342081 0.38095
0.271339 0.47625 0.321313
0.149616 0.827787 0.0725
0.381457 0.935801 0.0713376
0.390139 0.0401373 0.359788
0.186161  0.975 0.0565865
0.243036 0.504765 0.04875
0.0709273 0.449726 0.0439096
0.362065 0.52375 0.196059
0.0256592 0.660173 0.050779
0.183508 0.47625 0.17716
0.111267 0.476466 0.04875
0.07097 0.369456 0.0534588
0.138556 0.47625 0.0837134
0.08002 0.877644  0.025
0.19377 0.690512  0.025
0.0546028 0.0742433 0.358662
0.320347 0.52375 0.265916
0.398615 0.462524 0.365947
0.211229 0.836614 0.0725
0.40417 0.882795 0.0461963
0.328531 0.722754 0.0725
0.227617 0.47625 0.351332
0.0719032 0.331255 0.379413
0.319896 0.954205  0.025
0.38125 0.955642 0.0650459
0.23755 0.510782 0.04875
0.106272 0.90296 0.0725
0.273539 0.939796 0.0725
0.334167 0.743142  0.025
0.04875 0.867439 0.0443135
0.0559952 0.41331 0.0261624
0.37499 0.543326 0.0261624
0.338402 0.84713 0.0725
0.380549 0.69177 0.0725
0.0745115  0.975 0.0396644
0.054803 0.517545 0.04875
0.0276162 0.503299 0.0568018
0.221709 0.833026 0.0725
0.35986 0.798311  0.025
0.0268925 0.503328 0.0429254
0.0258498 0.205498 0.378634
0.049298 0.544009 0.0261624
0.0412552 0.589174 0.0262755
0.0303919 0.579654 0.0341681
0.0977212 0.52375 0.154202
0.30401 0.52375 0.108196
0.32824   0.69 0.0266883
0.392866 0.069614 0.0292697
0.344609 0.52375 0.369103
0.069943 0.930261 0.0566198
0.0357199 0.460951 0.0302971
0.389933 0.280046 0.070361
0.373023 0.453496 0.0268072
0.194301 0.47625 0.29857
0.112164 0.863346  0.025
0.224274 0.792312 0.0725
0.0256797 0.0897831 0.383342
0.0506146 0.483885 0.04875
0.106453 0.488562 0.38125
0.379235 0.510623 0.38125
0.297313 0.740327  0.025
0.0654544  0.975 0.0606927
0.301908 0.966287 0.0725
0.304387 0.849393 0.0725
0.0279114 0.207823 0.0577106
0.025358 0.317263 0.0498518
0.39998 0.364979 0.0344384
0.269142 0.47625 0.361538
0.38125 0.879966 0.053675
0.110226 0.52375 0.332438
0.0444161 0.396814 0.0713376
0.361982 0.38664 0.367455
0.057512 0.488728 0.402804
0.0292455 0.117151 0.0618164
0.0384202 0.427809 0.0283352
0.0451241 0.124371 0.0261624
0.318487 0.957238 0.0725
0.390334 0.640179 0.0274302
0.176392 0.903735 0.0725
0.0717958 0.718928 0.0725
0.197063 0.495278 0.38125
0.183977 0.806372 0.0725
0.0355368 0.329284 0.36293
0.0259454 0.88051 0.0516597
0.0636619 0.460922 0.398336
0.363609 0.515475 0.0638529
0.3375 0.47625 0.355871
0.25772 0.777453  0.025
0.132341 0.875268  0.025
0.180706 0.827956  0.025
0.233158 0.507135 0.04875
0.04875 0.484465 0.231839
0.0666529 0.432051 0.0636626
0.290552 0.47625 0.193368
0.39543 0.60603 0.0663673
0.0461097  0.025 0.398188
0.319294 0.47625 0.369992
0.132101 0.96003 0.0725
0.0722296 0.547464 0.0479179
0.391423 0.437574 0.360721
0.111069 0.500165 0.38125
0.366636 0.474511 0.363948
0.04875 0.958311 0.039707
0.175148 0.52375 0.234323
0.04875 0.973417 0.0305526
0.0705542 0.553433 0.0547386
0.352191 0.47625 0.182601
0.348494 0.829698 0.0725
0.38125 0.721439 0.0330726
0.393403 0.0780622 0.02966
0.331603 0.864279  0.025
0.107983 0.47625 0.217007
0.372869 0.720643 0.0705808
0.04875 0.903225 0.0486296
0.151624 0.857938  0.025
0.350572 0.52375 0.288779
0.402136 0.914353 0.0575629
0.300774 0.47625 0.324885
0.098567 0.510857 0.38125
0.344237 0.874094  0.025
0.31107 0.52375 0.180931
0.0251351 0.336208 0.381666
0.0583608 0.65938 0.0696872
0.0552454 0.0576296 0.0713376
0.270068 0.52375 0.249086
0.063011 0.428452 0.363691
0.322675 0.47625 0.174542
0.38125 0.492979 0.0964539
0.310948 0.839569  0.025
0.392246 0.753814 0.0686805
0.340505   0.69 0.06327
0.211112 0.889058  0.025
0.361325 0.392625 0.0369798
0.0932391 0.52375 0.0780215
0.149916 0.744836  0.025
0.365327 0.265335 0.364899
0.138162 0.52375 0.292884
0.38125 0.501472 0.153659
0.0586201 0.425382 0.0280012
0.378955 0.650165 0.0713376
0.239548 0.800336 0.0725
0.04875 0.879079 0.0558011
0.0715039 0.707304 0.0456842
0.316113 0.47625 0.0949642
0.125223 0.819002 0.0725
0.359844 0.623543 0.0415375
0.401623 0.10076 0.0591426
0.170178 0.52375 0.265595
0.346545   0.69 0.0608732
0.194532 0.52375 0.248826
0.337915 0.47625 0.372579
0.289707 0.52375 0.140048
0.370116 0.950014 0.0725
0.0295119 0.339474 0.0348636
0.17362 0.477378 0.04875
0.125505 0.52375 0.279039
0.0955175 0.757871 0.0725
0.188366 0.858527 0.0725
0.286134 0.697519  0.025
0.206313 0.47625 0.215171
0.359712 0.435515 0.041943
0.04875 0.514489 0.261093
0.0841453 0.52375 0.27942
0.04875 0.517999 0.257448
0.367279 0.21336 0.399019
0.143343 0.52375 0.0841469
0.378379 0.356062 0.358662
0.169342 0.47625 0.327068
0.241803 0.871894 0.0725
0.325284 0.968796 0.0725
0.320316 0.759985 0.0725
0.13265 0.51402 0.38125
0.358644 0.15031 0.384769
0.0263525 0.537347 0.0529125
0.367636 0.259108 0.0307217
0.0984321 0.52375 0.375226
0.10137   0.69 0.0640234
0.125855 0.967696  0.025
0.16167 0.495298 0.38125
0.0828457  0.975 0.0415355
0.199347 0.761011 0.0725
0.0349016 0.927161 0.0308916
0.260799 0.498278 0.38125
0.0718936 0.148149 0.0468836
0.37351 0.47625 0.164149
0.374262 0.47625 0.12336
0.04875 0.518356 0.280983
0.341017 0.4972 0.38125
0.0515269 0.772232  0.025
0.348334 0.52375 0.200306
0.0669661 0.47625 0.0844434
0.387148 0.177169 0.0261624
0.35723 0.936361  0.025
0.273604 0.921029 0.0725
0.0902462 0.730841  0.025
0.0608864 0.52375 0.310393
0.118873   0.69 0.0424576
0.25443 0.874249 0.0725
0.15471 0.899304 0.0725
0.361085 0.0558886 0.0597823
0.172758 0.902662 0.0725
0.361175 0.741361 0.0725
0.115086 0.856302 0.0725
0.219309 0.47625 0.344407
0.0470939 0.200974 0.0713376
0.0716535 0.569122 0.0461446
0.360897 0.0981072 0.059203
0.0293766 0.123121 0.06222
0.0609292 0.268003 0.400321
0.38125 0.489426 0.259091
0.383885 0.0277348 0.358662
0.04875 0.492078 0.0559341
0.0936265 0.52375 0.377969
0.0259784 0.299234 0.384261
0.398246 0.436517 0.0643216
0.122559 0.505807 0.38125
0.3645 0.228057 0.0645
0.402425 0.0345108 0.0566756
0.385605 0.554712 0.0261624
0.0281611 0.258233 0.390979
0.111954 0.47625 0.0654908
0.239821 0.479096 0.04875
0.117042 0.47625 0.293833
0.214023 0.52375 0.180708
0.237677 0.943205  0.025
0.254219 0.52375 0.102656
0.29769 0.52375 0.199471
0.38125 0.924137 0.0443678
0.245713 0.811353  0.025
0.281394 0.505819 0.38125
0.0632165 0.47625 0.173193
0.290222 0.47625 0.116654
0.21281 0.80999 0.0725
0.0598236 0.383653 0.0686244
0.109253 0.47625 0.291755
0.0251527 0.093377 0.38172
0.0562904 0.433328 0.403692
0.0547488 0.430485 0.403838
0.0787881 0.797687 0.0725
0.165308 0.47625 0.179566
0.283505 0.927561  0.025
0.14819 0.500183 0.38125
0.366026  0.025 0.0452914
0.197311 0.52375 0.180872
0.116455 0.749672 0.0725
0.0331497 0.602752 0.0321645
0.385317 0.464916 0.358662
0.127552 0.52375 0.157811
0.360103 0.869669 0.0407389
0.0687575 0.167355 0.0372316
0.0584584 0.52375 0.31607
0.0549673 0.466296 0.403838
0.368385 0.732023 0.030177
0.360849 0.302128 0.391556
0.385896 0.303264 0.403838
0.0680533 0.424092 0.0624357
0.0613051 0.196311 0.029952
0.362905 0.47625 0.367362
0.38125 0.877695 0.0402702
0.314283 0.850347 0.0725
0.0686315 0.334597 0.369344
0.295214 0.500819 0.04875
0.060611 0.47625 0.102092
0.220218   0.69 0.0328554
0.0693058 0.390173 0.038919
0.217618 0.846875 0.0725
0.116046 0.52375 0.319066
0.0287652 0.284399 0.0603381
0.04875 0.48189 0.0683528
0.332538 0.96159 0.0725
0.39652 0.434759 0.0655753
0.155457 0.935374  0.025
0.38125 0.516777 0.342271
0.333132 0.856658 0.0725
0.301228 0.47625 0.309823
0.393086 0.0463651 0.0294294
0.257365 0.52375 0.304202
0.027082 0.394271 0.387658
0.0566978 0.258994 0.359104
0.252411 0.879288 0.0725
0.0651811 0.47625 0.377619
0.387175 0.343536 0.358662
0.360284 0.9216 0.0401828
0.378907 0.47625 0.272022
0.404029 0.0739445 0.378263
0.378812 0.450885 0.0261624
0.382483 0.0532785 0.0261624
0.267893  0.975 0.0406261
