0.103899 0.480499 0.425525
0.162605 0.475666 0.486556
0.385002 0.681148 0.0284765
0.100405 0.137215 0.541703
0.0569477 0.446272 0.558314
0.0863499 0.475499 0.114534
0.342234 0.672011 0.0523792
0.116243 0.201697 0.158818
0.35199 0.518784 0.0685068
0.220663 0.469924 0.520665
0.548078 0.465512 0.418923
0.281036 0.480126 0.398251
0.129188 0.483585 0.301906
0.114896 0.240601 0.153893
0.348528 0.878173 0.0679713
0.254198 0.698325 0.060297
0.50846 0.461295 0.559064
0.473983 0.742709 0.0466727
0.355839 0.485626 0.242142
0.271885 0.472084 0.51115
0.473244 0.407702 0.50292
0.105127 0.240721 0.149126
0.160418 0.463967 0.547037
0.103672 0.484038 0.27923
0.233659 0.672035 0.0433543
0.215691 0.646861 0.0333033
0.204437 0.810225 0.0702265
0.461827 0.485143 0.233051
0.361736 0.479118 0.43323
0.345675 0.948332 0.0312164
0.12128 0.485859 0.20581
0.195578 0.779415 0.0697445
0.0873534 0.48475 0.230839
0.342772 0.672064 0.0471217
0.105584 0.427711 0.192517
0.345602 0.932109 0.0342202
0.302943 0.49382 0.126742
0.442877 0.787479 0.0749712
0.291548 0.82766 0.0397241
0.219906 0.682667 0.0285717
0.461687 0.164579 0.524051
0.294044 0.499227 0.0966966
0.133225 0.498502 0.1009
0.165765 0.497318 0.090279
0.29664 0.826278 0.0397903
0.358137 0.494739 0.054289
0.106637 0.453902 0.19503
0.402166 0.477447 0.467685
0.221679 0.821948 0.0697572
0.360569 0.859981 0.0403174
0.464614 0.226681 0.537152
0.104982 0.0437136 0.150163
0.40488 0.485758 0.229878
0.271473 0.906488 0.0364603
0.121819 0.747399 0.0443789
0.482207 0.336865 0.177572
0.438761 0.889746 0.0719604
0.414543 0.456984 0.577417
0.265365 0.714722 0.0340496
0.173886 0.69742 0.0615172
0.359307 0.720641 0.0643238
0.48992 0.174264 0.166038
0.460383 0.844033 0.0499122
0.217234 0.641501 0.0332378
0.218145 0.914008 0.0654062
0.193704 0.785469 0.0413633
0.139651 0.859577 0.0736715
0.107656 0.280438 0.153367
0.268183 0.707303 0.0618924
0.472574 0.139704 0.145439
0.0640431 0.486498 0.168078
0.439039 0.481508 0.375643
0.473063 0.725417 0.0667115
0.257385 0.694068 0.0307935
0.0959812 0.822115 0.0581196
0.244379 0.907816 0.0653913
0.329514 0.487494 0.186222
0.0585266 0.483886 0.228644
0.266806  0.838 0.0396944
0.102653 0.855822 0.0823254
0.168721 0.960476 0.0579634
0.429879 0.955527 0.0444731
0.392248 0.930346 0.0356197
0.151275 0.490825 0.092449
0.477837 0.301048 0.522426
0.054387 0.474691 0.222769
0.119217 0.892054 0.0742789
0.267727 0.839486 0.0396655
0.336474 0.972405 0.0419533
0.233958 0.971829 0.0546049
0.380624 0.931152 0.0639466
0.203258 0.783854 0.0695747
0.0932588 0.251906 0.15782
0.388043 0.80961 0.0710168
0.300684 0.476233 0.475605
0.281812 0.895284 0.0659357
0.214569 0.476373 0.475751
0.313471 0.875264 0.0385384
0.353778 0.453841 0.591429
0.162371 0.68437 0.0359859
0.40727 0.767966 0.0707047
0.0688217 0.483892 0.273063
0.321737 0.685557 0.0579058
0.455911 0.783582 0.0770461
0.416141 0.892567 0.0410657
0.383632 0.764914 0.0692927
0.34015 0.932129 0.062817
0.417789 0.923658 0.0664179
0.0943973 0.479745 0.453096
0.419247 0.458227 0.572027
0.233282 0.489845 0.14887
0.484228 0.790418 0.0744227
0.170119 0.498182 0.0895184
0.270286 0.487753 0.179779
0.221439 0.970598 0.0374065
0.282535 0.438482 0.623555
0.281891 0.820092 0.0685558
0.121485 0.306947 0.167324
0.122339 0.887413 0.0455809
0.0796007 0.111711 0.531852
0.106713 0.36261 0.162631
0.106126 0.340501 0.494097
0.270651 0.481629 0.357816
0.467006 0.397895 0.19727
0.395969 0.901857 0.0392866
0.0873412 0.485609 0.18865
0.461203 0.432558 0.489082
0.328078 0.48036 0.392858
0.468222 0.170912 0.169658
0.353831 0.460786 0.560836
0.464814 0.46239 0.554087
0.189768 0.831882 0.0422675
0.305226 0.478804 0.436515
0.35758 0.49358 0.128169
0.0902015 0.248608 0.525743
0.0975328 0.425782 0.498769
0.412355 0.486354 0.204951
0.532491 0.483381 0.25266
0.461788 0.231038 0.513311
0.122866 0.329206 0.172726
0.479153 0.0833064 0.164354
0.156433 0.484752 0.262897
0.349507 0.492083 0.136471
0.422748 0.486584 0.193832
0.321053 0.961805 0.0282927
0.211879 0.669996 0.0350513
0.310917 0.669734 0.0454576
0.402038 0.466832 0.534356
0.0868911 0.0987924 0.139063
0.218422 0.825153 0.0411103
0.357519 0.94935 0.0311583
0.348564 0.967869 0.0556555
0.447256 0.498888 0.0988334
0.102786 0.185757 0.143362
0.373045 0.481795 0.35558
0.268238 0.875524 0.0385666
0.518356 0.484032 0.216203
0.0951396 0.77438 0.0544569
0.3383 0.479784 0.409298
0.53287 0.480213 0.464647
0.39728 0.96347 0.031546
0.503781 0.45033 0.574493
0.148213 0.741139 0.0696619
0.459627 0.349097 0.189237
0.475524 0.257108 0.155909
0.0437012 0.457821 0.538732
0.383761 0.494482 0.085265
0.101062 0.428615 0.181263
0.107251 0.136266 0.140726
0.330493 0.48942 0.0796278
0.277628 0.485539 0.248061
0.279533 0.469465 0.522669
0.446849 0.718654 0.0387693
0.425795 0.475003 0.494907
0.200536 0.479421 0.42538
0.123521 0.413245 0.498309
0.318266 0.748358 0.0373554
0.184913 0.689397 0.0305829
0.308938 0.786842 0.0392251
0.385456 0.746967 0.0392767
0.45312 0.402812 0.494229
0.508649 0.485235 0.137544
0.476016 0.75103 0.0775842
0.24347 0.490779 0.143669
0.443952 0.696644 0.0432649
0.478501 0.248629 0.531437
0.233706 0.913754 0.0650661
0.0865567 0.176211 0.534183
0.385224 0.47878 0.447133
0.108054 0.145299 0.524991
0.333927 0.704325 0.0328246
0.188497 0.456615 0.579297
0.10638 0.419193 0.192595
0.112108 0.145894 0.147414
0.162555 0.717211 0.0368523
0.0417918 0.462593 0.256119
0.338669 0.475741 0.481129
0.102529 0.494776 0.121424
0.348359 0.617954 0.048234
0.436205 0.695532 0.0327997
0.416447 0.486192 0.209217
0.0853133 0.120873 0.520837
0.207033 0.472882 0.507668
0.116383 0.374559 0.514683
0.524267 0.483676 0.22898
0.0968604 0.48505 0.22513
0.211284 0.445596 0.619798
0.386455 0.878177 0.0694502
0.47691 0.778074 0.0538358
0.39855 0.912589 0.0668753
0.0984385 0.376492 0.175252
0.225613 0.487899 0.170883
0.417862 0.484452 0.274042
0.378947 0.490642 0.144527
0.0937986 0.148583 0.54176
0.235844 0.95075 0.0595991
0.097234 0.486119 0.174606
0.331881 0.77746 0.0680124
0.132654 0.696343 0.0572492
0.147112 0.920018 0.0384594
0.396449 0.962811 0.0284922
0.413568 0.912682 0.0675945
0.465084 0.33127 0.163967
0.155766 0.49238 0.0917308
0.154274 0.95189 0.0315659
0.351792 0.591912 0.0584095
0.40328 0.938092 0.0343732
0.400285 0.480487 0.398511
0.303994 0.751275 0.0374792
0.310797 0.488299 0.163994
0.164263 0.959934 0.0504156
0.12463 0.916288 0.0698043
0.341627 0.490349 0.146078
0.460781 0.452213 0.202902
0.32783 0.851102 0.0686037
0.118035 0.324772 0.513667
0.171075 0.452095 0.598858
0.385635 0.965558 0.0558795
0.353813 0.554035 0.0647277
0.266699 0.835062 0.0397264
0.463129 0.358831 0.524015
0.256022 0.749952 0.037482
0.313207 0.486775 0.20812
0.449035 0.41495 0.495888
0.103084 0.268624 0.528892
0.101286 0.367091 0.516815
0.187854 0.474219 0.498914
0.102585 0.272457 0.179007
0.367432 0.480067 0.40484
0.278277 0.855343 0.0392824
0.0899534 0.485267 0.207839
0.420122 0.490649 0.144647
0.278154 0.697212 0.0600458
0.377523 0.478404 0.456039
0.451693 0.329171 0.518408
0.458638 0.358137 0.1898
0.154019 0.754187 0.0416303
0.288498 0.50062 0.0889461
0.262185 0.900567 0.0369543
0.473093 0.493311 0.129992
0.48033 0.480192 0.445695
0.550535 0.474472 0.468436
0.338317 0.468967 0.524905
0.258426 0.697456 0.0314088
0.179866 0.485735 0.23117
0.312939 0.686544 0.058136
0.457248 0.886864 0.046159
0.361484 0.815438 0.0411325
0.459338 0.847656 0.0782674
0.481303 0.0644733 0.52927
0.108775 0.282937 0.526072
0.455659 0.757546 0.0459852
0.318302 0.838523 0.039728
0.258585 0.714984 0.0628323
0.186988 0.766265 0.0695998
0.211306 0.671844 0.0372941
0.230119 0.771276 0.0394543
0.165393 0.685976 0.0586776
0.0943309 0.293948 0.502755
0.373373 0.883632 0.0685054
0.113848 0.900028 0.0736326
0.222178 0.494501 0.123042
0.347155 0.809634 0.0694046
0.470737 0.201606 0.514019
0.123344 0.941537 0.0498077
0.213584 0.485414 0.248096
0.105011 0.0607508 0.134371
0.0459046 0.475492 0.21108
0.458236 0.858888 0.077475
0.0870619 0.489806 0.115151
0.103242 0.142788 0.539522
0.246327 0.740776 0.0369629
0.518819 0.483653 0.157901
0.381184 0.959418 0.058007
0.098327 0.484815 0.235625
0.31395 0.493082 0.130852
0.3585 0.602799 0.0395564
0.471895 0.0800883 0.142852
0.395069 0.466218 0.537033
0.229629 0.513031 0.0631989
0.0550705 0.483726 0.229559
0.234343 0.739181 0.0658906
0.0854178 0.481811 0.380917
0.465667 0.485313 0.223232
0.460907 0.797453 0.0499062
0.487467 0.111341 0.544331
0.174861 0.862824 0.0708413
0.162109 0.477312 0.469639
0.359908 0.619781 0.0565211
0.184445 0.889187 0.0401297
0.36286 0.597249 0.0415843
0.0943651 0.0317759 0.127081
0.0996195 0.913209 0.0546111
0.106028 0.796675 0.0813636
0.181704 0.485558 0.237791
0.137688 0.895096 0.0424703
0.277911 0.669251 0.0340894
0.48341 0.81714 0.0881081
0.162017 0.460054 0.564158
0.511322 0.482269 0.377712
0.336479 0.913608 0.0362078
0.281933 0.487008 0.201798
0.084783 0.102233 0.151995
0.173402 0.764432 0.0414051
0.505931 0.483747 0.28791
0.394694 0.849688 0.0710135
0.496492 0.0705003 0.152593
0.198905 0.766854 0.0403565
0.381176 0.48384 0.295651
0.287976 0.896193 0.0371079
0.377487 0.494391 0.123704
0.461824 0.486617 0.170552
0.380712 0.83192 0.0706978
0.423086 0.462163 0.554909
0.469857 0.130086 0.547691
0.468914 0.486083 0.187064
0.427501 0.945397 0.0619947
0.278271 0.433515 0.622879
0.200495 0.487067 0.191762
0.478873 0.90965 0.054945
0.45539 0.430876 0.176693
0.0839229 0.0888116 0.150126
0.0290429 0.466803 0.499371
0.0984484 0.441239 0.497538
0.139835 0.691743 0.0328601
0.392558 0.480903 0.384538
0.233957 0.750782 0.0380404
0.277787 0.447823 0.617689
0.121116 0.435539 0.487806
0.212009 0.961819 0.0573217
0.210142 0.957449 0.05845
0.457609 0.248112 0.53019
0.226362 0.483856 0.295637
0.170384 0.480789 0.38918
0.468841 0.418174 0.173332
0.471819 0.441197 0.501511
0.162773 0.495391 0.119551
0.194657 0.896078 0.0391821
0.119755 0.396657 0.167493
0.115889 0.815599 0.0790207
0.272518 0.488293 0.164468
0.349664 0.461404 0.558107
0.320831 0.48707 0.198894
0.0884236 0.482214 0.36323
0.134163 0.923312 0.0387189
0.140246 0.822091 0.0457036
0.136423 0.494147 0.125928
0.424057 0.689765 0.0597874
0.473278 0.29104 0.506307
0.489556 0.485186 0.208675
0.313422 0.786579 0.0681718
0.481363 0.481524 0.391508
0.0934448 0.275931 0.168997
0.294339 0.478856 0.434405
0.464874 0.488947 0.102363
0.174475 0.725105 0.0662543
0.44825 0.483331 0.312319
0.150174 0.848215 0.0732316
0.254126 0.879964 0.0671692
0.420088 0.893667 0.0411875
0.391406 0.484105 0.0852053
0.233857 0.499615 0.0946321
0.262131 0.476032 0.477602
0.384143 0.955952 0.0589219
0.482028 0.806004 0.0870517
0.470576 0.266771 0.533681
0.338481 0.941728 0.0611995
0.222649 0.912792 0.065447
0.368296 0.468658 0.526279
0.406632 0.958419 0.0297585
0.239545 0.870843 0.0391808
0.365527 0.497502 0.0694873
0.435051 0.479536 0.440532
0.119221 0.259406 0.163909
0.329175 0.868254 0.039022
0.303608 0.696034 0.0598502
0.42499 0.486487 0.19621
0.292236 0.479482 0.41635
0.114968 0.452595 0.596937
0.308887 0.931561 0.0337569
0.275877 0.478802 0.43594
0.334175 0.959425 0.057687
0.473097 0.183354  0.516
0.472057 0.106638 0.525018
0.236255 0.47855 0.44566
0.181533 0.476259 0.478776
0.344532 0.489889 0.148632
0.41011 0.900178 0.0401406
0.114374 0.27188 0.520773
0.203511 0.486889 0.197611
0.0958152 0.907461 0.0598333
0.125035 0.472047 0.511602
0.0919099 0.844033 0.0604693
0.0919804 0.328167 0.509494
0.160419 0.870692 0.0715258
0.187998 0.764739 0.0407608
0.240719 0.97048 0.0548988
0.206654 0.904197 0.0380672
0.335991 0.671392 0.0396579
0.114278 0.478352 0.464544
0.310163 0.461947 0.555741
0.211082 0.732569 0.0371964
0.11634 0.708111 0.0653164
0.273489 0.475279 0.484957
0.118729 0.29754 0.176367
0.472399 0.724414 0.0617202
0.472631 0.320523 0.162628
0.123089 0.370475 0.183268
0.333295 0.455501 0.58408
0.270785 0.930906 0.0338247
0.270375 0.961058 0.0572221
0.308974 0.465998 0.53788
0.297786 0.861764 0.0389521
0.247491 0.48564 0.243749
0.0392155 0.482937 0.394789
0.310885 0.917013 0.0641943
0.549401 0.481636 0.436911
0.352441 0.480936 0.379289
0.193519 0.704901 0.0337786
0.46471 0.820215 0.0799742
0.123256 0.407955 0.502392
0.304739 0.734205 0.0649491
0.343388 0.495185 0.119232
0.313192 0.8431 0.0685213
0.485296 0.170766 0.526313
0.351324 0.633661 0.0381543
0.105308  0.476 0.490747
0.18807 0.865469 0.0413414
0.47189 0.458329 0.571942
0.478127 0.907619 0.0736197
0.472676 0.422563 0.502639
0.394882 0.849721 0.0710219
0.297596 0.813249 0.0684377
0.484227 0.87128 0.0570075
0.0640844 0.461441 0.55846
0.461866 0.470141 0.520072
0.101073 0.768067 0.0517779
0.445436 0.703117 0.0350688
0.133943 0.846514 0.0752967
0.427038 0.483721 0.298485
0.466139 0.361405 0.166637
0.484177 0.460449 0.562671
0.185754 0.461193 0.559149
0.159295 0.481122 0.381129
0.383711 0.852283 0.0704091
0.0867404 0.110111 0.544405
0.47938 0.258953 0.157496
0.171637 0.481093 0.379085
0.212214 0.440633 0.619405
0.469408 0.45288 0.595715
0.0465039 0.482111 0.428235
0.218383 0.872054 0.0397465
0.10379 0.492878 0.132164
0.109561 0.118577 0.157222
0.0449087 0.482967 0.35971
0.266979 0.965699 0.0560475
0.422967 0.489703 0.149887
0.122537 0.480875 0.401578
0.475391 0.478284 0.467476
0.254843 0.937273 0.0617998
0.22849 0.495477 0.0565542
0.194132 0.493285 0.130326
0.341684 0.722467 0.035428
0.191798 0.923811 0.0363151
0.264999 0.486465 0.217981
0.455196 0.815392 0.0493763
0.403862 0.681967 0.0299922
0.320867 0.483917 0.294819
0.385742 0.487218 0.184842
0.119201 0.911679 0.0711404
0.494863 0.0758022 0.156774
0.203765 0.88829 0.0394005
0.421307 0.461096 0.559548
0.0993666 0.413984 0.491877
0.181634 0.827959 0.0714581
0.310493 0.498149 0.102715
0.484154 0.120111 0.526201
0.221424 0.485334 0.251573
0.324272 0.487595 0.183579
0.243953 0.837506 0.040175
0.352592 0.459612 0.566004
0.257012 0.973809 0.0414574
0.229232 0.483251 0.313254
0.225872 0.573756 0.0598596
0.244712 0.769939 0.0676752
0.188779 0.889394 0.0686704
0.173997 0.808199 0.0430246
0.291931 0.912053 0.0359644
0.311795 0.481226 0.368943
0.367441 0.487682 0.174702
0.301205 0.44992 0.608415
0.109657 0.0803637 0.147402
0.485003 0.177692 0.534685
0.442486 0.44063 0.605209
0.225688 0.535498 0.0651736
0.223838 0.480186 0.39923
0.217497 0.478866 0.439193
0.450612 0.869203 0.0469214
0.548459 0.466786 0.490027
0.366527 0.963792 0.0280049
0.287221 0.455319 0.584883
0.485524 0.268156 0.174175
0.45683 0.847741 0.0778211
0.545525 0.464552 0.506225
0.309288 0.479545 0.415154
0.408433 0.960701 0.0565283
0.285659 0.801854 0.0394609
0.283355 0.680142 0.0278416
0.343478 0.722916 0.0642448
0.155066 0.837371 0.0731048
0.327013 0.482845 0.324747
0.193883 0.484647 0.270691
0.109423 0.485435 0.213995
0.375971 0.765934 0.0689901
0.343975 0.96941 0.0265094
0.245563 0.892982 0.0664569
0.361648 0.751417 0.0673626
0.107452 0.0354181 0.141681
0.468771 0.774687 0.0505419
0.39147 0.805761 0.071101
0.296243 0.93144 0.0624383
0.386301 0.965439 0.0486951
0.479544 0.298582 0.183842
0.466632 0.201631 0.153769
0.187591 0.873155 0.0410344
0.456822 0.407582 0.491871
0.442022 0.481773 0.367665
0.0945758 0.482476 0.349172
0.5358 0.467862 0.530521
0.461669 0.293307 0.163288
0.0551358 0.483083 0.326435
0.0314338 0.466425 0.379216
0.247422 0.478369 0.450137
0.408953 0.687323 0.0589444
0.138417 0.46395 0.547161
0.306017 0.842109 0.0395633
0.484375 0.272592 0.176627
0.118702 0.331794 0.505687
0.0769805 0.474386 0.501682
0.484227 0.805143 0.0693437
0.230739 0.480006 0.403605
0.187414 0.475667 0.484303
0.390618 0.455329 0.584791
0.27956 0.866176 0.0388391
0.449989 0.435784 0.186035
0.12198 0.407757 0.190834
0.399784 0.482021 0.351324
0.459818 0.484079 0.281853
0.419539 0.69613 0.0612776
0.109992 0.335304 0.18626
0.0919099 0.784228 0.0610343
0.0969079 0.321944 0.177234
0.251932 0.489044 0.153259
0.034875 0.481261 0.455605
0.269978 0.481287 0.367068
0.416255 0.495681 0.11669
0.422113 0.908455 0.0396797
0.448745 0.394131 0.51294
0.231417 0.88397 0.0675267
0.363235 0.523446 0.0519503
0.201062 0.927305 0.0355947
0.204646 0.720696 0.035964
0.283574 0.948021 0.0597875
0.389935 0.765646 0.0408883
0.326571 0.482137 0.344378
0.412042 0.476725 0.475971
0.348462 0.51775 0.0637095
0.102234 0.486011 0.186593
0.300657 0.484129 0.289001
0.355668 0.481199 0.372229
0.446991 0.483675 0.299489
0.0998374 0.893926 0.0486735
0.215337 0.695667 0.0314411
0.403384 0.819447 0.0433209
0.0954232 0.068468 0.524433
0.424015 0.485017 0.252931
0.0798778 0.455863 0.582668
0.380248 0.487446 0.0841544
0.19598 0.966559 0.0471319
0.388671 0.678799 0.0360514
0.26127 0.846368 0.0684232
0.105298 0.790673 0.0813252
0.357687 0.807436 0.0696125
0.494203 0.051614 0.138285
0.104745 0.139025 0.520424
0.317912 0.477656 0.461568
0.167497 0.91146 0.0675561
0.148911 0.756164 0.0710261
0.454858 0.451108 0.60312
0.207707 0.469349 0.523163
0.500449 0.485429 0.176645
0.306224 0.728643 0.0643887
0.232766 0.672124 0.0350272
0.143181 0.484839 0.257431
0.164201 0.846343 0.0722377
0.270325 0.860432 0.0679286
0.206076 0.495493 0.117597
0.201722 0.48101 0.378015
0.35482 0.42683 0.619025
0.135105 0.887836 0.0724986
0.273142 0.449742 0.609303
0.463364 0.448819 0.60059
0.124263 0.840664 0.0772011
0.473209 0.486183 0.178655
0.250471 0.788458 0.0396965
0.262549 0.674696 0.0551584
0.305042 0.752988 0.0376112
0.460028 0.490132 0.147523
0.396203 0.486037 0.221684
0.471525 0.436469 0.498727
0.282019 0.946042 0.0314293
0.107425 0.252649 0.150543
0.357569 0.734467 0.0372252
0.299177 0.480679 0.383492
0.34831 0.815414 0.040714
0.216425 0.473542 0.504272
0.410594 0.47602 0.483063
0.384322 0.905649 0.0385333
0.440655 0.488961 0.154003
0.524524 0.463088 0.551269
0.106636 0.720034 0.057062
0.468722 0.224028 0.177772
0.423865 0.486017 0.213843
0.0921878 0.463127 0.550969
0.101059 0.323045 0.160445
0.177159 0.818223 0.0717277
0.332327 0.730183 0.0648312
0.192792 0.458661 0.570274
0.38584 0.484943 0.261727
0.265017 0.879505 0.0383934
0.380377 0.8519 0.0702691
0.348486 0.482607 0.331869
0.294281 0.802186 0.0394817
0.385526 0.482782 0.327533
0.2951 0.781231 0.0389012
0.38778 0.906141 0.0673232
0.325647 0.462926 0.551393
0.181244 0.492724 0.0868096
0.167988 0.710651 0.0642252
0.0888467 0.0471246 0.154403
0.350035 0.97106 0.0523318
0.213026 0.482378 0.338015
0.089671 0.187478 0.535272
0.15673 0.727584 0.0385333
0.486541 0.163699 0.530907
0.47098 0.0952064 0.526877
0.414116 0.471005 0.51605
0.262398 0.720498 0.0347421
0.176188 0.96283 0.0399238
0.253264 0.973665 0.0371171
0.412182 0.84024 0.0436691
0.354116 0.487005 0.197178
0.111379 0.225691 0.526536
0.107118 0.411211 0.513168
0.310199 0.497704 0.105184
0.453652 0.47668 0.481405
0.184238 0.8345 0.0424748
0.0562607 0.462206 0.55513
0.259746 0.484433 0.279743
0.471796 0.417509 0.174752
0.26114 0.8836 0.0669285
0.466348 0.479337 0.455073
0.215447 0.72095 0.0643908
0.3991 0.448506 0.614675
0.290819 0.478663 0.439747
0.19312 0.743781 0.0389078
0.474508 0.476016 0.491456
0.125777 0.744072 0.0433526
0.0966635 0.483748 0.289049
0.371536 0.448131 0.616283
0.519148 0.483533 0.299273
0.412678 0.767888 0.0423541
0.314057 0.476044 0.477732
0.44231 0.7689 0.0738462
0.133608 0.807413 0.0467399
0.411051 0.689379 0.0307568
0.173304 0.486543 0.201657
0.293059 0.478388 0.44776
0.111308 0.127347 0.155501
0.469284 0.140326 0.521687
0.468839 0.780557 0.0511651
0.11015 0.235621 0.149966
0.487399 0.159159 0.16919
0.472893 0.486312 0.172304
0.414954 0.467039 0.5335
0.123958 0.495081 0.120156
0.281426 0.964261 0.0277032
0.394257 0.479711 0.421548
0.140017 0.907967 0.0404792
0.0686023 0.480078 0.454583
0.117705 0.896341 0.0738203
0.200571 0.488301 0.157526
0.353257 0.936069 0.0337424
0.0942141 0.13034 0.543893
0.478954 0.225976 0.178813
0.473948 0.731647 0.0723368
0.429366 0.850461 0.0446684
0.535758 0.482799 0.419506
0.298352 0.445013 0.624084
0.40482 0.6858 0.0297823
0.112652 0.137445 0.153467
0.354748 0.789092 0.0403519
0.264953 0.961718 0.0283303
0.126861 0.471115 0.515696
0.471412 0.481989 0.366614
0.352094 0.907646 0.0372272
0.223371 0.724263 0.0646002
0.301661 0.48899 0.078513
0.354793 0.805489 0.0695062
0.24927 0.465212 0.541382
0.198053 0.478801 0.445032
0.0981236 0.0272473 0.532168
0.439717 0.46877 0.525991
0.423921 0.849042 0.0730641
0.4818 0.246383 0.520043
0.332068 0.8576 0.0684921
0.108876 0.46554 0.540268
0.0762955 0.483727 0.289403
0.403408 0.486474 0.203373
0.194628 0.467469 0.53147
0.105713 0.183107 0.514257
0.442428 0.777065 0.045685
0.449772 0.347452 0.510374
0.324502 0.480841 0.379663
0.166474 0.708645 0.0350728
0.352782 0.774386 0.0397001
0.211523 0.483926 0.293312
0.0956769   0.36 0.512586
0.487937 0.170747 0.169144
0.14281 0.493892 0.0944017
0.432807 0.494509 0.123216
0.32951 0.834234 0.0688047
0.483948 0.761869 0.0775725
0.222052 0.60275 0.0378786
0.227173 0.788391 0.0402492
0.411212 0.770943 0.0711141
0.150418 0.484212 0.28113
0.422279 0.486492 0.19713
0.224448 0.933938 0.0341424
0.450332 0.447337 0.18392
0.481043 0.481981 0.373693
0.213311 0.653754 0.0466353
0.18013 0.491917 0.138468
0.165825 0.482701 0.330201
0.363614 0.551142 0.0642225
0.0867409 0.485636 0.184184
0.378541 0.47954 0.42264
0.172056 0.742321 0.06848
0.0919102 0.870574 0.0766802
0.424639 0.75565 0.042076
0.309387 0.486903 0.20418
0.117896 0.234156 0.162581
0.341312 0.67192 0.0295775
0.100377 0.407252 0.176456
0.0920134 0.763515 0.0644287
0.185928 0.736064 0.0384813
0.348993 0.499258 0.0966202
0.514967 0.480147 0.455825
0.211811 0.510442 0.056353
0.373364 0.481062 0.377167
0.466892 0.388268 0.495104
0.459229 0.900921 0.04431
0.292831 0.685811 0.0579709
0.127174 0.486409 0.188164
0.454896 0.821566 0.0782015
0.27213 0.733644 0.036181
0.0882736 0.230383 0.512671
0.460429 0.230601 0.534275
0.372632 0.727004 0.0367935
0.406053 0.487488 0.1698
0.179642 0.481817 0.356918
0.366898 0.581029 0.0490836
0.195189 0.452032 0.599202
0.507141 0.4567 0.571726
0.125438 0.436921 0.174848
0.22087 0.441423 0.620482
0.0532417 0.483729 0.221445
0.154031 0.460452 0.562362
0.122594 0.400666 0.504647
0.110561 0.841338 0.0798099
0.172592 0.486959 0.187531
0.439472 0.482392 0.344735
0.394156 0.481704 0.360689
0.404305 0.496953 0.109579
0.381134 0.909879 0.0379072
0.503336 0.468944 0.525553
0.359699 0.477088 0.46856
0.357187 0.485254 0.253974
0.287869 0.750617 0.0660452
0.160797 0.480712 0.39426
0.178467 0.4929 0.133158
0.430013 0.786048 0.0731088
0.347924 0.863905 0.0397661
0.115047 0.818941 0.0505175
0.417306 0.464184 0.546089
0.178967 0.844822 0.0712266
0.480568 0.0909564 0.526495
0.223567 0.833314 0.0695549
0.46458 0.798325 0.0505826
0.338252 0.841823 0.0689399
0.138565 0.895168 0.0713183
0.373801 0.731931 0.0374282
0.502276 0.482498 0.35916
0.194675 0.813031 0.0707556
0.225527 0.860613 0.0400053
0.417857 0.474533 0.498834
0.104303 0.0932299 0.539958
0.199878 0.709903 0.0633253
0.191434 0.964525 0.028004
0.151198 0.467289 0.532465
0.0921018 0.801291 0.0874859
0.348473 0.501505 0.0841504
0.242448 0.499601 0.0946917
0.472241 0.0398524 0.5339
0.201726 0.938181 0.062519
0.186962 0.682232 0.0287023
0.274824 0.718719 0.0344754
0.250919 0.887041 0.0667427
0.459803 0.461537 0.557821
0.526428 0.482991 0.36077
0.470538 0.0923706 0.15886
0.0960096 0.29288 0.160829
0.0799498 0.0411313 0.530118
0.545976 0.459094 0.503079
0.0732983 0.459213 0.568154
0.130378 0.866649 0.0749442
0.440259 0.480286 0.41849
0.0664519 0.488257 0.158251
0.461287 0.325262 0.187016
0.407169 0.804463 0.072051
0.206323 0.484749 0.268084
0.448828 0.714013 0.0378669
0.0776564 0.0695737 0.533661
0.520193 0.484159 0.189252
0.105542 0.231711 0.507189
0.49014 0.485638 0.185401
0.496337 0.0630016 0.153744
0.397695 0.486125 0.217752
0.091068 0.200557 0.511313
0.0826398 0.164245 0.52599
0.321956 0.480391 0.391903
0.401672 0.781745 0.0421871
0.505148 0.483793 0.285157
0.309235 0.818802 0.0399143
0.0947316 0.309827 0.169809
0.47285 0.281103 0.185132
0.0555547 0.483628 0.269785
0.545475 0.465828 0.506654
0.155445 0.48223 0.34673
0.309641 0.686624 0.0294248
0.14261 0.953878 0.0549063
0.100704 0.486922 0.107031
0.160108 0.684919 0.0424865
0.193534 0.800786 0.0418389
0.246347 0.472129 0.511048
0.175744 0.890695 0.0691239
0.482758 0.750759 0.059985
0.0889896 0.485849 0.178169
0.417952 0.72077 0.0665051
0.276353 0.484693 0.272736
0.151169 0.480819 0.393275
0.457134 0.803126 0.0494218
0.119574 0.916276 0.0413409
0.229741 0.453951 0.590935
0.389677 0.481065 0.379141
0.305812 0.847186 0.0394658
0.297353 0.797853 0.0681509
0.234686 0.483159 0.315864
0.381506 0.479352 0.428856
0.24496 0.959275 0.0289351
0.326217 0.937634 0.033027
0.370413 0.489594 0.0831866
0.372871 0.966222 0.0562296
0.246147 0.484539 0.276532
0.136204 0.438164 0.605606
0.0757922 0.47829 0.47238
0.119551 0.402371 0.510143
0.453183 0.284658 0.520021
0.358526 0.479046 0.434755
0.0719613 0.483276 0.315608
0.458523 0.291179 0.168348
0.541227 0.469652 0.338254
0.223531 0.749009 0.038203
0.229704 0.480822 0.380849
0.371592 0.474699 0.493234
0.297103 0.974649 0.0357247
0.49647 0.483731 0.294006
0.453807 0.496978 0.10952
0.283172 0.488046 0.172137
0.333668 0.881705 0.0386269
0.107203 0.729355 0.0427474
0.362647 0.488364 0.0562656
0.146083 0.496518 0.0940273
0.453351 0.702665 0.0404932
0.466615 0.104453 0.547347
0.0590084 0.482258 0.383943
0.406859 0.48515 0.251395
0.355472 0.474634 0.493092
0.325491 0.901116 0.0369889
0.304171 0.929329 0.062718
0.400472 0.472945 0.50744
0.0988791 0.446012 0.499057
0.280242 0.467789 0.530058
0.275539 0.913316 0.0645802
0.167254 0.769847 0.0421551
0.114557 0.49197 0.137677
0.278103 0.487001 0.201831
0.121231 0.419385 0.490918
0.427434 0.487281 0.167785
0.151665 0.478427 0.459171
0.415059 0.48375 0.298414
0.0941002 0.483938 0.279767
0.466179 0.298798 0.160922
0.177746 0.479125 0.439674
0.176198 0.89128 0.069048
0.0941974 0.814318 0.0586097
0.356524 0.484031 0.290927
0.121795 0.334875 0.178272
0.461853 0.273292 0.531986
0.212285 0.94272 0.0614513
0.219179 0.49862 0.0521257
0.174532 0.710689 0.064031
0.165495 0.938179 0.0634103
0.118818 0.299625 0.176615
0.330274 0.670825 0.0337868
0.41599 0.493548 0.128579
0.232595 0.481227 0.36966
0.249439 0.795767 0.0398862
0.0612311 0.461948 0.556254
0.395665 0.483253 0.314216
0.318549 0.473808 0.500126
0.174375 0.444482 0.614428
0.0908968 0.48403 0.274515
0.362105 0.526773 0.0684486
0.218968 0.482922 0.322266
0.235339 0.466965 0.533669
0.340856 0.501606 0.0835689
0.166609 0.735869 0.0391887
0.424085 0.763802 0.0427936
0.425467 0.467054 0.533493
0.0868474 0.149216 0.149997
0.407076 0.788563 0.0428668
0.103813 0.0633449 0.133416
0.405805 0.489004 0.153708
0.448595 0.445827 0.604181
0.329533 0.449249 0.611303
0.253346 0.890778 0.0377312
0.289941 0.764622 0.0382139
0.0949229 0.313463 0.520062
0.399363 0.489897 0.148732
0.307907 0.464246 0.545613
0.417238 0.487523 0.1645
0.410817 0.485734 0.228953
0.421834 0.457802 0.573906
0.256395 0.47016 0.519694
0.191878 0.495837 0.116309
0.0938995 0.760024 0.051736
0.071541 0.484794 0.199088
0.41204 0.683999 0.0487541
0.471911 0.486019 0.187546
0.488981 0.116681 0.535582
0.340294 0.473478 0.503963
0.185864 0.757863 0.0690332
0.458743 0.482105 0.358503
0.497614 0.492074 0.136993
0.262356 0.490947 0.142639
0.228983 0.535172 0.0619349
0.152625 0.907638 0.0688283
0.124058 0.850126 0.048165
0.464556 0.281207 0.505603
0.509675 0.482679 0.353109
0.0896879 0.0458436 0.129558
0.299554 0.709351 0.033378
0.0919099 0.872407 0.0631578
0.326731 0.683442 0.0286454
0.36085 0.592322 0.0414816
0.410594 0.891657 0.0696633
0.479029 0.392005 0.181621
0.479658 0.105119 0.524922
0.110949 0.110151 0.145184
0.418551 0.737811 0.039887
0.48407 0.482294 0.361081
0.530998 0.483351 0.336427
0.137632 0.495973 0.115466
0.432598 0.820874 0.0452816
0.313982 0.485205 0.257777
0.207014 0.479081 0.434597
0.192053 0.485554 0.240463
0.48678 0.160576 0.532655
0.165321 0.857688 0.0430221
0.504878 0.483386 0.310372
0.462176 0.174925 0.538904
0.496502 0.45645 0.580118
0.386097 0.747803 0.0393684
0.163473 0.494573 0.124238
0.388736 0.704056 0.0336952
0.122384 0.47967 0.445784
0.476706 0.430417 0.18367
0.292215 0.953653 0.0587637
0.111278 0.48157 0.379588
0.463268 0.0955391 0.538811
0.366885 0.4801 0.403863
0.481683 0.186768 0.149198
0.481045 0.904475 0.0656703
0.107146 0.719264 0.0592447
0.31998 0.854398 0.068371
0.300741 0.499071 0.0975747
0.134734 0.451607 0.60116
0.474357 0.482229 0.359421
0.456797 0.403986 0.173948
0.282025 0.750673 0.0373645
0.109787 0.1692 0.525686
0.22956 0.480052 0.402393
0.304844 0.712427 0.0337624
0.395562 0.444117 0.615572
0.107163 0.324006 0.184808
0.139329 0.498643 0.100104
0.155514 0.814801 0.0732507
0.148065 0.823183 0.0739269
0.122232 0.481104 0.392783
0.470492 0.118922 0.163474
0.100688 0.380953 0.514488
0.397837 0.853681 0.0422917
0.31874 0.488836 0.154388
0.175138 0.457395 0.575796
0.256879 0.885497 0.038098
0.217722 0.479705 0.4142
0.306905 0.676636 0.026943
0.189906 0.479147 0.43601
0.0955338 0.312269 0.173822
0.320475 0.973756 0.0372353
0.465677 0.419626 0.172736
0.387225 0.480625 0.391416
0.460162 0.788019 0.0492674
0.113333 0.786965 0.0783592
0.416565 0.445528 0.611716
0.367499 0.578635 0.053612
0.144776 0.853485 0.0734029
0.0302326 0.481502 0.45569
0.157101 0.875104 0.0428165
0.451751 0.479683 0.445315
0.484227 0.776995 0.0593646
0.13347 0.753901 0.0724923
0.26357 0.482369 0.337479
0.463738 0.157235 0.541602
0.352699 0.461205 0.558992
0.338967 0.800968 0.0401384
0.151737 0.483849 0.294139
0.454367 0.885297 0.045874
0.464186 0.483562 0.302821
0.220966 0.478879 0.438086
0.183618 0.816707 0.0426526
0.0719987 0.484148 0.256784
0.100584 0.293824 0.179934
0.285132 0.714774 0.0626916
0.127404 0.851283 0.0475172
0.411419 0.488221 0.158079
0.382415 0.491561 0.139439
0.467988 0.361662 0.166572
0.428172 0.479575 0.436084
0.104828 0.118461 0.524279
0.40147 0.486314 0.209145
0.345611 0.885289 0.038726
0.107989 0.481158 0.397218
0.168608 0.845577 0.0431632
0.473249 0.189848 0.542283
0.527232 0.466968 0.18135
0.0497483 0.48215 0.414617
0.0970114 0.845319 0.0566462
0.252364 0.692749 0.0592845
0.350358 0.738714 0.0660949
0.0752802 0.484333 0.224821
0.284329 0.479841 0.405954
0.320942 0.480617 0.385729
0.488856 0.480676 0.435436
0.316809 0.477724 0.460868
0.319856 0.486664 0.211343
0.325724 0.471994 0.511597
0.213287 0.790801 0.0694012
0.190398 0.487296 0.181833
0.231905 0.731322 0.0652469
0.124392 0.479708 0.442789
0.112119 0.879883 0.0766285
0.125184 0.477553 0.471419
0.384369 0.472374 0.509882
0.212341 0.481013 0.376489
0.40245 0.681682 0.0530937
0.0919102 0.797592 0.0812915
0.426539 0.480224 0.413625
0.402575 0.89116 0.0692113
0.458069 0.481374 0.387218
0.204581 0.491835 0.137883
0.139797 0.796765 0.0454897
0.462765 0.494925 0.120985
0.479016 0.0780007 0.52752
0.137353 0.470963 0.516345
0.17064 0.47701 0.472026
0.446674 0.476032 0.487013
0.479825 0.321519 0.184629
0.48293 0.752362 0.0541424
0.435298 0.486378 0.195758
0.0978032 0.748271 0.0769143
0.163538 0.489022 0.154832
0.484228 0.862417 0.0808231
0.211122 0.447676 0.618227
0.457047 0.481308 0.389014
0.399623 0.939593 0.0627251
0.516081 0.486093 0.170466
0.512276 0.484655 0.187805
0.483457 0.886573 0.0518819
0.488701 0.19285 0.168415
0.465903 0.347622 0.498315
0.367157 0.499602 0.0947727
0.47396 0.359058 0.191672
0.112895 0.785803 0.0783713
0.232843 0.479006 0.432697
0.211291 0.5561 0.055842
0.244856 0.82101 0.0402769
0.324037 0.973093 0.0254265
0.258517 0.973867 0.052193
0.0883753 0.144339 0.159703
0.232772 0.484239 0.284551
0.0892427 0.263266 0.520866
0.108754 0.317015 0.497239
0.476543 0.742005 0.0753279
0.148417 0.803538 0.0735315
0.457284 0.874913 0.0473638
0.470758 0.422087 0.174705
0.420109 0.942511 0.0626244
0.348011 0.482511 0.334519
0.20717 0.48214 0.345268
0.439174 0.904904 0.0412746
0.465141 0.105054 0.5302
0.110502 0.093387 0.146498
0.477301 0.328282 0.510436
0.357883 0.578567 0.0623692
0.456906 0.419593 0.490502
0.379095 0.476471 0.475657
0.232977 0.492076 0.0807334
0.0987034 0.0502902 0.129682
0.478625 0.459708 0.565911
0.115345 0.936412 0.0588732
0.306424 0.697411 0.0313852
0.228635 0.672533 0.042134
0.22436 0.650267 0.0501375
0.449297 0.458634 0.194447
0.363658 0.550174 0.0487295
0.399829 0.931902 0.0354804
0.151636 0.956867 0.0579378
0.111013 0.87937 0.0768704
0.145046 0.441368 0.608319
0.381848 0.701328 0.0329987
0.318788 0.491563 0.139295
0.433443 0.484222 0.280935
0.425604 0.75728 0.0710652
0.381783 0.820845 0.0709363
0.255797 0.826885 0.0399759
0.307227 0.721072 0.0347897
0.477428 0.177383 0.14745
0.349618 0.529401 0.0542848
0.470457 0.352498 0.192445
0.405898 0.480934 0.386758
0.123294 0.483956 0.285927
0.336015 0.496712 0.110738
0.392753 0.907143 0.0673653
0.0820309 0.481267 0.410756
0.541283 0.483025 0.340438
0.349696 0.57532 0.0480054
0.241165 0.827321 0.069082
0.511919 0.485745 0.141447
0.442536 0.470969 0.516328
0.107674 0.178284 0.53314
0.106424 0.339213 0.159874
0.441633 0.487269 0.0948366
0.241149 0.725401 0.0643154
0.170352 0.468393 0.527529
0.401591 0.479584 0.427973
0.361352 0.48658 0.209137
0.40874 0.491185 0.141648
0.0841357 0.480454 0.447259
0.496566 0.48318 0.322748
0.113739 0.484446 0.264736
0.497891 0.489355 0.152146
0.303948 0.687273 0.0295341
0.349583 0.482718 0.328847
0.0997549 0.483634 0.29549
0.196748 0.762932 0.0402519
0.118781 0.368197 0.512148
0.477466 0.771387 0.05303
0.121923 0.849146 0.0485899
0.340044 0.772716 0.0392489
0.315257 0.89006 0.0664526
0.105426 0.340615 0.160371
0.341308 0.478459 0.448795
0.117745 0.351652 0.514067
0.155717 0.452715 0.5963
0.112232 0.248563 0.510304
0.491476 0.0479072 0.549899
0.29696 0.947849 0.0598236
0.388816 0.678848 0.048979
0.200109 0.801651 0.0415431
0.380325 0.753168 0.0682785
0.539412 0.480151 0.317818
0.113468 0.934131 0.0656095
0.480519 0.177644 0.147711
0.31783 0.489741 0.149377
0.10218 0.418845 0.174998
0.467012 0.199648 0.514878
0.0696746 0.472636 0.219433
0.193753 0.851212 0.0703878
0.396414 0.74914 0.068601
0.436326 0.869564 0.044469
0.370805 0.717955 0.0643596
0.449412 0.386882 0.500462
0.329396 0.688379 0.0298245
0.490572 0.484787 0.231538
0.519412 0.452092 0.558837
0.456078 0.304147 0.52597
0.351626 0.469147 0.524145
0.377769 0.964176 0.0280019
0.257452 0.448635 0.614148
0.219128 0.785636 0.0403228
0.347332 0.765183 0.0391626
0.412585 0.450505 0.60587
0.468476 0.19586 0.152056
0.458743 0.91938 0.0407124
0.209628 0.4532 0.59425
0.465345 0.285272 0.184128
0.24309 0.484442 0.2793
0.264449 0.743765 0.0369685
0.109256 0.105445 0.155211
0.215109 0.674037 0.0300456
0.366346 0.709704 0.0630904
0.191846 0.481935 0.351918
0.172283 0.479629 0.425483
0.255272 0.742061 0.0369043
0.547404 0.457767 0.494997
0.0872712 0.450657 0.587023
0.475894 0.0318493 0.53325
0.0954919 0.375059 0.499132
0.462625 0.117962 0.532816
0.124306 0.430306 0.495303
0.420872 0.430834 0.609215
0.510527 0.483418 0.310449
0.384054 0.480206 0.402942
0.113192 0.213395 0.169024
0.285793 0.485844 0.238729
0.270869 0.886498 0.0666513
0.228676 0.721633 0.0354351
0.402355 0.477838 0.463651
0.130203 0.480591 0.40833
0.448903 0.699816 0.0425064
0.33757 0.741302 0.037226
0.214726 0.486006 0.227679
0.226113 0.441741 0.620964
0.467203 0.387704 0.169365
0.108108 0.16011 0.532719
0.0994916 0.349416 0.495312
0.47861 0.0300008 0.157265
0.515587 0.471906 0.146854
0.152592 0.479746 0.428163
0.295414 0.474175 0.495936
0.225346 0.485647 0.241077
0.401894 0.483547 0.304668
0.329991 0.965719 0.0273374
0.203419 0.852104 0.04118
0.211282 0.564973 0.0505685
0.366614 0.490484 0.0682041
0.426055 0.494415 0.092246
0.123906 0.939837 0.0353912
0.0407298 0.454694 0.532692
0.477069 0.495153 0.119743
0.447895 0.883797 0.0738162
0.405477 0.466357 0.536466
0.27387 0.494781 0.121369
0.261912 0.468211 0.528267
0.105582 0.282276 0.500745
0.253514 0.485455 0.249921
0.526941 0.483276 0.338262
0.486727 0.487605 0.161665
0.547651 0.466343 0.413969
0.451209 0.474949 0.498924
0.438538 0.694915 0.0327219
0.374123 0.480345 0.398073
0.427115 0.484604 0.26789
0.201491 0.728649 0.0370213
0.101543 0.187662 0.170639
0.393178 0.458905 0.569061
0.447762 0.866864 0.0752863
0.487193 0.128534 0.144155
0.540718 0.473184 0.332584
0.213489 0.493004 0.0560317
0.531898 0.470707 0.518065
0.228894 0.514562 0.0544245
0.475438 0.483631 0.299137
0.340194 0.671809 0.0328992
0.237369 0.846443 0.0402512
0.128863 0.760806 0.0737685
0.108806 0.356178 0.188205
0.434941 0.481765 0.365661
0.514283 0.479537 0.462459
0.486465 0.23395 0.172659
0.490774 0.457355 0.576217
0.15666 0.454023 0.590476
0.194973 0.966382 0.0440243
0.366378 0.854103 0.0407975
0.452462 0.298909 0.515298
0.171229 0.49939 0.0962976
0.094011 0.473652 0.50468
0.289851 0.501413 0.084544
0.344831 0.48433 0.282388
0.230502 0.510025 0.0601999
0.32031 0.438489 0.62268
0.196079 0.489545 0.150867
0.424768 0.479914 0.423677
0.348079 0.500383 0.0633862
0.307921 0.669622 0.0447982
0.0965732 0.351674 0.497667
0.347437 0.677368 0.0560071
0.470127 0.18089 0.543051
0.496127 0.0692493 0.14545
0.29748 0.482437 0.0777478
0.495275 0.0434852 0.138333
0.317248 0.479726 0.410051
0.343072 0.723143 0.0642617
0.176486 0.912093 0.0382689
0.460661 0.916356 0.0415228
0.395226 0.850932 0.0710072
0.249315 0.673523 0.0261485
0.456396 0.291772 0.526946
0.444941 0.479447 0.449243
0.147064 0.86312 0.0727947
0.473134 0.199522 0.176461
0.363472 0.437474 0.619189
0.354844 0.747108 0.0668524
0.144195 0.84416 0.07376
0.262364 0.482814 0.0780114
0.346433 0.48038 0.393717
0.298886 0.478956 0.431797
0.140198 0.473661 0.504475
0.332545 0.932361 0.0626201
0.125521 0.483391 0.0967158
0.102407 0.0684039 0.543703
0.153992 0.767599 0.0716767
0.351987 0.611064 0.055944
0.399719 0.689429 0.0306888
0.280487 0.709434 0.0333677
0.211421 0.619283 0.0475716
0.44899 0.464401 0.545224
0.484228 0.794137 0.0862607
0.302014 0.685477 0.0291828
0.324379 0.487938 0.173659
0.0611241 0.483399 0.301893
0.229876 0.487961 0.169894
0.504019 0.47599 0.494754
0.225836 0.593651 0.0571919
0.480639 0.273765 0.520809
0.116167 0.448239 0.601436
0.433494 0.489536 0.150816
0.202459 0.697092 0.0320263
0.273207 0.777001 0.0387895
0.287569 0.873809 0.0671364
0.26898 0.759535 0.0381025
0.426587 0.479222 0.447638
0.14926 0.941865 0.0630888
0.458965 0.464311 0.545639
0.0822433 0.141628 0.524365
0.0382196 0.479766 0.300181
0.457298 0.424685 0.17485
0.109197 0.730852 0.0716266
0.114474 0.375133 0.492058
0.153858 0.836617 0.0732102
0.258197 0.720498 0.0634836
0.0390574 0.480387 0.463363
0.0841401 0.175724 0.529935
0.466683 0.202273 0.173084
0.148341 0.894891 0.0704764
0.107596 0.128028 0.140558
0.0943748 0.217179 0.508327
0.410905 0.882405 0.0704337
0.236057 0.463204 0.55016
0.322703 0.482064 0.346331
0.528064 0.469181 0.524706
0.485009 0.17737 0.525774
0.343437 0.769579 0.0392237
0.102253 0.0398406 0.537141
0.351323 0.513363 0.0687603
0.425612 0.956351 0.0305364
0.228235 0.961093 0.0573896
0.171325 0.479853 0.418814
0.408337 0.716891 0.0366646
0.17556 0.694498 0.0320296
0.273492 0.501752 0.0826883
0.408668 0.489389 0.151585
0.111041 0.472438 0.509905
0.473858 0.047217 0.139203
0.363862 0.779999 0.0402888
0.034586 0.464576 0.341697
0.0942282 0.363238 0.50237
0.225375 0.527585 0.0664263
0.0933786 0.893109 0.0649644
0.484228 0.824339 0.0808362
0.387535 0.464777 0.543346
0.441785 0.915598 0.0401627
0.318769 0.803081 0.03969
0.441066 0.755697 0.0435929
0.182023 0.938812 0.0627762
0.45404 0.485334 0.228616
0.341299 0.460361 0.562682
0.216038 0.868183 0.0399742
0.35062 0.570855 0.0602822
0.381163 0.745045 0.0389551
0.312871 0.669807 0.0404163
0.445818 0.423973 0.505479
0.41833 0.482571 0.33639
0.47683 0.301998 0.524068
0.471179 0.722571 0.0561258
0.108084 0.245004 0.506676
0.401462 0.822218 0.0719823
0.381964 0.720723 0.0363272
0.328793 0.492347 0.13496
0.366236 0.726073 0.0364609
0.353374 0.946048 0.0606483
0.306175 0.487511 0.186906
0.186404 0.704669 0.0338809
0.285611 0.673724 0.0549431
0.35234 0.635358 0.0371897
0.125222 0.419884 0.189131
0.226744 0.65389 0.0483753
0.102526 0.0688497 0.543455
0.159397 0.83426 0.0439944
0.168477 0.486956 0.186695
0.255683 0.484362 0.281775
0.12133 0.873614 0.0471306
0.450338 0.333958 0.513061
0.477574 0.479156 0.458676
0.399725 0.729116 0.0379374
0.278363 0.760692 0.0668359
0.152893 0.936691 0.0351376
0.347336 0.453813 0.591544
0.344538 0.487364 0.188106
0.0938103 0.480196 0.446822
0.494218 0.0839421 0.158059
0.25999 0.918781 0.0640192
0.179993 0.484035 0.287746
0.46573 0.820363 0.0803608
0.103522 0.902106 0.0750245
0.529243 0.48335 0.310904
0.305133 0.488475 0.159225
0.104138 0.917968 0.0418958
0.456055 0.256509 0.52744
0.191537 0.74024 0.0674229
0.105906 0.482863 0.330609
0.119822 0.799803 0.0779027
0.389195 0.492332 0.0856812
0.483903 0.112909 0.167413
0.232083 0.495892 0.115307
0.518091 0.481918 0.413859
0.315699 0.823322 0.0687317
0.111101 0.484852 0.244999
0.36107 0.465743 0.539083
0.101598 0.44723 0.594398
0.0337746 0.483229 0.37747
0.207449 0.479294 0.427926
0.334317 0.816667 0.0690611
0.198467 0.46289 0.551629
0.475891 0.74025 0.0460962
0.43652 0.478186 0.463143
0.134703 0.945185 0.0337951
0.447935 0.893389 0.0729441
0.483899 0.091076 0.551275
0.168734 0.483761 0.297222
0.275959 0.764775 0.0382922
0.290095 0.452567 0.596939
0.458478 0.361959 0.523026
0.476469 0.897969 0.0761417
0.279552 0.483775 0.299055
0.151158 0.696612 0.061643
0.15583 0.811645 0.0443796
0.0522893 0.48169 0.438457
0.0992067 0.282913 0.178192
0.461167 0.272901 0.531739
0.149044 0.477167 0.472459
0.451305 0.42282 0.514391
0.321529 0.721153 0.0635807
0.272161 0.459785 0.565241
0.216052 0.960555 0.0287225
0.171767 0.4955 0.119096
0.448289 0.481854 0.365933
0.512396 0.481531 0.419617
0.495172 0.482166 0.374363
0.197554 0.774083 0.0407106
0.208454 0.48663 0.20625
0.301854 0.891574 0.0662519
0.165644 0.934146 0.0641742
0.471079 0.479457 0.454433
0.106351 0.923379 0.0478871
0.173027 0.472588 0.509034
0.274985 0.908951 0.0362569
0.485416 0.0324216 0.533639
0.318093 0.883093 0.0382652
0.4903 0.13188 0.147432
0.0919102 0.827072 0.0823332
0.102895 0.322055 0.496464
0.111994 0.745752 0.0453784
0.538421 0.467031 0.304775
0.424393 0.789232 0.0728602
0.356628 0.57464 0.0628185
0.298744 0.469319 0.52326
0.253256 0.477171 0.466392
0.11258 0.808588 0.0507136
0.112722 0.855201 0.0498505
0.104689 0.839704 0.0537081
0.125442 0.820461 0.0773739
0.0836708 0.480169 0.450707
0.0844999 0.193356 0.52171
0.32545 0.459351 0.567137
0.446673 0.762912 0.0451655
0.319168 0.970364 0.0548439
0.0911213 0.271394 0.522792
0.533139 0.483331 0.247911
0.156133 0.95796 0.0539364
0.159107 0.493165 0.131937
0.3259 0.480068 0.400737
0.124963 0.706137 0.0358009
0.476938 0.315056 0.163651
0.205803 0.449689 0.60944
0.409563 0.892946 0.0694975
0.36339 0.515113 0.0692641
0.480747 0.481724 0.383365
0.384763 0.487498 0.176534
0.0835749 0.131662 0.538419
0.0521507 0.475524 0.496938
0.404333 0.500582 0.0892762
0.144061 0.499151 0.0946835
0.233585 0.707801 0.0623218
0.442469 0.478004 0.465955
0.121557 0.435791 0.195136
0.12376 0.472608 0.509134
0.470696 0.451215 0.199982
0.183049 0.47954 0.425572
0.43524 0.857365 0.0735677
0.429818 0.699926 0.0623613
0.380651 0.848037 0.0703731
0.352234 0.485477 0.247218
0.487519 0.477669 0.476843
0.179189 0.85042 0.0710971
0.474594 0.171636 0.147137
0.136405 0.792428 0.0746104
0.111168 0.321114 0.497783
0.119796 0.414577 0.193153
0.400221 0.869315 0.0704912
0.264235 0.974087 0.0536993
0.179665 0.694884 0.032075
0.102719 0.427797 0.189221
0.0814912 0.108817 0.539872
0.474783 0.179432 0.516647
0.325175 0.483106 0.317525
0.471661 0.918802 0.0415887
0.546742 0.480752 0.465741
0.154614 0.825866 0.0444906
0.208349 0.837997 0.0699612
0.517403 0.481698 0.153445
0.366223 0.495157 0.0593546
0.0993983 0.244445 0.175256
0.46764 0.485443 0.21379
0.09191 0.815839 0.0671278
0.340162 0.913561 0.0650224
0.10833 0.780463 0.0794715
0.0813273 0.105955 0.525961
0.301318 0.93381 0.0334626
0.34206 0.751289 0.0668152
0.353409 0.855956 0.0690499
0.0881606 0.197065 0.513946
0.416282 0.69374 0.0606371
0.307633 0.479949 0.403465
0.374165 0.921358 0.0362605
  0.46 0.159529 0.534224
0.0987175 0.48012 0.44466
0.0554374 0.483636 0.239707
0.230812 0.497922 0.104041
0.102864 0.260748 0.17794
0.486622 0.485544 0.194839
0.490156 0.482414 0.35747
0.362898 0.477187 0.467702
0.163588 0.497541 0.10714
0.115071 0.483918 0.287194
0.386886 0.878262 0.0694663
0.102785 0.725853 0.0450785
0.419163 0.48353 0.305177
0.137046 0.723243 0.0389257
0.043795 0.473755 0.233518
0.246967 0.880804 0.0385302
0.380495 0.797463 0.0416829
0.296938 0.464571 0.544201
0.110321 0.763758 0.0483067
0.171715 0.827424 0.0720906
0.411894 0.866904 0.0714049
0.47044 0.721454 0.0508495
0.23437 0.770276 0.0392785
0.046028 0.465891 0.208738
0.261689 0.765601 0.0671496
0.177788 0.482019 0.350835
0.468385 0.480304 0.432315
0.305485 0.708404 0.0620119
0.476395 0.476839 0.482961
0.223552 0.478898 0.437129
0.140937 0.482325 0.344168
0.331058 0.938435 0.0329251
0.338299 0.90935 0.0654484
0.38109 0.451012 0.603771
0.0660833 0.483738 0.279357
0.0278061 0.464383 0.421918
0.531344 0.455164 0.540471
0.463115 0.40389 0.171104
0.323145 0.781999 0.0391408
0.273853 0.703689 0.0612319
0.365136 0.611677 0.0547538
0.434943 0.483082 0.321605
0.366454 0.633846 0.0498894
0.0724828 0.483528 0.301682
0.0778052 0.483434 0.307461
0.427301 0.792541 0.0732105
0.433784 0.480454 0.409116
0.367584 0.647572 0.0443654
0.425091 0.894303 0.0414022
0.231561 0.481732 0.355944
0.428669 0.483416 0.309575
0.040512 0.467535 0.271828
0.327902 0.848353 0.0396794
0.125043 0.865655 0.0759029
0.335045 0.801271 0.0400195
0.506334 0.480765 0.447172
0.462749 0.263515 0.160883
0.154634 0.479984 0.419362
0.180044 0.706466 0.0630768
0.473312 0.753336 0.0776098
0.427207 0.490271 0.092025
0.330827 0.895597 0.0375409
0.30642 0.713927 0.0626663
0.489742 0.485571 0.18946
0.504659 0.485154 0.132844
0.472031 0.096398 0.161504
0.0330457 0.479118 0.361587
0.237259 0.48175 0.355191
0.0781405 0.481894 0.383967
0.486256 0.154576 0.537164
0.0978184 0.0363858 0.550514
0.310557 0.463288 0.549832
0.262794 0.83832 0.0684758
0.0962012 0.0646371 0.130554
0.197598 0.946758 0.0321094
0.228691 0.577195 0.0567708
0.358609 0.559719 0.0648578
0.148983 0.689337 0.0310371
0.496227 0.0655076 0.144762
0.175454 0.472539 0.509237
0.226076 0.603226 0.0557208
0.461486 0.935918 0.0622988
0.0991834 0.27583 0.527735
0.262552 0.900062 0.06571
0.180244 0.701297 0.0620833
0.321201 0.869163 0.0676617
0.467341 0.222712 0.154612
0.305062 0.475856 0.479448
0.0791325 0.0370138 0.53121
0.329735 0.671536 0.0256533
0.470198 0.105436 0.160718
0.438819 0.766448 0.0442938
0.452162 0.472906 0.507902
0.392585 0.486339 0.210986
0.0261416 0.478304 0.45075
0.0367489 0.478766 0.317543
0.27348 0.490719 0.143849
0.415766 0.708081 0.0351704
0.24581 0.485901 0.235302
0.0892697 0.189413 0.513374
0.0919099 0.876713 0.0585049
0.499934 0.483907 0.280569
0.456245 0.241708 0.518625
0.281773 0.463756 0.547837
0.266855 0.478163 0.455058
0.24747 0.929787 0.0341241
0.0866872 0.225674 0.515951
0.237632 0.72211 0.0352856
0.408479 0.480286 0.406554
0.36743 0.830739 0.0700797
0.163983 0.479318 0.438305
0.469901 0.302518 0.529317
0.46511 0.158701 0.157897
0.204732 0.8474 0.0412276
0.254239 0.480897 0.377942
0.229242 0.578813 0.0462278
0.29705 0.883691 0.0380815
0.363902 0.446221 0.620007
0.191247 0.468071 0.528829
0.50704 0.467494 0.53191
0.403452 0.484325 0.280634
0.451621 0.900962 0.04334
0.304598 0.743179 0.0656109
0.48289 0.751994 0.0575564
0.167232 0.774111 0.0710689
0.381856 0.780843 0.0411691
0.236219 0.679047 0.0276483
0.187987 0.843333 0.0421092
0.474551 0.248885 0.154901
0.246254 0.922335 0.0350312
0.309452 0.974177 0.0281119
0.270669 0.442959 0.623761
0.367541 0.476764 0.472187
0.117266 0.784866 0.0488301
0.207181 0.494907 0.120818
0.46532 0.372615 0.167818
0.439751 0.729871 0.0691698
0.124323 0.439942 0.492456
0.0563193 0.482868 0.353108
0.248674 0.78275 0.0681891
0.286774 0.738702 0.0651813
0.211891 0.82054 0.0413546
0.347337 0.754167 0.0671784
0.450853 0.479434 0.451963
0.0780446 0.484777 0.220732
0.533747 0.469908 0.249906
0.24266 0.76801 0.0676411
0.461219 0.48652 0.174911
0.321174 0.697928 0.0602244
0.219346 0.532935 0.0474335
0.490452 0.0361609 0.553911
0.332393 0.813968 0.0689738
0.210798 0.715053 0.0350923
0.304877 0.687652 0.0296047
0.349108 0.53604 0.0543714
0.11569 0.486248 0.18654
0.028613 0.458159 0.496004
0.391122 0.452689 0.59637
0.208037 0.486399 0.213634
0.180303 0.729613 0.0378593
 0.103 0.0601179 0.54227
0.265952 0.484062 0.290579
0.439077 0.482149 0.352494
0.352491 0.430022 0.619523
0.435995 0.825566 0.0456633
0.369152 0.478248 0.457243
0.263637 0.877389 0.0672282
0.172443 0.896593 0.0688683
0.447515 0.698927 0.0418755
0.484228 0.803173 0.0771943
0.214733 0.494445 0.123366
0.467691 0.111448 0.154177
0.27699 0.711233 0.0623132
0.398194 0.709307 0.0636612
0.27763 0.793965 0.039439
0.342364 0.462911 0.551455
0.370475 0.481811 0.354976
0.159181 0.484067 0.286607
0.157073 0.954672 0.0308405
0.375581 0.489509 0.150812
0.533125 0.482762 0.398798
0.367569 0.516593 0.0608102
0.215856 0.492846 0.132246
0.445382 0.435822 0.505358
0.216217 0.806411 0.0409067
0.372934 0.440348 0.618255
0.349849 0.513723 0.0560615
0.467426 0.298813 0.186713
0.296841 0.448992 0.612503
0.269039 0.490476 0.145221
0.466261 0.41095 0.198634
0.538103 0.48196 0.446702
0.148165 0.485933 0.215574
0.194284 0.76631 0.0692704
0.218261 0.480793 0.382151
0.345104 0.465875 0.538471
0.347851 0.483616 0.303053
0.382195 0.677676 0.0552603
0.54243 0.46451 0.351982
0.463538 0.355055 0.166541
0.298546 0.476921 0.468712
0.295619 0.947966 0.0310797
0.363142 0.478366 0.455568
0.226234 0.490765 0.143781
0.271411 0.488177 0.167732
0.492956 0.0387829 0.542926
0.328344 0.752532 0.0377946
0.360072 0.481586 0.361072
0.30833 0.49804 0.103313
0.460339 0.263247 0.175101
0.295295 0.474098 0.496698
0.360246 0.560056 0.0456782
0.114159 0.487433 0.162786
0.341702 0.863413 0.0395932
0.400313 0.481781 0.358894
0.11118 0.152972 0.145849
0.0982622 0.482518 0.344842
0.483894 0.882487 0.0750671
0.307432 0.475545 0.482601
0.35826 0.485943 0.231719
0.228615 0.484488 0.277025
0.345499 0.487868 0.173364
0.0763437 0.488478 0.127587
0.482166 0.457315 0.576407
0.455697 0.416762 0.491064
0.383405 0.886041 0.0400157
0.351157 0.484115 0.288543
0.227434 0.83401 0.0407296
0.353846 0.477356 0.465591
0.0711936 0.484784 0.198524
0.131088 0.843062 0.0759055
0.363653 0.475858 0.481175
0.278164 0.496719 0.110639
0.274488 0.879136 0.0670645
0.0452767 0.483413 0.260764
0.0483672 0.483509 0.249471
0.213062 0.553676 0.0600909
0.154705 0.851179 0.0727919
0.323847 0.495229 0.118954
0.543191 0.483084 0.427828
0.454448 0.488593 0.156035
0.0903992 0.476816 0.484789
0.397018 0.481208 0.376655
0.322262 0.883651 0.0382516
0.499767 0.474205 0.502534
0.48116 0.47424 0.502279
0.195584 0.481123 0.375504
0.189757 0.496167 0.114505
0.388182 0.479775 0.417524
0.2772 0.955741 0.0296776
0.354833 0.531382 0.0684547
0.396716 0.483256 0.314113
0.0776426 0.490753 0.144105
0.326163 0.858152 0.0393297
0.124143 0.83902 0.0772676
0.483919 0.7616 0.0551672
0.0951137 0.295029 0.173297
0.477374 0.482878 0.333326
0.21689 0.554791 0.0629271
0.107173 0.293051 0.154714
0.537606 0.4773 0.296165
0.207934 0.898659 0.0384386
0.130864 0.787561 0.0753275
0.457939 0.439006 0.515349
0.181193 0.496182 0.114778
0.353208 0.824389 0.0409465
0.405207 0.474434 0.49854
0.14523 0.750407 0.0418169
0.301608 0.821981 0.0399117
  0.35 0.498763 0.0819843
0.236249 0.480862 0.379448
0.413376 0.485426 0.240184
0.403011 0.496188 0.11389
0.140905 0.481148 0.38472
0.143116 0.904995 0.0696303
0.21566 0.953972 0.0593012
0.530281 0.471918 0.212841
0.477057 0.869111 0.0532465
0.316338 0.76794 0.0385369
0.322926 0.698477 0.0316065
0.511121 0.477817 0.480888
0.374935 0.779552 0.0407913
0.250629 0.489998 0.0792325
0.47077 0.378101 0.194592
0.527285 0.474328 0.502183
0.40696 0.485971 0.220855
0.0479855 0.445884 0.545563
0.218121 0.461116 0.5594
0.0541411 0.477499 0.166169
0.240917 0.476407 0.47431
0.52808 0.479138 0.190039
0.253238 0.485896 0.235725
0.200281 0.461748 0.556654
0.124642 0.482503 0.34084
0.494199 0.114314 0.156381
0.450425 0.48765 0.0968026
0.119913 0.764524 0.0467423
0.154925 0.438221 0.609994
0.313165 0.973979 0.0539395
0.126442 0.941339 0.034948
0.0855009 0.0375062 0.130832
0.30775 0.947191 0.0312405
0.489604 0.200608 0.161898
0.276668 0.481121 0.371435
0.336029 0.712703 0.0341326
0.151665 0.739716 0.0403575
0.493445 0.0668282 0.139992
0.141045 0.490171 0.148112
0.451564 0.411252 0.182091
0.550432 0.477569 0.465801
0.4789 0.357732 0.187027
0.216004 0.445932 0.620455
0.285271 0.483462 0.307916
0.158743 0.906035 0.0687054
0.314179 0.718008 0.0344589
0.198719 0.483517 0.30551
0.0445584 0.46611 0.538159
0.290564 0.725289 0.0351991
0.32319 0.471309 0.514591
0.178301 0.930798 0.0643747
0.0826188 0.481914 0.378205
0.0821903 0.481312 0.40883
0.362225 0.813175 0.0411114
0.276141 0.940438 0.0611788
0.457754 0.923179 0.0398515
0.140956 0.827438 0.0744116
0.296709 0.482412 0.336486
0.247109 0.478666 0.441415
0.44666 0.482176 0.353105
0.218926 0.482125 0.345101
0.402187 0.786372 0.0711423
0.530286 0.483481 0.284154
0.393851 0.467497 0.531392
0.253756 0.717514 0.0631544
0.13934 0.698078 0.0622187
0.377975 0.479117 0.435644
0.12234 0.480164 0.425841
0.377197 0.813666 0.0705715
0.45157 0.486718 0.17365
0.465105 0.485446 0.217104
0.413208 0.479322   0.44
0.467654 0.449982 0.598409
0.15031 0.747775 0.0412906
0.148945 0.484345 0.276105
0.525076 0.482469 0.395215
0.10646 0.11904 0.160598
0.374055 0.485708 0.237082
0.376014 0.684468 0.0292703
0.443718 0.904445 0.0418922
0.25091 0.491158 0.141534
0.157509 0.712592 0.0360565
0.128049 0.486062 0.201804
0.47016 0.128223 0.146725
0.484227 0.859267 0.0610142
0.305896 0.867153 0.0388005
0.4641 0.150988 0.523567
0.263606 0.490471 0.145276
0.281905 0.486376 0.221663
0.266587 0.74333 0.0656435
0.418964 0.698508 0.0618899
0.0484274 0.467073 0.533968
0.283071 0.773982 0.06732
0.118448 0.760399 0.075286
0.350329 0.534397 0.0526004
0.102369 0.406544 0.172348
0.366891 0.652074 0.0390295
0.472687 0.48587 0.192931
0.38553 0.476117 0.479523
0.100036 0.0456549 0.154459
0.14706 0.486574 0.192604
0.146132 0.464384 0.54526
0.257793 0.891182 0.0663948
0.258029 0.448652 0.614075
0.432531 0.860936 0.073133
0.118218 0.256384 0.16886
0.240105 0.453948 0.590932
0.194295 0.496582 0.111926
0.368462 0.830494 0.070134
0.157456 0.467637 0.530908
0.113123 0.236077 0.151777
0.155583 0.688908 0.0595619
0.204073 0.442676 0.618532
0.202726 0.475122 0.488974
0.428603 0.836561 0.0736793
0.496264 0.46093 0.560628
0.486518 0.144634 0.168978
0.496526 0.0570058 0.143405
0.0523948 0.483227 0.317314
0.190944 0.883837 0.0402781
0.102584 0.100853 0.135498
0.347148 0.692962 0.0308357
0.220082 0.473361 0.505603
0.0865052 0.100193 0.13973
0.47968 0.24879 0.156317
0.132361 0.49486 0.121743
0.484228 0.874968 0.0801219
0.393772 0.488957 0.153932
0.339925 0.486616 0.211616
0.47777 0.475616 0.496221
0.322218 0.890285 0.0377615
0.436955 0.484715 0.261545
0.385553 0.485415 0.245399
0.225125 0.482184 0.343093
