0.329429 0.155137 0.362422
0.149437 0.462109 0.295871
0.0510171 0.625512 0.0937328
0.045454 0.937964 0.310262
0.0760493 0.827975 0.0915344
0.045836 0.284999 0.0318197
0.367312 0.291857 0.0442002
0.369167 0.381447 0.048052
0.0353288 0.32274 0.107355
0.368326 0.152697 0.345533
0.045454 0.960958 0.0913864
0.0526514 0.408418 0.340775
0.382957 0.459246 0.276489
0.2345 0.462109 0.242996
0.369097 0.305416 0.379715
0.364089 0.442509 0.133752
0.184233 0.215665 0.371923
0.145668 0.441281 0.0874557
0.0490493 0.971718 0.265106
0.359057 0.326303 0.162375
0.339891 0.172471 0.338408
0.320051 0.443311 0.116206
0.0812682 0.86265 0.37243
0.059551 0.884541 0.396559
0.05405 0.81817 0.0865583
0.072659 0.372494 0.357083
0.240902 0.463371 0.074733
0.043484 0.0792358 0.393458
0.0437315 0.759666 0.0828834
0.0654453 0.850923 0.328822
0.0836496 0.440831 0.116816
0.260418 0.443259 0.182927
0.151767 0.442745 0.197479
0.359997 0.101578 0.336849
0.330871 0.0765494 0.356931
0.0393435 0.169124 0.033644
0.371173 0.0662893 0.368351
0.0732698 0.653098 0.177149
0.0363202 0.571476 0.374653
0.316668 0.462109 0.139879
0.045454 0.692115 0.154859
0.045454 0.676469 0.0876706
0.0760493 0.960714 0.212423
0.191036 0.462109 0.37594
0.0506105 0.441996 0.244069
0.0408226 0.649936 0.0641915
0.0483473 0.652888 0.15417
0.264241 0.463256 0.0592631
0.103579 0.443135 0.279071
0.382957 0.453433 0.148334
0.045454 0.937348 0.231608
0.086789 0.463484 0.227548
0.0673716 0.215639 0.366949
0.0692735 0.725051 0.0987559
0.0736921 0.916628 0.234409
0.220533 0.462109 0.368087
0.382556 0.443096 0.266655
0.355177 0.375792 0.0354088
0.199338 0.44171 0.0652262
0.108194 0.464657 0.112757
0.341304 0.125662 0.389099
0.0723379 0.299482 0.380623
0.360842 0.183298 0.0377388
0.259033 0.440882 0.373355
0.0699716 0.0514013 0.355831
0.30255 0.462109 0.162155
0.154599 0.462493 0.234399
0.344603 0.250314 0.0360344
0.0261247 0.455005 0.243903
0.368144 0.337876 0.34522
0.0805013 0.912327 0.0893635
0.3457  0.025 0.379955
0.176414 0.442483 0.150747
0.045454 0.819264 0.279012
0.151818 0.210508 0.34891
0.0922614 0.463714 0.203692
0.0722594 0.850923 0.201289
0.287888 0.443037 0.0777877
0.0541833 0.930964 0.332812
0.0528337 0.536731 0.0383223
0.070542 0.972202 0.269424
0.045454 0.943056 0.331163
0.240556 0.462786 0.12112
0.374249 0.443529 0.0262464
0.338887 0.32517 0.241531
0.298796 0.462109 0.307929
0.0344649 0.464521 0.200822
0.322105 0.462109 0.265956
0.049536 0.0757174 0.39569
0.0820766 0.78213 0.362962
0.0408475 0.58997 0.0690247
0.368325 0.344996 0.045947
0.0513758 0.464078 0.0504038
0.211778 0.442257 0.0956648
0.0479653 0.465756 0.0894092
0.361442 0.169093 0.0380769
0.350488 0.166803 0.334259
0.213651 0.21536 0.374966
0.0604061 0.441752 0.369581
0.306779 0.442769 0.036662
0.154917 0.442895 0.206076
0.0713789 0.832265 0.335918
0.045454 0.838836 0.165677
0.365557 0.0804488 0.383888
0.365143 0.112859 0.385475
0.0600931 0.216987 0.0378737
0.031366 0.372651 0.373624
0.347962 0.319233 0.292882
0.125777 0.462843 0.237148
0.0555437 0.910638 0.269751
0.0768381 0.595423 0.343042
0.0760493 0.676993 0.290799
0.0742125 0.377318 0.370133
0.0811645 0.756356 0.372774
0.045454 0.952654 0.216038
0.373158 0.441933 0.170043
0.0500783  0.975 0.0785663
0.0619088 0.540133 0.0342597
0.0579257 0.229754 0.0859477
0.076766 0.522789 0.381541
0.195291 0.208826 0.360611
0.367969 0.235731 0.38166
0.338464 0.325051 0.162822
0.258052 0.208749 0.359262
0.0858959 0.684387 0.0536352
0.0261247 0.450933 0.307161
0.0450665 0.138137 0.395431
0.0760493 0.800543 0.282738
0.0564982 0.443444 0.353061
0.045454 0.93512 0.202322
0.311227 0.443213 0.133274
0.0494538 0.913649 0.141513
0.277785 0.441729 0.286286
0.224894 0.443454 0.204667
0.127233 0.208888 0.36053
0.0707219 0.499339 0.0378322
0.364854 0.164339 0.0412198
0.161547 0.462377 0.236273
0.104355 0.440701 0.0846826
0.290722 0.208918 0.0672572
0.350519 0.319259 0.1124
0.131946 0.464814 0.0754474
0.282274 0.215461 0.052307
0.164605 0.462134 0.252206
0.0482471 0.848258 0.161273
0.0756589 0.553844 0.0954928
0.0679154 0.387636 0.0639375
0.0474445 0.704588 0.107174
0.141652 0.441141 0.0805427
0.0341379 0.112964 0.383616
0.031455 0.0810288 0.0800459
0.0760493 0.819435 0.217867
0.0514829 0.82116 0.331916
0.0554364 0.705794 0.0964161
0.299584 0.462343 0.0940428
0.32141 0.209966 0.378017
0.370267 0.046667 0.358902
0.343548 0.170958 0.0907767
0.045454 0.921061 0.111187
0.0440911 0.7032 0.33749
0.350046 0.192343 0.0347516
0.0465525 0.442244 0.268084
0.0444235 0.396975 0.342772
0.0760493 0.934247 0.308083
0.305134 0.441497 0.276044
0.0616347 0.850923 0.320214
0.0707653 0.441522 0.18527
0.0350835 0.562733 0.366641
0.045454 0.943758 0.303614
0.290968 0.462109 0.131702
0.0452168 0.127466 0.0319308
0.0760493 0.938094 0.266472
0.0642463 0.34498 0.0781029
0.0803251 0.741624 0.375562
0.0483258 0.862796 0.0421414
0.0606914 0.64787 0.115914
0.363993 0.440917 0.260433
0.0760493 0.668639 0.296675
0.307108 0.4626 0.0659276
0.0623027 0.850923 0.178869
0.0377274 0.465174 0.145958
0.0469038 0.257146 0.396456
0.268966 0.441057 0.348962
0.0665276 0.16558 0.390621
0.045454 0.675081 0.23052
0.0485844 0.326487 0.220077
0.0772489 0.442387 0.247211
0.370171 0.0471687 0.0692943
0.0502083 0.909609 0.333542
0.332287 0.431678 0.3712
0.0473244 0.492916 0.338318
0.37082 0.151466 0.0512909
0.0429976 0.395585 0.0882326
0.0565775 0.850923 0.255566
0.116798 0.462807 0.249374
0.064515 0.418377 0.0473484
0.0439248 0.901681 0.0506624
0.0775668 0.702567 0.344366
0.191344 0.463904 0.084731
0.15004 0.462501 0.238545
0.0553115 0.577709 0.0969259
0.342241  0.025 0.0615918
0.0432274 0.462113 0.381241
0.0760493 0.799683 0.260026
0.329509 0.331003 0.0653632
0.184588 0.441974 0.10174
0.331018 0.0713893 0.368559
0.347379 0.0473097 0.388643
0.351778 0.439832 0.359461
0.0751853 0.919332 0.340358
0.103244 0.441625 0.159326
0.16486 0.464948 0.0303422
0.0760493 0.924389 0.0995436
0.252501 0.462109 0.322804
0.0760493 0.832686 0.258412
0.0607065 0.264734 0.395209
0.350722 0.443891 0.399496
0.0489252 0.97138 0.332242
0.0871116 0.69388 0.0577385
0.0444697 0.868376 0.337079
0.0395797  0.025 0.0412389
0.352856 0.267395 0.392154
0.34099 0.201896 0.388922
0.357302 0.191409 0.335331
0.282407 0.214499 0.0459063
0.33634 0.440103 0.346502
0.357369 0.326573 0.133923
0.380109 0.441042 0.233587
0.0463881 0.61797 0.0878666
0.06498 0.384832 0.0456468
0.0673429 0.182884 0.0511065
0.348249 0.316612 0.0923315
0.0826732 0.20891 0.371134
0.296787 0.44312 0.0750686
0.367587 0.443146 0.0794426
0.0643877 0.312325 0.0437285
0.34164 0.194026 0.389288
0.0773326 0.450362  0.025
0.109938 0.442725 0.38323
0.352043 0.326499 0.146777
0.0760493 0.95999 0.0912913
0.0566144 0.824586 0.0352551
0.282305 0.443548 0.124304
0.239091 0.443105 0.134429
0.359333 0.326372 0.109722
0.130947 0.440597 0.0485563
0.0568114 0.910638 0.217895
0.35731 0.351197 0.335336
0.0479027 0.781246 0.0426006
0.0470526 0.796723 0.322182
0.220697 0.443492 0.206071
0.117446 0.440616 0.0641947
0.105457 0.442807 0.38148
0.0261247 0.446188 0.299818
0.145824 0.442833 0.337049
0.0465707 0.319402 0.294699
0.045454 0.688416 0.20588
0.0667731 0.209644 0.072282
 0.365 0.0549314 0.344228
0.0789515 0.783188 0.346961
0.0739965 0.242219 0.373916
0.316966 0.442612 0.175005
0.328354 0.46277 0.0302607
0.109286 0.443612 0.313456
0.0770254 0.833563 0.383702
0.0766841 0.944777 0.346409
0.368398 0.136071 0.345658
0.0760493 0.834253 0.145092
0.304039 0.462109 0.294137
0.0567919 0.0280485 0.344303
0.339989 0.0930955 0.388157
0.0341845 0.416197 0.379308
0.047946 0.968718 0.0999688
0.205575 0.463459 0.104904
0.242894 0.213419 0.077348
0.354542  0.025 0.0503676
0.0564237 0.835305 0.330705
0.045454 0.661542 0.245754
0.35207 0.28427 0.334283
0.077005 0.959126 0.0421996
0.330382 0.268342 0.354728
0.0815358 0.811716 0.369767
0.14381 0.464307 0.102913
0.045454 0.826579 0.22617
0.348892 0.462109 0.213424
0.361267 0.0373878 0.341834
0.275815 0.462109 0.185622
0.0572619 0.440267 0.099611
0.364334 0.286236 0.0406838
0.0487535 0.586188 0.091276
0.331452 0.435364 0.0634254
0.0744691 0.353079 0.367432
0.0581707 0.15553 0.0358935
0.0626116 0.232387 0.0809228
0.0694571 0.965375 0.0956276
0.0580538 0.441571 0.202521
0.045454 0.838205 0.114465
0.179786 0.441317 0.0544852
0.33235 0.356638 0.0489564
0.255246 0.210153 0.350015
0.149547 0.442463 0.362544
0.0308369 0.462874 0.334288
0.045454 0.836121 0.171649
0.0812819 0.903645 0.0443948
0.0464154 0.479668 0.386763
0.337982 0.102663 0.0866151
0.0814483 0.890918 0.370354
0.045454 0.690652 0.317629
0.0464195 0.441752 0.0834398
0.045454 0.661587 0.14643
0.0397456 0.443594 0.382599
0.34139 0.247532 0.33743
0.0414002 0.624693 0.340647
0.372551 0.113553 0.368542
0.04907 0.914344 0.170195
0.371523 0.314522 0.353094
0.33889 0.0626793 0.0424867
0.369512 0.0679909 0.351207
0.189621 0.216046 0.0603903
0.0725996 0.177872 0.356873
0.0705387 0.320291 0.351844
0.0760493 0.679017 0.29936
0.350046 0.314904 0.334338
0.252346 0.215351 0.0706755
0.334486 0.04513 0.350142
0.0261247 0.451649 0.17389
0.037929 0.884351 0.379996
0.0570587 0.462452 0.339994
0.261551 0.462326 0.0252458
0.0348693 0.632064 0.36268
0.0442427 0.678872 0.0489809
0.267389 0.440784 0.372319
0.094225 0.441012 0.120069
0.330327 0.125426 0.072089
0.325754 0.209682 0.351691
0.107435 0.464734 0.107472
0.0666838 0.974961 0.390679
0.0797489 0.442696 0.269149
0.174116 0.464325 0.0697269
0.221961 0.461705  0.025
0.0755315 0.700583 0.188282
0.211288 0.462109 0.290372
0.363735 0.319896 0.200995
0.0687283 0.132457 0.0609132
0.380016 0.462109 0.196815
0.0830166 0.441534 0.173375
0.137662 0.442368 0.382516
0.0668254 0.647872 0.265893
0.0444112 0.0494903 0.391864
0.250963 0.441872 0.303054
0.0436615 0.687394 0.389129
0.0548795 0.663462 0.0362834
0.0588227 0.463935 0.221375
0.0651701 0.133106 0.0765093
0.0966417 0.464142 0.165433
0.352172 0.0420615 0.0892251
0.0396842 0.631983 0.383322
0.0353362 0.828611 0.357808
0.193007 0.46297 0.156586
0.382957 0.453212 0.0643151
0.0618436 0.972202 0.230942
0.0733905 0.627356 0.338101
0.0311284 0.183221 0.365282
0.0815496 0.83064 0.357462
0.231764 0.441985 0.314238
0.369743 0.32175 0.112364
0.153312 0.443221 0.298286
0.320934 0.215815 0.0562266
0.108762 0.462109 0.31682
0.154309 0.441405 0.0882775
0.110982 0.463737 0.18223
0.330071 0.386378 0.0663205
0.0760493 0.951052 0.225995
0.0871972 0.895115 0.0727257
0.045454 0.69176 0.272755
0.0663473 0.325344 0.179493
0.0600207 0.850923 0.284909
0.382957 0.445887 0.0969568
0.35539 0.417141 0.0901364
0.382957 0.453993 0.206262
0.029968 0.278169 0.0789183
0.0304903 0.271588 0.0798201
0.265301 0.462109 0.311637
0.0536472  0.025 0.347171
0.230696 0.211379 0.381413
0.0648539 0.796566 0.331571
0.177749 0.45265 0.399496
0.346403 0.203075 0.0920005
0.0534925 0.90607 0.331923
0.100044 0.442219 0.209927
0.0760493 0.82551 0.207758
0.0717154 0.559338 0.336283
0.0417142 0.666557 0.0567715
0.0670528 0.411409 0.0646947
0.258753 0.443479 0.167193
0.0594612 0.466018 0.0567223
0.0746272 0.450365  0.025
0.0744418 0.836218 0.0962142
0.376105 0.440629 0.270573
0.338806 0.131007 0.0399413
0.154673 0.462109 0.290235
0.0467798 0.702782 0.309569
0.254959 0.441401 0.336344
0.0440441 0.553287 0.337541
0.32133 0.443143 0.0511006
0.0347993 0.801462 0.363676
0.0617336 0.18283 0.0395635
0.045454 0.94306 0.131091
0.335258 0.0424564 0.0778948
0.27859 0.462109 0.353444
0.0449481 0.942212 0.0514912
0.164356 0.212326 0.346699
0.0853441 0.796494 0.0517993
0.0604376 0.442463 0.270913
0.047463 0.543098 0.0892073
0.166322 0.463891 0.112023
0.295151 0.462109 0.194653
0.0519372 0.540343 0.0389062
0.0359557 0.32183 0.155189
0.0855059 0.495402 0.0655513
0.0680451 0.229382 0.0676753
0.0556288 0.0632519 0.0850318
0.0634039 0.667611 0.34973
0.0663 0.171362 0.390855
0.0359292 0.438257 0.381996
0.0641055 0.64787 0.136711
0.0469539 0.96602 0.128786
0.0536874 0.850146 0.395864
0.332114 0.32489 0.37732
0.379569 0.442274 0.136195
0.259459 0.441954 0.287621
0.0683852 0.647873 0.300529
0.339177 0.320548 0.148517
0.0619836 0.202119 0.342181
0.113992 0.465527 0.0381305
0.0406971 0.324561 0.330113
0.0455715 0.690905 0.0865583
0.0584699 0.824799 0.0986031
0.0497367 0.786278 0.0923431
0.346759 0.138161 0.39165
0.045454 0.667484 0.188256
0.0392181 0.938451 0.347877
0.161011 0.211026 0.347903
0.251508 0.441626 0.322097
0.0470591 0.766058 0.0890846
0.0760493 0.672601 0.154614
0.205635 0.442965 0.398996
0.0740818 0.209931 0.363599
0.236324 0.443119 0.219329
0.0871694 0.770384 0.0746136
0.035949 0.807861 0.37342
0.330832 0.462109 0.285233
0.119457 0.462927 0.23711
0.0806217 0.509734 0.0462141
0.0418029 0.105672 0.393594
0.0565542 0.856658 0.0976624
0.329606 0.162587 0.0663294
0.211619 0.462109 0.246278
0.36482 0.169684 0.0411841
0.0760493 0.822824 0.219904
0.0688899 0.215985 0.0582066
0.0337342 0.464816 0.17836
0.0652503 0.449759  0.025
0.045454 0.683712 0.185585
0.0468153 0.275848 0.396416
0.0462538 0.842839 0.206364
0.278212 0.462109 0.303087
0.263195 0.209822 0.377504
0.0760493 0.812171 0.33879
0.338437 0.404248 0.341671
0.045454 0.945981 0.212897
0.0589817 0.850923 0.129501
0.349567 0.227091 0.334424
0.176557 0.443115 0.282325
0.356316 0.425924 0.33741
0.0470992 0.918322 0.0872689
0.0482744 0.65302 0.254928
0.19236 0.216033 0.364878
0.0508932 0.648274 0.191598
0.0760493 0.954206 0.153924
0.372433 0.181793 0.0701231
0.208199 0.215808 0.066122
0.0383737 0.927062 0.349492
0.161917 0.443004 0.207414
0.0680939 0.65586 0.0916324
0.0460458 0.848856 0.0872452
0.357774  0.025 0.350074
0.315487 0.462109 0.110569
0.147203 0.442148 0.15476
0.0760493 0.693493 0.0877389
0.0332866 0.208777 0.0833406
0.0732942 0.848149 0.122437
0.0760493 0.668338 0.260309
0.0731069 0.746571 0.389293
0.0677608 0.709435 0.155196
0.215261 0.46305 0.12691
0.082644 0.555307 0.0459512
0.0815635 0.788806 0.357607
0.248167 0.215608 0.0678753
0.068092 0.548381 0.0340263
0.0740436 0.239156 0.37345
0.294512 0.444367  0.025
0.0742021 0.704195 0.301426
0.340513 0.194206 0.0383389
0.0722631 0.860638 0.0354477
0.382957 0.456109 0.0412842
0.0697578 0.154937 0.350496
0.0417771 0.616774 0.387085
0.0400775 0.0530041 0.348219
0.072185 0.46533 0.097526
0.353212 0.440669 0.291431
0.0626865  0.975 0.0907419
0.0754771 0.687268 0.340571
0.340772 0.0928685 0.0383062
0.0554783 0.118011 0.0342527
0.0991091 0.462109 0.371015
0.0524199 0.850923 0.274704
0.220978 0.447253 0.399496
0.0839933 0.940847 0.0526322
0.045454 0.690302 0.280108
0.0760493 0.807222 0.266549
0.291192 0.440651 0.35796
0.0387064 0.679923 0.345538
0.0408611 0.441504 0.215231
0.0648502 0.46498 0.0282504
0.0573254 0.462966 0.299249
0.0522684 0.443528 0.36417
0.258242 0.442228 0.0445589
0.0741477 0.367406 0.364251
0.0710762 0.887862 0.33559
0.188725 0.462181 0.223181
0.344473 0.441446 0.238874
0.35239 0.288618 0.392237
0.0408948 0.857506 0.38552
0.110277 0.214536 0.0460375
0.305092 0.462109 0.354828
0.248752 0.442462 0.0731325
0.0656581 0.0728503 0.346944
0.0340912 0.194888 0.0374183
0.137396 0.209074 0.051481
0.0677561 0.942998 0.34973
0.290434 0.454861 0.399496
0.045454 0.837549 0.325891
0.0486124 0.439884 0.078237
0.0779288 0.440049 0.0606109
0.363124  0.025 0.37699
0.381295 0.462109 0.0394852
0.045454 0.673413 0.109426
0.36712 0.44166 0.198087
0.34944 0.403869 0.0362523
0.0574144 0.910638 0.129202
0.0814376 0.824393 0.370792
0.0420986 0.66935 0.339652
0.0443622 0.441752 0.360211
0.338582 0.414349 0.0849126
0.382957 0.457712 0.0801737
0.0466172 0.702339 0.262397
0.0367283 0.944987 0.360065
0.376062 0.462109 0.241371
0.0360936 0.529266 0.359025
0.0801269 0.717327 0.37622
0.0406459 0.873358 0.066921
0.187888 0.442434 0.1348
0.045454 0.671716 0.123128
0.370421 0.206894 0.0773709
0.0482542 0.969556 0.256622
0.357355 0.462109 0.370416
0.350576 0.225607 0.392335
0.335267 0.334927 0.0439261
0.0363476 0.132042 0.387428
0.0703659 0.709435 0.178897
0.369401 0.441752 0.361721
0.0731316 0.219067 0.37812
0.331778 0.106209 0.0766716
0.0301967 0.0774327 0.0441
0.0756743 0.443266 0.0252726
0.0760493 0.950486 0.235881
0.0520556 0.910638 0.172155
0.248502 0.443329 0.142348
0.306677 0.443006 0.154467
0.031493 0.0946903 0.361673
0.045454 0.814611 0.310217
0.0716659 0.972202 0.121694
0.360486 0.31955 0.323095
0.0723596 0.0588008 0.364053
0.382957 0.456732 0.32325
0.06047 0.227412 0.083325
0.0836509 0.462905 0.276461
0.0481085 0.847881 0.274408
0.330141 0.370473 0.0559022
0.104473 0.443076 0.273467
0.24462 0.216037 0.361929
0.119679 0.464225 0.134735
0.0631417 0.97051 0.336969
0.365008 0.22016 0.385614
0.308169 0.462109 0.136089
0.0751769 0.441825 0.0263596
0.045454 0.80519 0.223018
0.203306 0.441671 0.369053
0.0706628 0.972202 0.241177
0.329445 0.247104 0.0647357
0.342086 0.443191 0.102635
0.242722 0.44346 0.158847
0.0938484 0.462836 0.271175
0.0480458 0.443188 0.341605
0.0810646 0.596958 0.373106
0.110583 0.462334 0.293123
0.035387 0.375671 0.38553
0.356688 0.250691 0.335113
0.0738964 0.605316 0.388436
0.0760493 0.801598 0.298231
0.270946 0.442787 0.209406
0.0652927 0.0314297 0.0639939
0.345551 0.304663 0.335145
0.0489102 0.28979 0.339854
0.199974 0.462109 0.313994
0.336746 0.443157 0.0360473
0.284621 0.462141 0.12571
0.0815698 0.644536 0.357673
0.0664265 0.565496 0.394583
0.130723 0.462109 0.381441
0.239003 0.210033 0.350442
0.327848 0.462109 0.155894
0.344635 0.319656 0.148055
0.0632322 0.157818 0.0798523
0.0292514 0.0701889 0.046509
0.382957 0.458974 0.0385801
0.0439326 0.44156 0.216477
0.301564 0.440332 0.372392
0.382957 0.457128 0.397769
0.045454 0.662281 0.233006
0.0443376 0.441752 0.0661528
0.364982 0.173618 0.0860537
0.0658302 0.383014 0.0740556
0.0590481 0.89285 0.0985893
0.045454 0.93107 0.13608
0.294832 0.443535 0.124886
0.0415058 0.627002 0.057464
0.322948 0.440766 0.315515
0.0611883 0.709434 0.107063
0.0453159 0.969364 0.0798509
0.0760493 0.927436 0.130352
0.0550924 0.440551 0.124479
0.158358 0.442898 0.318707
0.368936 0.20477 0.346585
0.0781822 0.776817 0.345483
0.195027 0.44222 0.334105
0.045454 0.923291 0.265374
0.347226 0.462109 0.317192
0.0520163 0.528968 0.0396963
0.364729 0.339413 0.0863152
0.341288 0.188149 0.38909
0.0665938 0.332202 0.0487407
0.0709237  0.975 0.376086
0.0782185 0.921978 0.347878
0.367407 0.321039 0.38263
0.362286 0.263113 0.338157
0.0404558 0.753578 0.342362
0.0822043 0.801379 0.0878
0.209985 0.463509 0.096328
0.0431152 0.973552 0.0657487
0.0490712 0.867761 0.333345
0.268259 0.46258 0.108275
0.0424101 0.44085 0.161604
0.285164 0.462109 0.247752
0.035277 0.376045 0.0851837
0.0455897 0.96231 0.175209
0.0451881 0.31306 0.3955
0.247274 0.462109 0.349652
0.371087 0.0637092 0.0683461
0.20134 0.442249 0.106003
0.306564 0.215617 0.0670932
0.0660601 0.042499 0.059766
0.0579203 0.319312 0.256859
0.0760493 0.673654 0.123782
0.043434 0.132575 0.0893382
0.048363 0.707087 0.263816
0.0469843 0.756416 0.334582
0.0726404 0.793446 0.30568
0.0749144 0.918842 0.306168
0.0415539 0.202979 0.343264
0.195334 0.208822 0.0573475
0.0329505 0.0481308 0.0791019
0.35618 0.442788 0.119867
0.337012 0.0664573 0.343695
0.365315 0.462109 0.367363
0.0760493 0.921833 0.152045
0.045895 0.731144 0.335533
0.0331911 0.0885239 0.0388359
0.0720566 0.624679 0.390432
0.339925 0.462109 0.137179
0.0760493 0.95867 0.117728
0.045454 0.665554 0.232807
0.045454 0.803563 0.308374
0.3299 0.378536 0.366776
0.132189 0.208794 0.0598646
0.199736 0.214775 0.350828
0.0752869 0.964013 0.285541
0.0729994 0.794096 0.193249
0.0775856 0.597012 0.382685
0.0876156 0.773288 0.0699771
0.0261247 0.445846 0.27049
0.045454 0.805196 0.170672
0.061388 0.612365 0.0337989
0.0701644 0.426042 0.35522
0.360565 0.308834 0.337168
0.0601482 0.368104 0.341146
0.0417873 0.712736 0.0764246
0.0516201 0.319214 0.293599
0.0857912 0.514966 0.0733443
0.079769 0.463978 0.196025
0.0665065 0.469238 0.0943624
0.0379411 0.837984 0.347048
0.0760493 0.829827 0.30463
0.0760493 0.958967 0.333402
0.298102 0.441764 0.262248
0.059622 0.268477 0.39582
0.063125 0.20033 0.0415493
0.0556699 0.430711 0.394386
0.0358893 0.860143 0.353863
0.0474111 0.115698 0.0317313
0.350206 0.441752 0.374553
0.24497 0.214034 0.0761542
0.135716 0.441725 0.133253
0.0786232 0.73478 0.380801
0.0621084 0.182463 0.342251
0.0399862 0.29903 0.391791
0.204335 0.443292 0.185777
0.0573317 0.882988 0.0348299
0.0379206 0.441421 0.351466
0.347809 0.416052 0.336669
0.0303511 0.443599 0.392844
0.0753555 0.672664 0.0372805
0.0311559  0.441 0.185325
0.0875771 0.681525 0.0625783
0.372849 0.35619 0.0613968
0.0672306 0.850923 0.122622
0.0733063 0.360078 0.377569
0.0760493 0.931085 0.186503
0.045454 0.663546 0.148634
0.0652357 0.320159 0.113118
0.065604 0.0476052 0.0535043
0.314219 0.443539 0.0900454
0.0406096 0.587813 0.0664134
0.0678805 0.276035 0.0528041
0.327223 0.462109 0.146336
0.0354569 0.647875 0.370537
0.312097 0.462168 0.0947525
0.0760493 0.694481 0.0891361
0.0548794 0.973895 0.392646
0.0388185 0.325169 0.157789
0.235018 0.462109 0.301037
0.042619 0.841141 0.0537657
0.0326018 0.4092 0.362777
0.227411 0.447065  0.025
0.0450965 0.336315 0.341222
0.0619124 0.717037 0.0336998
0.0666463 0.14166 0.0489065
0.0474457 0.319291 0.282073
0.0456106 0.718489 0.335841
0.0815489 0.860022 0.36963
0.166809 0.442804 0.317301
0.070244 0.46851 0.386185
0.0621527 0.654079 0.0992988
0.28401 0.462109 0.311267
0.152223 0.462109 0.353522
0.0525207 0.336565 0.397465
0.0726267 0.763252 0.0356632
0.318285 0.442239 0.203243
0.364637 0.329808 0.08641
0.045454 0.957014 0.10854
0.0873307 0.716557 0.0729374
0.298619 0.462109 0.237354
0.0712512 0.439865 0.0530141
0.0440664 0.705218 0.0493009
0.0721884 0.949948 0.387206
0.0426499 0.754906 0.0792902
0.372532 0.174337 0.0582599
0.363973 0.462109 0.0595229
0.363827 0.360098 0.386831
0.0261217 0.075106 0.0624003
0.0504827 0.709434 0.126088
0.140831 0.21026 0.0456926
0.0457734 0.657553 0.312805
0.0548927 0.4623 0.354285
0.045454 0.925584 0.348189
0.0811997 0.678156 0.354428
0.0317255 0.0810938 0.0805201
0.0444601 0.466007 0.0732901
0.0643343 0.753049 0.0332642
0.0274046 0.364745 0.0736558
0.192827 0.462109 0.38458
0.3332 0.162825 0.0799148
0.0844415 0.485413 0.0739231
0.183733 0.215968 0.0629213
0.372247 0.339313 0.0716117
0.0681633 0.362172 0.388928
0.0423316 0.440366 0.123175
0.152063 0.44349 0.27828
0.0320741 0.151173 0.377572
0.0484746 0.970155 0.240781
0.364057 0.115325 0.386594
0.0562005 0.789359 0.262691
0.181419 0.441693 0.0827264
0.0261247 0.447192 0.201643
0.0431955 0.624536 0.388624
0.110604 0.463032 0.238151
0.200843 0.455995 0.399496
0.0793806 0.477391 0.0471813
0.0710473 0.278807 0.383948
0.351973 0.358855 0.0346793
0.369391 0.243161 0.0796198
0.045454 0.934075 0.215769
0.0668143 0.908059 0.0984746
0.292882 0.462109 0.173407
0.338009 0.292633 0.0407628
0.0493679 0.709435 0.183647
0.0815579 0.680768 0.357549
0.0414972 0.623557 0.0574926
0.263279 0.44247 0.242614
0.067193 0.440567 0.113098
0.0404339 0.948144 0.380814
0.0760493 0.927177 0.296927
0.382957 0.449002 0.199839
0.369136 0.100813 0.0800595
0.267177 0.212248 0.0428079
0.0791983 0.660847 0.379304
0.0374043 0.46258 0.35061
0.240555 0.462109 0.253044
0.350032 0.234564 0.0926514
0.0635566 0.795378 0.340252
0.0739001 0.371257 0.361801
0.0310909 0.139187 0.365654
0.0817471 0.683528 0.359523
0.0745616 0.828654 0.34973
0.0378577 0.926883 0.351185
0.345207 0.092395 0.335428
0.36426  0.025 0.070243
0.38253 0.443062 0.313652
0.343552 0.44199 0.19654
0.235111 0.443262 0.151103
0.377497 0.441451 0.203821
0.0349451 0.547188 0.364265
0.0687986 0.972202 0.170363
0.0929712 0.442627 0.249831
0.0377024 0.937869 0.374237
0.289585 0.214433 0.0751459
0.236532 0.462109 0.242957
0.0760493 0.672638 0.14041
0.0587371 0.856842 0.0342997
0.368334 0.37934 0.34605
0.0465301 0.32625 0.262529
0.0542843 0.972202 0.265287
0.168039 0.442277 0.1432
0.351261 0.442758 0.1274
0.0397143 0.304567 0.0881539
0.045454 0.827812 0.317522
0.337643 0.275269 0.0411406
0.0657567 0.172799 0.0754918
0.0737421 0.846932 0.229511
0.068002 0.253384 0.0681023
0.0509315 0.515078 0.0419433
0.0825657 0.463082 0.26365
0.382957 0.459949 0.365746
0.0552083 0.787545 0.0968647
0.0760224 0.962014 0.322884
0.0358895 0.558064 0.353862
0.0659978 0.710886 0.0993748
0.078602 0.519675 0.0426508
0.0686935 0.116302 0.0603307
0.0471484 0.655061 0.183266
0.279593 0.44167 0.289072
0.297824 0.44146 0.286673
0.0671492 0.0886667 0.05147
0.0739392 0.302245 0.362188
0.0998146 0.465309 0.0702045
0.0370345 0.246186 0.0349456
0.0752084 0.964226 0.312298
0.336781 0.32436 0.284441
0.0760493 0.833419 0.0989719
0.0255596 0.350478 0.0663338
0.0919522 0.442115 0.210142
0.0893457 0.44271 0.260254
0.0988949 0.460454  0.025
0.358945 0.32432 0.100384
0.155947 0.44259 0.345738
0.03977 0.11741 0.345103
0.35723 0.091281 0.0359298
0.0760184 0.441721 0.195599
0.0582587 0.451375 0.399496
0.0342678 0.366904 0.0372365
0.0728822 0.443487 0.339257
0.336208 0.0749567 0.343976
0.37022 0.175251 0.0494012
0.0820141 0.626753 0.364777
0.0738178 0.336797 0.360986
0.0854532 0.79377 0.0807909
0.0353461 0.543463 0.366747
0.120923 0.442246 0.190176
0.36535 0.347116 0.0417309
0.0667078 0.366311 0.0491008
0.068657 0.0668261 0.385111
0.0273664 0.428628 0.0558059
0.0793127 0.783938 0.0918061
0.0600718 0.464434 0.180828
0.133918 0.457943  0.025
0.0425133 0.933135 0.385587
0.0818414 0.841827 0.360508
0.0261247 0.443807 0.119806
0.19661 0.462109 0.261479
0.0455009 0.443594 0.399471
0.0322787 0.442174 0.277519
0.0490043 0.850317 0.245834
0.0425391 0.319913 0.251561
0.301643 0.215273 0.374905
0.364795 0.462109 0.299342
0.369823 0.462109 0.223244
0.0575216  0.975 0.0704651
0.369482 0.462109 0.293204
0.0647348 0.372582 0.392452
0.0470265 0.155152 0.0899265
0.0826207 0.678956 0.045909
0.357791 0.130739 0.335607
0.0517575 0.729306 0.0384168
0.344918 0.439145 0.387964
0.337547 0.462109 0.294058
0.371337 0.202989 0.374072
0.0373849 0.4218 0.385682
0.075885 0.803688 0.341312
0.155722 0.442174 0.147923
0.0527176 0.829875 0.0865583
0.248474 0.443447 0.180478
0.327159 0.440685 0.317489
0.131699 0.442713 0.216036
0.190334 0.462109 0.369969
0.0760493 0.830629 0.203416
0.29032 0.215692 0.370385
0.045454 0.948948 0.3066
0.250998 0.443377 0.183412
0.0760493 0.826679 0.106319
0.365942 0.147258 0.384651
0.045454 0.670495 0.0998225
0.0458999 0.841877 0.319037
0.0397234 0.344282 0.088159
0.273139 0.462109 0.352414
0.142719 0.462109 0.278563
0.368059 0.439425 0.374773
0.072077 0.441632 0.192668
0.110161 0.442617 0.230968
0.372352 0.441016 0.243798
0.380581 0.440732 0.257725
0.044153 0.943801 0.0786549
0.045454 0.682648 0.258596
0.120315 0.45797 0.399496
0.0700061 0.660301 0.334624
0.0845192 0.442103 0.21699
0.337525 0.342959 0.0412616
0.0673716 0.214124 0.354757
0.0250804 0.0988803 0.0599987
0.0417369 0.612051 0.056696
0.331303 0.0574044 0.362054
0.037976 0.933456 0.375604
0.370331 0.329468 0.0776561
0.0541882 0.850923 0.191239
0.0487314 0.79368 0.176471
0.0969444 0.440211 0.0535721
0.351087 0.326571 0.230702
0.31637 0.462109 0.251896
0.05666 0.709438 0.325652
0.361595 0.326012 0.146585
0.370409 0.075644 0.0742443
0.0652096 0.0887325 0.391505
0.0474315 0.796037 0.127581
0.331053 0.371674 0.352607
0.045454 0.698749 0.169883
0.36273 0.153832 0.0390303
0.0492817 0.651195 0.27398
0.0492999 0.441752 0.382254
0.221062 0.463996 0.0463091
0.0448116 0.466709 0.0602681
0.0995487 0.463143 0.240986
0.229531 0.443987  0.025
0.333673 0.462109 0.17267
0.0365248 0.0326826 0.355556
0.1137 0.208717 0.366513
0.0578121 0.925678 0.0865583
0.0459279 0.540604 0.0861725
0.0744831 0.91806 0.112943
0.0348651 0.560219 0.362723
0.229279 0.462109 0.361496
0.08274 0.560115 0.0868277
0.0308065 0.326996 0.0412203
0.0867859 0.912903 0.0613426
0.0561681 0.515166 0.0951813
0.0621498 0.396435 0.393252
0.0333734 0.439962 0.100448
0.359802 0.0416811 0.340493
0.0502342 0.136361 0.0322377
0.0484946 0.707445 0.282675
0.045454 0.954767 0.334787
0.371063 0.34793 0.374933
0.322337 0.215514 0.0528876
0.366939 0.218301 0.043556
0.066232 0.377728 0.0733802
0.0261247 0.443829 0.311939
0.062639 0.912361 0.0984684
0.370698 0.061234 0.0564983
0.347093 0.297327 0.334868
0.0741871 0.265483 0.364641
0.118417 0.443488 0.291533
0.366842 0.357945 0.0433889
0.0721145 0.443611 0.349942
0.134136 0.462109 0.310682
0.045454 0.686472 0.179572
0.181294 0.443182 0.272052
0.0758661 0.53447 0.342747
0.346373 0.441752 0.377204
0.234692 0.441105 0.381151
0.377566 0.43925 0.378656
0.311395 0.442925 0.0442345
0.372779 0.376342 0.361614
0.0935968 0.464386 0.149356
0.0645983 0.442587 0.276405
0.331718 0.242582 0.37607
0.0462006 0.881299 0.335201
0.0752462 0.440974 0.136944
0.336412 0.392571 0.0838778
0.0650812 0.131517 0.0766627
0.272781 0.442739 0.211301
0.0723114 0.439841 0.0499453
0.311585 0.213974 0.0445473
0.0668824 0.285753 0.390256
0.0624192 0.832687 0.033604
0.143317 0.46444 0.0929696
0.329999 0.238251 0.369798
0.211596 0.215463 0.0699064
0.332195 0.301875 0.0779897
0.0760493 0.934479 0.100874
0.0534557 0.169123 0.0331132
0.0261247 0.455345 0.237183
0.0292156 0.268714 0.0776192
0.196818 0.208748 0.365418
0.355351 0.349881 0.334872
0.228294 0.462357 0.167787
0.242294 0.443408 0.155157
0.0845711 0.732832 0.0835038
0.0510126 0.465678 0.0923775
0.201393 0.215998 0.0624982
0.369493 0.321621 0.19426
0.0644734 0.972508 0.0366765
0.294871 0.462109 0.390485
0.258672 0.441422 0.330745
0.0773348 0.881956 0.383141
0.0441981 0.893978 0.337586
0.0261247 0.452569 0.350647
0.154133 0.463569 0.150166
0.0986467 0.443044 0.369779
0.364556 0.348509 0.0864933
0.0801659 0.941726 0.358831
0.342934 0.32603 0.132823
0.372795 0.340081 0.0665466
0.042073 0.871172 0.0773736
0.298838 0.456261 0.399496
0.0488487 0.119927 0.0895997
0.292483 0.213094 0.0432049
0.243308 0.462109 0.209316
0.0503134 0.939153 0.334782
0.0511761 0.335587 0.397223
0.045454 0.815608 0.109139
0.306164 0.462109 0.187482
0.273419 0.44121 0.332134
0.0566728 0.393627 0.0359371
0.0956504 0.465124 0.0891577
0.0867664 0.596239 0.0764221
0.347029 0.440215 0.334007
0.0751339 0.782202 0.339992
0.332914 0.0269182 0.0614798
0.049646 0.650535 0.293483
0.0750272 0.843441 0.106863
0.071554 0.156832 0.383073
0.317588 0.441462 0.265817
0.0318816 0.247231 0.359707
0.289043 0.210396 0.379548
0.286205 0.442223 0.238205
0.331256 0.177438 0.374612
0.351048 0.0956955 0.39242
0.360258 0.442247 0.158602
0.0509449 0.648179 0.117303
0.0728702 0.743966 0.389549
0.314297 0.208882 0.367705
0.0355683 0.644763 0.371699
0.0567508 0.0568584 0.0839443
0.0799854 0.795422 0.37669
0.332062 0.33169 0.377156
0.0427025 0.443471 0.394527
0.19777 0.462884 0.158311
0.179041 0.208955 0.356539
0.0778702 0.526111 0.0915916
0.0380288 0.641281 0.380317
0.347687 0.116927 0.391816
0.0350617 0.443119 0.349686
0.0599866 0.919865 0.0976599
0.0488549 0.971189 0.183053
0.309745 0.448559  0.025
0.346522 0.357891 0.0353839
0.0896991 0.462109 0.37913
0.35025 0.0437934 0.038066
0.0874546 0.440013 0.0477808
0.332197 0.298414 0.348995
0.0801824 0.920366 0.372852
0.0688492 0.324476 0.289595
0.203911 0.462109 0.324062
0.042973 0.153675 0.0892555
0.0614032 0.850923 0.247199
0.243041 0.446326 0.399496
0.0654164 0.607296 0.331904
0.0859249 0.639701 0.0537317
0.106957 0.443176 0.278761
0.0623236 0.124754 0.342372
0.37001 0.332963 0.0488524
0.0729751 0.924612 0.387652
0.055903 0.709434 0.114192
0.045454 0.950491 0.206979
0.33375 0.462109 0.140705
0.0517786 0.517414 0.393242
0.0449776 0.216775 0.341289
0.329837 0.325816 0.368201
0.128116 0.462109 0.370779
0.280044 0.442093 0.255014
0.367302 0.390542 0.0454857
0.0415976 0.122835 0.0890088
0.183802 0.441783 0.0873255
0.0630678 0.177087 0.0414506
0.0864046 0.464238 0.168626
0.0708136 0.850923 0.187495
0.0716547 0.526624 0.389128
0.045454 0.686834 0.229598
0.0356125 0.465298 0.138425
0.367656 0.129362 0.082613
0.372045 0.104647 0.0551553
0.0825252 0.458744 0.399496
0.0788855 0.465338 0.0898936
0.334425 0.171543 0.344962
0.0380845 0.117029 0.346841
0.357685 0.354097 0.335547
0.0410133 0.814604 0.0707541
0.185377 0.441895 0.0945676
0.0457546 0.962758 0.217759
0.0313478 0.239122 0.363111
0.0351514 0.370239 0.385365
0.346133 0.462109 0.109881
0.0268765 0.412469 0.0553673
0.105748 0.440018 0.0289668
0.372382 0.274174 0.0567749
0.370464 0.358769 0.0772375
0.0547915 0.583432 0.0363355
0.260436 0.442622 0.0736338
0.045454 0.808955 0.21057
0.120838 0.442317 0.195885
0.0755947 0.209851 0.0736687
0.161676 0.464758 0.048682
0.0814737 0.564421 0.370414
0.0491836 0.442386 0.276614
0.0681338 0.179564 0.0547914
0.0496676 0.419245 0.394883
0.216734 0.443409 0.216846
0.382957 0.447712 0.26549
0.335854 0.323806 0.252951
0.0760493 0.825932 0.339581
0.045454 0.949727 0.135728
0.365276 0.325631 0.177475
0.36076 0.398343 0.388064
0.046142 0.97442 0.081807
0.0261247 0.453193 0.183119
0.045454 0.923358 0.279746
0.183873 0.441645 0.0762704
0.372098 0.0751113 0.363052
0.0455665 0.573324 0.0465779
0.213873 0.441294 0.387974
0.0788113 0.721076 0.0406034
0.0259781 0.092908 0.0688964
0.20817 0.442586 0.291213
0.0581734 0.443268 0.399225
0.189848 0.215109 0.0483981
0.0418913 0.575047 0.0767699
0.368491 0.131186 0.345818
0.363729 0.0472417 0.0834366
0.0573697 0.910638 0.311486
0.332719 0.0450232 0.370906
0.335176 0.0302658 0.0509609
0.353954 0.368408 0.0923707
0.0759004 0.69958 0.12642
0.163086 0.443434 0.240388
0.202966 0.463202 0.127832
0.0816991 0.635789 0.359023
0.0387298 0.466585 0.0337916
0.0419443 0.227613 0.342997
0.275772 0.44982 0.399496
0.365487 0.278363 0.0855332
0.0718099 0.5632 0.0977741
0.0631749 0.319937 0.393819
0.166397 0.46305 0.178198
0.363827 0.376869 0.086992
0.0773601 0.931008 0.0411419
0.36797 0.191218 0.0820714
0.059801 0.9649 0.393437
0.045454 0.928854 0.0922073
0.075532 0.801721 0.340671
0.0704653 0.405004 0.382616
0.0873416 0.685188 0.0728246
0.0699294 0.528018 0.391104
0.370054 0.165042 0.0489291
0.350806 0.297301 0.0927904
0.045454 0.817353 0.0895149
0.0361528 0.671017 0.374097
0.0806269 0.924977 0.368559
0.0790672 0.765826 0.0920723
0.0718432 0.650515 0.316866
0.338714 0.202438 0.33962
0.0610356 0.142468 0.0388446
0.235985 0.4424 0.276817
0.124244 0.208752 0.0613507
0.382957 0.453162 0.350834
0.0760493 0.934659 0.303662
0.0830048 0.585796 0.0466061
0.183693 0.442612 0.314836
0.0338071 0.328473 0.353626
0.0760493 0.834999 0.228744
0.0760493 0.923959 0.142161
0.0885092 0.441031 0.127608
0.12004 0.214446 0.0457161
0.0810606 0.920517 0.361701
0.0276423 0.463449 0.0902986
0.0456038 0.562078 0.335849
0.0754788 0.842215 0.0896963
0.372372 0.387361 0.361191
0.173603 0.463867 0.106323
0.291838 0.442785 0.187606
0.0845761 0.491193 0.0746159
0.0714029 0.796769 0.34336
0.0370672 0.274465 0.348002
0.350801 0.286292 0.0927894
0.300042 0.440734 0.342097
0.361928 0.442861 0.398917
0.36406 0.462109 0.12142
0.0686809 0.35576 0.0602066
0.0423972 0.441632 0.223783
0.255509 0.442973 0.106686
0.35078 0.44361 0.0573205
0.361229 0.287284 0.337542
0.0588665 0.789667 0.327496
0.138513 0.464522 0.0915476
0.364959 0.15724 0.0860776
0.355031 0.247231 0.334815
0.0760493 0.829496 0.264613
0.039163 0.409265 0.34777
0.0638825 0.649099 0.329547
0.0601906 0.312018 0.0836131
0.110076 0.442528 0.224019
0.0464176 0.964561 0.315558
0.378818 0.442167 0.145454
0.352973 0.16384 0.334445
0.171146 0.462109 0.324255
0.365179 0.442858 0.104898
0.0467647 0.441752 0.348551
0.0739065 0.258647 0.361864
0.0536913  0.975 0.355606
0.0675072 0.850923 0.132883
0.212483 0.462236 0.193913
0.329778 0.440682 0.315002
0.0610927 0.850923 0.205847
0.346854 0.462109 0.105175
0.268037 0.441079 0.348227
0.0627874 0.972202 0.299512
0.0640611 0.417063 0.39069
0.347564 0.44103 0.268662
0.0261247 0.44731 0.186405
0.0625379 0.602933 0.0335816
0.129462 0.443207 0.324429
0.045454 0.953976 0.22361
0.205697 0.462704 0.164187
0.0685952 0.210972 0.348489
0.0797688 0.909239 0.351698
0.114098 0.462198 0.0251003
0.0561727 0.948129 0.34973
0.0732426 0.335427 0.358901
0.0637222 0.902325 0.033869
0.0856929 0.442723 0.265067
0.0409292 0.658795 0.069877
0.0975501 0.441352 0.143632
0.0497656 0.408128 0.34128
0.132017 0.208923 0.358898
0.0639064 0.463511 0.249434
0.362031 0.462109 0.189592
0.0453928 0.137213 0.341055
0.0551503 0.794474 0.338233
0.0767958 0.517371 0.0408691
0.0787183 0.442625 0.264633
0.316614 0.440844 0.315958
0.165814 0.443489 0.2419
0.0396122 0.325392 0.147071
0.0671218 0.787425 0.394171
0.054594 0.813633 0.0965006
0.0697511 0.302495 0.350485
0.0507854 0.70407 0.394756
0.0702214 0.766343 0.392334
0.372925 0.255471 0.062154
0.372546 0.13235 0.0690027
0.354985 0.356345 0.0352199
0.341859 0.462109 0.216677
0.376199 0.439704 0.344024
0.061817 0.532168 0.0981869
0.337988 0.324917 0.235482
0.0461897 0.31945 0.276296
0.247227 0.462109 0.241473
0.219682 0.462109 0.277289
0.0804759 0.612651 0.352024
0.264081 0.442898 0.0917087
0.356787 0.440484 0.302394
0.0400233  0.025 0.356931
0.319167 0.462109 0.303446
0.0348853 0.39062 0.353074
0.0722182 0.651194 0.285356
0.0514135 0.33299 0.397266
0.161372 0.443178 0.221815
0.0313966 0.415162 0.0783228
0.373372 0.462109 0.215383
0.0803944 0.665584 0.375331
0.045454 0.690882 0.178874
0.0447728  0.901 0.389763
0.0621024 0.325995 0.119025
0.113222 0.442855 0.246648
0.0673685 0.465622 0.0796339
0.119176 0.440773 0.0749227
0.0383478 0.40712 0.085732
0.0631273 0.669252 0.395883
0.330791 0.233136 0.0538498
0.372812 0.15479 0.0663745
0.0607635 0.166574 0.0385642
0.0841647 0.644791 0.0487116
0.269478 0.462109 0.265895
0.185909 0.215893 0.0560522
0.0495051 0.914173 0.101581
0.0419526 0.787461 0.33981
0.351199 0.439887 0.35569
0.0799085 0.583355 0.35014
0.05316 0.488388 0.0913741
0.0760493 0.806544 0.276349
0.29218 0.211207 0.0772069
0.349545 0.200468 0.39215
0.087715 0.440101 0.0544432
0.057496 0.647871 0.152244
0.0609127 0.103915 0.0828687
0.0541224 0.907053 0.331844
0.0743161 0.96665 0.327259
0.0558045 0.0828646 0.0863279
0.0340307 0.444042 0.399496
0.176566 0.443165 0.278402
0.105467 0.440391 0.0589182
0.0580985 0.326383 0.179006
0.0394874 0.464997 0.158069
0.366956 0.165772 0.0435853
0.382957 0.445606 0.17089
0.045454 0.83932 0.346967
0.0782617 0.473844 0.357589
0.0760493 0.927302 0.206085
0.0600689 0.709436 0.197487
0.314126 0.209194 0.0692173
0.0717623 0.650368 0.330299
0.045454 0.944665 0.334505
0.0350026 0.568118 0.361289
0.0459594 0.919981 0.314852
0.0712627 0.881818 0.0348547
0.247876 0.462109 0.171648
0.363674 0.441561 0.209571
0.0714219 0.210344 0.0453951
0.0645936 0.709435 0.178578
0.047251 0.031548 0.0857255
0.294579 0.45816 0.399496
0.0403835 0.947231 0.346303
0.227366 0.215432 0.0519828
0.0762072 0.462109 0.366195
0.0718701 0.890783 0.336499
0.216212 0.441921 0.33569
0.244389 0.462109 0.308388
0.0383467 0.712436 0.380894
0.0638709 0.464679 0.157505
0.0738587 0.846615 0.329209
0.372857 0.283628 0.0614729
0.078468 0.873171 0.0927223
0.369018 0.435707 0.0746852
0.083255 0.69971 0.0858928
0.081329 0.859851 0.355161
0.144896 0.462745 0.224778
0.0674227 0.92724 0.34973
0.362797 0.333648 0.0883067
0.355899 0.462109 0.399169
0.0492696 0.442466 0.282873
0.0833929 0.80773 0.0856425
0.118311 0.441092 0.101157
0.0708351 0.199456 0.384315
0.0413735 0.649002 0.0584421
0.0364264 0.622567 0.375006
0.186854 0.442869 0.291103
0.114206 0.462109 0.358591
0.331725 0.248337 0.376091
0.0772164 0.850385 0.383356
0.22419 0.463916 0.0493754
0.0760493 0.954409 0.236548
0.045454 0.659985 0.345142
0.0686713 0.228094 0.388051
0.121367 0.46246 0.271884
0.0505509 0.866803 0.0932268
0.0492498 0.639083 0.0918146
0.0834799 0.462601 0.300534
0.048182 0.969359 0.295484
0.3705 0.200452 0.0771223
0.311453 0.440783 0.326196
0.087568 0.442208 0.222151
0.0416258 0.440939 0.169498
0.0646181 0.346463 0.344083
0.0383282 0.475215 0.36039
0.051096 0.326575 0.23194
0.059145 0.555951 0.0342226
0.338925 0.127625 0.387173
0.359463 0.395025 0.0380397
0.0365263 0.0549682 0.353165
0.269939 0.442191 0.0293701
0.30586 0.211381 0.0774755
0.0414925 0.662197 0.0754452
0.0371954 0.495056 0.363143
0.247549 0.462109 0.288046
0.0613075 0.972202 0.157856
0.124095 0.215786 0.37112
0.342533 0.217023 0.0902046
0.282417 0.442883 0.189731
0.37245 0.350657 0.357037
0.0572427 0.116331 0.339992
0.366084 0.462109 0.207079
0.0564837 0.232863 0.0867697
0.0639343 0.319941 0.198593
0.121197 0.440446 0.0467902
0.360425 0.320012 0.33709
0.326408 0.443171 0.0480325
0.353357 0.201114 0.0924779
0.371348 0.327948 0.352543
0.0909923 0.215912 0.365489
0.0796586 0.861267 0.377775
0.367619 0.233157 0.0826771
0.0625645 0.347166 0.040582
0.0469906  0.025 0.387024
0.380236 0.462109 0.109558
0.380318 0.462115 0.027326
0.0705258 0.232608 0.384849
0.0812388 0.743102 0.0434005
0.0760493 0.947437 0.277167
0.0488084 0.458518  0.025
0.115343 0.463063 0.230724
0.0742991 0.654962 0.169023
0.0727196 0.708223 0.283462
0.350954 0.206776 0.0345888
0.382957 0.461979 0.389516
0.0755305 0.567366 0.386417
0.382957 0.447546 0.186897
0.0427643 0.523358 0.386165
0.0290022 0.200781 0.0443372
0.105939 0.462109 0.340533
0.343845 0.462109 0.328678
0.259074 0.462142 0.152435
0.180544 0.462584 0.20006
0.036233 0.83985 0.374364
0.0760493 0.925977 0.268072
0.168993 0.443411 0.266764
0.0451721 0.727303 0.390768
0.0601326  0.975 0.379299
0.0852558 0.796067 0.0814475
0.0592696 0.312635 0.0845624
0.0760493 0.678085 0.0942783
0.33968 0.20571 0.0883651
0.045616 0.699617 0.30142
0.045454 0.675064 0.211613
0.0750777 0.577009 0.387154
0.361972 0.3196 0.102278
0.137546 0.443599 0.280322
0.0760493 0.822497 0.304435
0.0760493 0.946193 0.346522
0.0371234 0.441752 0.353075
0.163872 0.442971 0.202743
0.170293 0.463242 0.158941
0.357253 0.392661 0.0907235
0.370794 0.354595 0.0761971
0.0489689 0.0766452 0.395649
0.05076 0.709062 0.0934538
0.150822 0.463621 0.149611
0.045454 0.828558 0.197699
0.0473307 0.775729 0.334377
0.369856 0.287523 0.378405
0.080398 0.919113 0.372266
0.0413649 0.728432 0.340711
0.228528 0.44189 0.325223
0.109324 0.215426 0.374695
0.0760493 0.826348 0.337514
0.057983 0.703657 0.0932339
0.352451 0.462109 0.379664
0.0442368 0.326098 0.217162
0.0545744 0.360258 0.0337435
0.252582 0.462109 0.348348
0.0472376 0.6549 0.330995
0.256167 0.450749  0.025
0.312832 0.443588 0.0954003
0.362768 0.212791 0.088336
0.0683648 0.682473 0.34973
0.058732 0.625878 0.330372
0.0940194 0.464824 0.114446
0.0557627 0.937267 0.34973
0.0471319 0.694588 0.0437363
0.0490123 0.793171 0.317162
0.0430525 0.954239 0.385165
0.0563445 0.577548 0.0975382
0.369081 0.0437729 0.0543381
0.0482828 0.969634 0.248678
0.337926 0.38222 0.385596
0.0466751 0.894308 0.0448615
0.0873398 0.717274 0.0728434
0.359703 0.361259 0.0903084
0.231042 0.462109 0.362036
0.332119 0.334449 0.377338
0.343845 0.462109 0.319427
0.135556 0.463907 0.143038
0.273294 0.463202 0.0540467
0.194044 0.462109 0.395573
0.173091 0.442861 0.30615
0.110983 0.212517 0.0428483
0.332259 0.283558 0.348798
0.0414561 0.701245 0.38654
0.379071 0.462109 0.0397583
0.0379143 0.77353 0.379948
0.045454 0.945218 0.231113
0.220025 0.441777 0.343069
0.0460569 0.657039 0.191596
0.0361512 0.812683 0.374092
0.0853439 0.443157 0.299934
0.0548805 0.0528784 0.0368722
0.0743225 0.249782 0.365982
0.369949 0.297245 0.0487484
0.045454 0.693353 0.216752
0.31005 0.443192 0.136136
0.0760493 0.837172 0.304838
0.0760493 0.954015 0.302723
0.093944 0.462109 0.339906
0.352775 0.319223 0.292439
0.370226 0.36508 0.077988
0.317742 0.458284  0.025
0.238435 0.463165 0.0935663
0.0591976 0.692276 0.330459
0.329606 0.228573 0.360662
0.382957 0.460237 0.233167
0.0600224 0.701013 0.089295
0.116792 0.464319 0.130348
0.037519 0.942548 0.353943
0.372669 0.35751 0.359199
0.050022 0.346643 0.0321997
0.0812675 0.443451 0.327585
0.32962 0.24083 0.36053
0.332649 0.0318761 0.0657383
0.0641748 0.898422 0.0993296
0.335479 0.441752 0.349366
0.18038 0.463892 0.0972495
0.046871 0.808676 0.334649
0.205643 0.44356 0.205725
0.328994 0.462109 0.341296
0.36945 0.0800747 0.377564
0.0472544 0.0743668 0.0885568
0.354234 0.443366 0.0343136
0.31951 0.462109 0.266512
0.0442651 0.426349 0.0344837
0.251761 0.463017 0.0911871
0.382957 0.44761 0.257329
0.0374454 0.518124 0.373523
0.281242 0.462109 0.35102
0.371442 0.320266 0.37374
0.174409 0.442191 0.129696
0.382957 0.450506 0.139934
0.0693668 0.927565 0.0357599
0.0476081 0.408735 0.394977
0.0415851 0.508153 0.3444
0.0511012 0.571381 0.093824
0.0452614 0.809442 0.0858215
0.0738078 0.219878 0.375784
0.0773769 0.485047 0.0439868
0.0679726 0.462329 0.338265
0.045454 0.949071 0.272335
0.08168 0.440015 0.0539767
0.0703337 0.481596 0.33999
0.030897 0.168588 0.369098
0.36795 0.355008 0.381693
0.347128 0.224019 0.0352752
0.338301  0.025 0.350781
0.0285067 0.463227 0.309002
0.0252815 0.144031 0.0580079
0.0711691 0.966515 0.0947758
0.0434298 0.049797 0.391333
0.086122 0.910973 0.0763612
0.0690804 0.377187 0.349677
0.0254853 0.287199 0.0559906
0.0648149 0.215019 0.0444658
0.045454 0.949795 0.273596
0.0625574 0.13638 0.0405697
0.0293338 0.145164 0.0778233
0.059197 0.789359 0.299076
0.370634 0.363819 0.0766992
0.0725732 0.850107 0.289733
0.274525 0.214308 0.34917
0.315863 0.442754 0.164877
0.0864748 0.694262 0.077392
0.377811 0.442677 0.105964
0.178292 0.44266 0.162904
0.045454 0.82971 0.0975441
0.274522 0.443008 0.188053
0.117462 0.46408 0.148447
0.0584358 0.0795846 0.0841899
0.0443522 0.837575 0.337207
0.330828 0.320913 0.37326
0.0316617 0.0335992 0.0753178
0.332248 0.27927 0.0492486
0.0461301 0.859484 0.0873983
0.0414426 0.641975 0.0577218
0.0411998 0.0270989 0.0373896
0.0579669 0.326364 0.196823
0.0760493 0.935019 0.254603
0.039196 0.320525 0.258877
0.0864803 0.74516 0.0555794
0.373499 0.462109 0.0799997
0.053679 0.627687 0.0959583
0.0671993 0.0664915 0.0592665
0.155907 0.462109 0.322611
0.0627505 0.325853 0.162237
0.354214 0.442104 0.176281
0.0373471 0.0751927 0.0854487
0.0268476 0.0821035 0.0698198
0.0285478 0.0726629 0.0479943
0.366491 0.424353 0.080906
0.297753 0.442011 0.24297
0.0604836 0.440947 0.150352
0.0269415 0.442544 0.312335
0.349662 0.462223 0.0509532
0.214388 0.214922 0.377349
0.0769786 0.443312 0.321057
0.0760493 0.689892 0.102787
0.0437687 0.62764 0.0830071
0.045454 0.948362 0.30343
0.0753234 0.969768 0.0409223
0.042533 0.63523 0.0540513
0.0647917 0.35489 0.0444257
0.0790744 0.664574 0.347369
0.067945 0.142137 0.0685808
0.33276 0.307362 0.0791567
0.0415533 0.830329 0.0573061
0.0722231 0.79269 0.304189
0.0760493 0.666446 0.248161
0.0650533 0.863482 0.0995532
0.0591911 0.341606 0.396063
0.0469233 0.54918 0.0441201
0.359667 0.462109 0.0826204
0.0667562 0.325229 0.115542
0.0384901 0.453195 0.399496
0.354023 0.302446 0.0923584
0.352841 0.319325 0.106463
0.144063 0.213974 0.348487
0.0791027 0.78724 0.379622
0.0619356 0.319606 0.111322
0.145698 0.463922 0.131238
0.353246 0.370564 0.392083
0.335057 0.247976 0.0831189
0.360935 0.351282 0.337377
0.0871032 0.663276 0.0576519
0.154057 0.442495 0.355285
0.0356627 0.462403 0.366318
0.0739175 0.365861 0.361973
0.382957 0.448059 0.256833
0.0589201 0.319339 0.290506
0.0406158 0.862132 0.385014
0.0721244 0.913789 0.252508
0.0371876 0.399831 0.34976
0.0556563 0.972202 0.291081
0.0702117 0.916917 0.095451
0.0643192 0.0517993 0.0728449
0.0254075 0.0879521 0.0599552
0.0398253 0.283656 0.0333724
0.272021 0.210945 0.0766977
0.196045 0.441983 0.0903742
0.0716323 0.222655 0.353822
0.0406671 0.634095 0.0671423
0.178303 0.208844 0.361317
0.336289 0.144574 0.384456
0.106982 0.464819 0.101245
0.0760493 0.937598 0.180022
0.0361688 0.732876 0.352935
0.212637 0.462109 0.357984
0.0365899 0.671685 0.351536
0.0891413 0.463612 0.215052
0.0485749 0.83764 0.0910822
0.0773186 0.61053 0.38317
0.368392 0.372493 0.345661
0.372746 0.311526 0.0670219
0.0387518 0.462474 0.357531
0.0459378 0.963257 0.104844
0.221024 0.463496 0.085731
0.186432 0.214068 0.0447294
0.0594219 0.146723 0.340737
0.0383848 0.22952 0.0341844
0.0842978 0.737827 0.0489532
0.329411 0.325369 0.0630129
0.337975 0.441752 0.0722785
0.0760493 0.951901 0.277092
0.0812388 0.901143 0.369428
0.0747029 0.719767 0.387561
0.309606 0.449834 0.399496
0.0378329 0.320908 0.280725
0.192623 0.442228 0.335993
0.33064 0.409068 0.0645361
0.0334998 0.194657 0.354596
0.0420954 0.672613 0.055505
0.202075 0.464438 0.0314882
0.0585704 0.119056 0.340257
0.372731 0.18081 0.0602274
0.0384332 0.720481 0.381051
0.0820015 0.88019 0.364908
0.326051 0.462109 0.384001
0.149335 0.463072 0.194344
0.0539751 0.797504 0.0912865
0.0666062 0.709436 0.197697
0.0470919 0.491842 0.0834317
0.349589 0.326447 0.161291
0.0809973 0.566894 0.373329
0.330996 0.333832 0.0742027
0.0661401 0.76152 0.0993479
0.0725645 0.651819 0.113224
0.0471774 0.204584 0.340165
0.322523 0.462109 0.171151
0.035566 0.146491 0.38608
0.330639 0.215424 0.355834
0.0570413 0.227636 0.0351332
0.352639 0.0886233 0.0351846
0.0414847 0.712629 0.0575339
0.211183 0.215312 0.0714355
0.0378554 0.355179 0.389594
0.367082 0.127986 0.083603
0.0710218 0.709434 0.113833
0.0760493 0.946119 0.324913
0.0755649 0.840032 0.386354
0.0351825 0.674851 0.359411
0.0817454 0.766201 0.36758
0.131453 0.215327 0.0508212
0.209549 0.441522 0.37436
0.353149 0.300228 0.392101
0.274507 0.462109 0.272475
0.0366625 0.321466 0.150977
0.2512 0.462109 0.246934
0.325278 0.462109 0.198212
0.341339 0.44192 0.204468
0.299917 0.210746 0.0763109
0.366665 0.325273 0.233901
0.142889 0.464706 0.0724697
0.0760493 0.667067 0.176551
0.325005 0.440314 0.349248
0.0754949 0.840641 0.0373632
0.098246 0.440342 0.0626053
0.285673 0.443313 0.102096
0.369844 0.0308181 0.364081
0.0658916 0.382933 0.0477176
0.367367 0.0862509 0.0451746
0.0465469 0.32622 0.288306
0.0653416 0.588112 0.0334545
0.265931 0.462109 0.315419
0.045454 0.696276 0.247869
0.380785 0.442545 0.113348
0.0303563 0.465847 0.0892637
0.334805 0.0894209 0.381731
0.329992 0.190983 0.0701401
0.3499 0.425372 0.090289
0.0596911 0.262543 0.0374596
0.0672416 0.442181 0.241363
0.348114 0.441752 0.360527
0.228717 0.442765 0.255445
0.340494 0.0948674 0.337935
0.0568286 0.465985 0.0620859
0.0808827 0.20891 0.067195
0.0490525 0.685955 0.393729
0.282294 0.214108 0.0760093
0.0740046 0.305756 0.362835
0.338411 0.385328 0.340653
0.0629081 0.212907 0.0804113
0.045454 0.681856 0.345695
0.227542 0.442267 0.296266
0.0601315 0.647872 0.277931
0.15242 0.20952 0.352537
0.0697365 0.936577 0.336534
0.0759809 0.915058 0.383925
0.0630655 0.64426 0.33119
0.0818751 0.878926 0.366226
0.0304812 0.27305 0.0417823
0.124701 0.443372 0.27573
0.0499345 0.324538 0.100384
0.333229 0.201365 0.379552
0.382957 0.456787 0.212324
0.0465058 0.464078 0.0721072
0.0760493 0.815839 0.329977
0.332571 0.23682 0.0788305
0.352346 0.441752 0.37074
0.366339 0.194689 0.342335
0.337171 0.338975 0.0857785
0.170634 0.209731 0.0732427
0.0261247 0.446322 0.335269
0.0355538 0.642781 0.371548
0.210488 0.441355 0.386633
0.0710379  0.975 0.0890123
0.0760493 0.679752 0.213075
0.365169 0.35058 0.0858618
0.186998 0.442537 0.143951
0.248351 0.462109 0.24982
0.332027 0.251937 0.0774585
0.373029 0.247102 0.362765
0.0833159 0.570123 0.0857824
0.0505159 0.0590144 0.0346313
0.374744 0.442227 0.14497
0.06978 0.44107 0.150322
0.129661 0.442197 0.177115
0.0569119 0.850923 0.132554
0.153052 0.209018 0.0680442
0.042487 0.813045 0.387855
0.0421376 0.198698 0.0324832
0.045454 0.666205 0.331036
0.0760493 0.817305 0.241535
0.0870222 0.613246 0.0755712
0.161865 0.462439 0.231013
0.0261247 0.461332 0.0807323
0.0313507 0.0917085 0.364431
0.0298379 0.101406 0.0786936
0.280263 0.463429 0.0288365
0.348697 0.440509 0.30893
0.325772 0.441571 0.248537
0.358745 0.439835 0.351895
0.0505872 0.71446 0.394639
0.114976 0.208902 0.0560772
0.0592508 0.440393 0.10761
0.375865 0.462149 0.0292779
0.0790687 0.974703 0.357424
0.113251 0.441617 0.148245
0.140648 0.442909 0.336441
0.242408 0.462109 0.187243
0.0338302 0.368741 0.353585
0.159463 0.441484 0.0891591
0.17448 0.441442 0.0700377
0.0582741 0.955178 0.0865583
0.259905 0.462109 0.242801
0.364782 0.325676 0.266678
0.0760493 0.802944 0.19788
0.24305 0.462109 0.352663
0.286023 0.442014 0.255054
0.04774 0.795477 0.150885
0.0416889 0.201734 0.39353
0.207445 0.462721 0.16105
0.363371 0.430141 0.384108
0.0760493 0.823031 0.148255
0.0716598 0.348636 0.353909
0.0477829 0.846996 0.122291
0.369454 0.321601 0.208446
0.0796176 0.744876 0.349173
0.232549 0.442536 0.269641
0.0760493 0.829354 0.254528
0.0760493 0.946454 0.18179
0.0445891 0.463417 0.277109
0.104407 0.443468 0.329978
0.372217 0.441301 0.221273
0.0496668 0.650498 0.32068
0.0462772 0.482099 0.080838
0.0760493 0.832021 0.319679
0.0597799 0.326154 0.187179
0.307861 0.462109 0.262144
0.299605 0.462109 0.271056
0.131268 0.464297 0.116831
0.0879777 0.4642 0.169958
0.331272 0.283741 0.0750744
0.0651103 0.233565 0.0449758
0.101512 0.462623 0.279923
0.0868146 0.760512 0.0566914
0.0440201 0.440114 0.101403
0.334275 0.205931 0.0817686
0.354373 0.0495789 0.0893277
0.18631 0.462109 0.372184
0.180257 0.464061 0.0840571
0.0471328 0.705081 0.0437347
0.345304  0.025 0.0801605
0.0412218 0.561901 0.0729288
0.210543 0.441775 0.353237
0.0878402 0.889949 0.0653435
0.382957 0.456622 0.270409
0.0477879 0.489985 0.0845107
0.0462035 0.32373 0.340599
0.29393 0.440492 0.367675
0.0391887 0.320527 0.130964
0.0534178 0.439488 0.0417145
0.0751932 0.744863 0.387029
0.0760493 0.679084 0.223208
0.352598 0.350437 0.0926141
0.251935 0.46194  0.025
0.0326228 0.136237 0.379304
0.0482066 0.381188 0.0322659
0.0793622 0.902352 0.377455
0.144362 0.464585 0.0804738
0.045962 0.442918 0.322331
0.0392985 0.36736 0.345589
0.0261247 0.453644 0.295308
0.33129 0.176666 0.351859
0.135586 0.462907 0.221801
0.0760493 0.684394 0.115037
0.087787 0.828172 0.0681954
0.212248 0.462109 0.320172
0.0672375 0.129276 0.346781
0.0551353 0.972202 0.173112
0.0450984 0.488719 0.341055
0.346786 0.307308 0.334923
0.0381183 0.441087 0.184928
0.0785443 0.943483 0.351204
0.1561 0.462109 0.353343
0.370749 0.389848 0.0530375
0.359415 0.32616 0.257956
0.0688624 0.495936 0.33747
0.046338 0.801199 0.34973
0.0687102 0.215964 0.0589424
0.0459257 0.462109 0.387826
0.0503322 0.231082 0.339599
0.265987 0.462109 0.318712
0.0841193 0.972489 0.0766018
0.301779 0.462109 0.380608
0.358659 0.286194 0.390482
0.243776 0.463154 0.0887809
0.0630018 0.325831 0.245473
0.336418 0.0707496 0.382513
0.0416081 0.393426 0.392295
0.0555428 0.647871 0.15237
0.354311 0.462109 0.187014
0.370615 0.107613 0.0767612
0.32956 0.454943  0.025
0.0344594 0.407928 0.0825819
0.036963 0.464399 0.207809
0.0500493 0.653866 0.096087
0.300812 0.441329 0.29392
0.0423863 0.762813 0.0545387
0.191575 0.209198 0.0507379
0.366849 0.440783 0.268066
0.377714 0.462109 0.200215
0.0511151 0.0972524 0.0891931
0.221211 0.442547 0.1088
0.0760493 0.799648 0.25919
0.0458884 0.444983 0.399496
0.0476123 0.930236 0.391096
0.364467 0.320019 0.182651
0.0796869 0.955321 0.0880228
0.0760493 0.809779 0.189562
0.331275 0.408736 0.0709219
0.086324 0.93126 0.062107
0.34757 0.268779 0.0922098
0.0538779 0.709437 0.295291
0.337361 0.15132 0.341015
0.122337 0.463516 0.187718
0.0721267 0.439683 0.037632
0.0419521 0.841557 0.0559813
0.0760493 0.836002 0.21859
0.0817768 0.440776 0.114392
0.342307 0.325853 0.271325
0.042443 0.370016 0.0891604
0.372957 0.462109 0.345001
0.36836 0.104411 0.380986
0.035353 0.788236 0.369453
0.0614729 0.381869 0.394324
0.293415 0.462109 0.249798
0.227801 0.442177 0.0724957
0.0342067 0.465495 0.124403
0.045454 0.82437 0.321342
0.119508 0.44804  0.025
0.0522451 0.140681 0.339256
0.212324 0.442585 0.121214
0.0489594 0.768728 0.0414537
0.364103 0.462021  0.025
0.348725 0.254251 0.092417
0.0700719 0.648882 0.10722
0.0844034 0.675681 0.0491449
0.0658316 0.615857 0.33215
0.0333309 0.145818 0.0382009
0.0452471 0.67126 0.0857954
0.045454 0.681916 0.131909
0.0357918 0.811597 0.354187
0.0539322 0.125989 0.397272
0.156215 0.442038 0.389336
0.0705535 0.709437 0.281564
0.0356311 0.600222 0.372354
0.0648059 0.10442 0.0771376
0.339402 0.440256 0.338758
