0.0276732 0.722383 0.0582741
0.0722431 0.482248 0.0798805
0.0303342 0.565341 0.0518491
0.532278 0.345253 0.0789941
0.347365 0.498296 0.541647
0.527028 0.246938 0.0817281
0.029017 0.532625 0.545125
0.434307 0.479758 0.444449
0.23672 0.565432 0.364184
0.441975 0.311105 0.0598483
0.425594 0.520848 0.541647
0.308534 0.565432 0.0977837
0.285488 0.536591 0.523747
0.395856 0.552344 0.0730031
0.15639 0.536591 0.0589552
0.535904 0.531476 0.0702413
0.523543 0.54787 0.0831714
0.195406 0.540297 0.0727049
0.0321722 0.447768 0.550903
0.274742 0.479758 0.480632
0.14005 0.530117 0.0727032
0.0542299 0.533059 0.382903
0.092586 0.565432 0.445845
0.0429401 0.28681 0.393315
0.522527 0.656053 0.0457557
0.0409854 0.536591 0.391642
0.0400941 0.510877 0.482624
0.421322 0.565432 0.184929
0.518544 0.381519 0.514912
0.0632289 0.20391 0.545724
0.0566631 0.277248 0.46393
0.192791 0.881464 0.031341
0.379794 0.565432 0.488835
0.436978 0.514434 0.520334
0.521153 0.486017 0.515993
0.499827 0.0778009 0.0744009
0.53221 0.184286 0.0501897
0.19602 0.479758 0.316982
0.507902 0.27498 0.331218
0.0370127 0.120004 0.552908
0.340458 0.565432 0.391087
0.0654067 0.868756 0.0695677
0.501859 0.503174 0.516563
0.473242 0.524259 0.541647
0.323989 0.315413 0.511832
0.0711478 0.536591 0.0718794
0.121648 0.949986 0.0535112
0.536007 0.1301 0.0593547
0.532366 0.861309 0.050566
0.173771 0.479758 0.14254
0.508259 0.553733 0.200443
0.269714 0.302903 0.0460574
0.0614076 0.536123 0.438389
0.293079 0.871876 0.0362015
0.499776 0.557052 0.0742758
0.496301 0.771832 0.0634614
0.0461123 0.479758 0.238673
0.0640515 0.412608 0.543739
0.22426 0.565432 0.389489
0.174002 0.321266 0.519536
0.384193 0.957799 0.041372
0.418288 0.565432 0.20199
0.23129 0.565432 0.33531
0.505063 0.398667 0.519255
0.467722 0.565432 0.284367
0.536359 0.0540806 0.530927
0.0619367 0.112112 0.0779447
0.525491 0.522272 0.553205
0.0400935 0.521484 0.503226
0.0654575 0.429528 0.0600125
0.0372408 0.28034 0.304725
0.521201 0.234672 0.0841412
0.455255 0.565432 0.417697
0.480419 0.886812 0.0536135
0.50185 0.51732 0.153146
0.219434 0.479758 0.462147
0.0604961 0.536591 0.342735
0.30464 0.536591 0.541641
0.166462 0.30626 0.0425722
0.467672 0.536591 0.525535
0.158486 0.479758 0.488333
0.225645 0.479758 0.537064
0.0455589 0.11782 0.514607
0.197437 0.565432 0.139725
0.179727 0.522808 0.520333
0.0608241 0.658021 0.0495786
0.0614139 0.53436 0.210976
0.532611 0.516259 0.0511587
0.17818 0.896467 0.0441809
0.185333 0.483438 0.541646
0.0626749 0.898765 0.0761626
0.041369 0.536591 0.484614
0.31333 0.565432 0.472243
0.120274 0.950011 0.0458296
0.500688 0.424783 0.547203
0.185196 0.565432 0.328296
0.496265 0.0583089 0.536519
0.160709 0.534683 0.520333
0.501781 0.726423 0.050233
0.0841636 0.565432 0.116003
0.501849 0.520579 0.119591
0.144362 0.81759 0.0414333
0.0385301 0.288695 0.0467015
0.501475 0.153146 0.0783802
0.165416 0.876832 0.0460143
0.331401 0.565432 0.105868
0.0733729 0.479758 0.197544
0.0360883 0.782073 0.0817439
0.51945 0.348051 0.0444813
0.0584912 0.561938 0.117124
0.486714 0.860519 0.0555849
0.536986 0.131739 0.06763
0.204993 0.565432 0.367868
0.537692 0.849591 0.0659266
0.500954 0.121003 0.0771206
0.513253 0.381902 0.0450213
0.523941 0.271323 0.252739
0.276987 0.565432 0.172787
0.534334 0.149223 0.0740304
0.287868 0.856563 0.0359533
0.147428 0.318596 0.0429709
0.499225 0.0391933 0.0729465
0.0515024 0.967896 0.0699883
0.506745 0.101546 0.0816304
0.0922009 0.479758 0.226179
0.515547 0.279895 0.0852766
0.24259 0.556662 0.0741238
0.500824 0.564151 0.361846
0.514664 0.479758 0.389626
0.440549 0.536591 0.531716
0.166213 0.565432 0.114013
0.524909  0.273 0.326678
0.0614176 0.525556 0.0602909
0.305931 0.565432 0.14237
0.386969 0.565432 0.320342
0.137121 0.479758 0.403353
0.0626943 0.161724 0.524038
0.13402 0.825581 0.0521166
0.1969 0.483364 0.0585749
0.273771 0.479758 0.0795202
0.0644225 0.417956 0.0575131
0.105357 0.312323 0.510051
0.497883 0.410187 0.540428
0.498933 0.479758 0.0619227
0.0597316 0.536591 0.161353
0.0319579 0.175153 0.550814
0.501859 0.534093 0.537466
0.463017 0.479758 0.388547
0.0669447 0.50291 0.5343
0.0696588 0.877474 0.0688406
0.0486396 0.28681 0.387796
0.330852 0.515079 0.520334
0.030405 0.233201 0.051678
0.219603 0.523344 0.541646
0.505399 0.265997 0.0482753
0.401882 0.479758 0.463182
0.523166 0.512737 0.300183
0.512393 0.536591 0.174122
0.21049 0.479758 0.449471
0.300549 0.565432 0.466118
0.283342 0.961196 0.0250817
0.254158 0.554175 0.526738
0.50185 0.529057 0.163567
0.496446 0.0807088 0.536956
0.075897 0.479758 0.230321
0.534729 0.396858 0.544003
0.0542298 0.542081 0.450931
0.206617 0.479758 0.354226
0.272903 0.479758 0.32998
0.0418813 0.421599 0.554925
0.0663624 0.857654 0.0621978
0.439102 0.824615 0.0435906
0.37962 0.524592 0.0798969
0.265235 0.850712 0.0257806
0.314782 0.479758 0.312854
0.0280994 0.526756 0.54291
0.330939 0.479758 0.175094
0.509028 0.537628 0.268024
0.372335 0.565432 0.242484
0.155189 0.565432 0.243956
0.205281 0.87173 0.029547
0.476732 0.512254 0.520334
0.0582382 0.231486 0.519289
0.273505 0.536591 0.538792
0.386576 0.854589 0.0443973
0.504491 0.432586 0.519492
0.536502 0.30155 0.531274
0.0610429 0.636191 0.0797893
0.487176 0.565432 0.41885
0.533932 0.101217 0.0543461
0.521364 0.187884 0.0452741
0.0947003 0.479758 0.187131
0.0542296 0.532252 0.511404
0.264801 0.479758 0.531502
0.0517037 0.479758 0.486772
0.523169 0.53608 0.429147
0.402848 0.565432 0.113359
0.497954 0.565432 0.119371
0.487324 0.479758 0.0747222
0.321366 0.82097 0.0268927
0.0563232 0.278601 0.481264
0.373333 0.948865 0.0317539
0.40852 0.829723 0.0475496
0.473939 0.479758 0.271742
0.509025 0.550451 0.141424
0.0614093 0.496686 0.376757
0.521826 0.536591 0.322098
0.102339 0.544674 0.072702
0.115867 0.565432 0.319034
0.0290255 0.0629418 0.525911
0.47636 0.507079 0.520334
0.333837 0.479758 0.536056
0.254888 0.533263 0.520333
0.301515 0.565432 0.329637
0.181172 0.479758 0.128342
0.0285951 0.562181 0.0560482
0.0445476 0.102879 0.556029
0.0595154 0.491796 0.0804219
0.2714 0.543482 0.527506
0.510609 0.229361 0.554036
0.286025 0.886638 0.0252095
0.0614149 0.483509 0.176397
0.245994 0.479758 0.23704
0.501564 0.914909 0.0713376
0.261913 0.31262 0.530809
0.458343 0.891746 0.0482469
0.420632 0.479758 0.298725
0.223193 0.565432 0.213826
0.442252 0.549049 0.0727126
0.501859 0.49969 0.527079
0.0942312 0.931278 0.0617449
0.199992 0.479758 0.522681
0.159526 0.479758 0.0973282
0.372728 0.565432 0.120056
0.253648 0.488446 0.541646
0.410337 0.514957 0.520334
0.0483504 0.536591 0.510669
0.323384 0.479758 0.32065
0.498927 0.590863 0.057123
0.52316 0.486165 0.0957829
0.030921 0.662696 0.0504321
0.253251 0.565432 0.338512
0.372528 0.565432 0.510237
0.179218 0.479758 0.296072
0.536586 0.39996 0.531476
0.510687 0.360806 0.0832636
0.469926 0.903666 0.05105
0.474177 0.565432 0.201135
0.431214 0.479758 0.521867
0.0871676 0.529167 0.527511
0.143547 0.565432 0.25408
0.457971 0.479758 0.166829
0.125492 0.565432 0.221717
0.509745 0.357476 0.0828731
0.0481378 0.128261 0.515103
0.13484 0.479758 0.332627
0.0645818 0.479758 0.327551
0.503029 0.772278 0.049257
0.153115 0.565432 0.464063
0.114555 0.943246 0.0459121
0.415531 0.536591 0.0760976
0.306202 0.303457 0.0554346
0.451858 0.536591 0.059396
0.181195 0.494385 0.541646
0.50493 0.375332 0.0808787
0.480561 0.565432 0.200895
0.0918101 0.821029 0.0623308
0.35652 0.551829 0.0728676
0.0646861 0.608396 0.0713075
0.337501 0.536591 0.537172
0.49791 0.384262 0.0595767
0.105326 0.4861 0.520333
0.0401024 0.525865 0.187249
0.496023 0.479663 0.0641341
0.435639 0.479758 0.463841
0.0672821 0.479758 0.359848
0.0403007 0.269599 0.150937
0.53605 0.320728 0.0594573
0.0415435 0.135781 0.554785
0.378248 0.565432 0.244257
0.445727 0.501429 0.541647
0.517878 0.479758 0.0996773
0.0614141 0.499799 0.205706
0.046873 0.136217 0.0856578
0.0614131 0.530857 0.240302
0.501115 0.345157 0.548235
0.192782 0.565432 0.371087
0.505269 0.233955 0.0483291
0.301752 0.84912 0.0259585
0.0484297 0.331404 0.0444446
0.0620859 0.563955 0.368507
0.0401054 0.52828 0.08135
0.500461 0.400967 0.0759304
0.366959 0.479758 0.360479
0.412608 0.531354 0.0798986
0.529622 0.385708 0.0486941
0.0662199 0.191235 0.538505
0.234605 0.307806 0.041681
0.441755 0.524375 0.527502
0.0392627 0.319467 0.55384
0.415664 0.479758 0.532708
0.448512 0.872423 0.0458679
0.227816 0.536269 0.520333
0.207526 0.536591 0.535349
0.057106 0.560628 0.159804
0.206715 0.479758 0.441834
0.496323 0.207093 0.0659388
0.256918 0.960529 0.0261767
0.518294 0.268445 0.376038
0.422763 0.479758 0.47047
0.0395054 0.560371 0.541244
0.534199 0.0429856 0.0549905
0.486342 0.894395 0.0554684
0.502605 0.738743 0.0494329
0.40734 0.565432 0.264744
0.0879666 0.563556 0.0787933
0.0494148 0.248658 0.0846051
0.505782 0.536591 0.475995
0.449705 0.479758 0.274957
0.19873 0.867281 0.0412289
0.28919 0.510441 0.0585798
0.443462 0.523731 0.0799003
0.502647 0.51253 0.0494154
0.0614165 0.530644 0.118845
0.116984 0.89867 0.0562391
0.506411 0.683098 0.047856
0.511427 0.682734 0.0457778
0.0585365 0.211915 0.0486311
0.0287421 0.792828 0.0556932
0.354229 0.834829 0.0290097
0.0614057 0.53138 0.505607
0.497035 0.500464 0.541647
0.357233 0.565432 0.360737
0.0262449 0.163506 0.0617227
0.309506 0.479758 0.0851178
0.491351 0.479758 0.150636
0.510171 0.284203 0.229069
0.0607338 0.905969 0.0716355
0.380916 0.914486 0.0435842
0.0706993 0.89092 0.0685148
0.0691915 0.319647 0.514281
0.476879 0.515933 0.0799021
0.517367 0.443521 0.55657
0.363359 0.479758 0.350414
0.265355 0.943357 0.0364309
0.359498 0.479758 0.395301
0.0985769 0.526304 0.0727019
0.0628693 0.479758 0.0806057
0.398108 0.519635 0.0585856
0.275604 0.479758 0.270491
0.46806 0.479758 0.481344
0.519516 0.28681 0.415055
0.511933 0.0338066 0.554584
0.523076 0.193007 0.554206
0.0400985 0.484459 0.326274
0.0401004 0.491351 0.259163
0.463409 0.895787 0.0603876
0.508205 0.553913 0.226183
0.242905 0.49083 0.541646
0.0519638 0.0497222 0.0835494
0.151621 0.503123 0.0585724
0.532884 0.475751 0.0518171
0.523163 0.529472 0.208594
0.214084 0.830831 0.0282825
0.442254 0.565432 0.516852
0.509025 0.532314 0.113031
0.0852215 0.479758 0.526353
0.506446 0.277495 0.243341
0.520244 0.308352 0.0845375
0.030963 0.681285 0.0791263
0.191168 0.565432 0.409482
0.0620047 0.341172 0.548679
0.141154 0.302899 0.524559
0.472805 0.513885 0.0585896
0.0526156 0.270239 0.49734
0.344972 0.831974 0.028017
0.0825174 0.536591 0.529713
0.39771 0.479758 0.230409
0.31313 0.307177 0.0575821
0.115768 0.479758 0.439299
0.537146 0.461333 0.532829
0.0373585 0.849285 0.08227
0.249257 0.479758 0.0919498
0.509026 0.534694 0.203017
0.257816 0.565432 0.453662
0.266477 0.565432 0.184982
0.501857 0.486148 0.427903
0.533612 0.150548 0.524296
0.0279566 0.699051 0.0575898
0.429215 0.565432 0.508406
0.501859 0.522407 0.520808
0.523163 0.492913 0.217483
0.0268063 0.738781 0.0603672
0.507407 0.206605 0.0819048
0.501853 0.483663 0.296302
0.257345 0.479758 0.353149
0.501903 0.950206 0.0794133
0.0400996 0.496746 0.286199
0.0271951 0.531705 0.530329
0.52317 0.480299 0.481138
0.465886 0.536591 0.532332
0.279656 0.479758 0.102427
0.0657909 0.617702 0.0608176
0.056176 0.540543 0.0476533
0.385197 0.565432 0.12639
0.0734298 0.536591 0.524045
0.116441 0.926122 0.0454556
0.510276 0.269426 0.0462549
0.063985 0.243178 0.0564565
0.501719 0.434968 0.0503821
0.2074 0.916002 0.0292426
0.505927 0.536591 0.411471
0.318747 0.49239 0.520334
0.50715 0.276277 0.264427
0.0991625 0.531013 0.541646
0.0614058 0.489037 0.502635
0.444952 0.565432 0.511716
0.35811 0.565432 0.508106
0.0581225 0.348404 0.519241
0.532269 0.668839 0.050332
0.0546371 0.479758 0.155634
0.0423527 0.268436 0.0995663
0.394963 0.512212 0.541647
0.196497 0.479758 0.441318
0.493899 0.532254 0.520334
0.259933 0.50487 0.520333
0.125687 0.511205 0.541646
0.0293072 0.488449 0.0751282
0.229569 0.565432 0.325479
0.206012 0.479758 0.398938
0.501857 0.530148 0.460216
0.507884 0.275005 0.245855
0.201585 0.321266 0.0470784
0.0853951 0.565432 0.358693
0.512474 0.266365 0.554809
0.0400948 0.522853 0.456692
0.0614166 0.523841 0.0779491
0.0671793 0.0274525 0.534867
0.434807 0.517179 0.0585876
0.168131 0.565432 0.176975
0.455982 0.320733 0.0554264
0.386491 0.536591 0.521378
0.0667345 0.290661 0.533793
0.519383 0.236795 0.0848944
0.0363131 0.278734 0.164657
0.153322 0.479758 0.333209
0.536921 0.142444 0.0677877
0.0614116 0.490715 0.294772
0.466805 0.565432 0.0957656
0.0486877 0.546013 0.0445515
0.0554999 0.423941 0.518154
0.379625 0.491314 0.520334
0.107467 0.556854 0.526043
0.501897 0.27171 0.520876
0.501327 0.386629 0.0780205
0.100724 0.479758 0.507828
0.0434987 0.16365 0.555595
0.334326 0.565432 0.216596
0.500779 0.479758 0.139378
0.509032 0.537203 0.452085
0.0305073 0.208686 0.051431
0.0448103 0.890546 0.0440999
0.161834 0.819161 0.0357878
0.351308 0.565432 0.146213
0.509253 0.272625 0.113143
0.355269 0.491349 0.541647
0.233768 0.536591 0.541514
0.118169 0.305831 0.0428193
0.199719 0.565432 0.414388
0.394387 0.536591 0.535503
0.414781 0.5357 0.0727118
0.0507045 0.02966 0.516167
0.444152 0.492113 0.0799003
0.388838 0.538805 0.527503
0.444554 0.912557 0.0558248
0.0426493 0.853375 0.0844617
0.437852 0.479758 0.405837
0.105122 0.509443 0.520333
0.0325703 0.147521 0.519985
0.509027 0.529431 0.232234
0.345437 0.479758 0.199533
0.509031 0.538276 0.40282
0.514919 0.209581 0.0443313
0.174975 0.536591 0.525942
0.0614146 0.533346 0.186559
0.314562 0.81759 0.0313219
0.523387 0.284902 0.505317
0.400417 0.534898 0.541647
0.114662 0.536591 0.529009
0.533585 0.417846 0.524231
0.168683 0.520348 0.541646
0.262609 0.536591 0.52055
0.500138 0.799474 0.0541979
0.501855 0.496707 0.365098
0.0584403 0.177197 0.0485912
0.523169 0.528919 0.439869
0.0411527 0.514403 0.0798788
0.0542297 0.530307 0.463691
0.424328 0.521272 0.541647
0.0647686 0.430082 0.0583489
0.315527 0.489736 0.541647
0.0460906 0.243052 0.556668
0.453386 0.319983 0.0558597
0.0542299 0.530993 0.391653
0.0905665 0.479758 0.504471
0.0658163 0.326111 0.531576
0.449909 0.541167 0.527502
0.291212 0.526651 0.0585799
0.250412 0.891695 0.0371425
0.297103 0.502817 0.0585802
0.536804 0.302986 0.538995
0.497166 0.291196 0.538696
0.0436028 0.286808 0.334766
0.291925 0.510429 0.520334
0.0261961 0.394629 0.532741
0.0298881 0.542396 0.547228
0.517516 0.479758 0.321217
0.175618 0.479758 0.421539
0.0659659 0.0270801 0.0682178
0.0503036 0.479758 0.249243
0.496894 0.497729 0.0799031
0.359276 0.506312 0.0798958
0.0638822 0.179829 0.526906
0.514696 0.305903 0.515266
0.130613 0.565432 0.169663
0.536843 0.465781 0.0679747
0.149266 0.479758 0.363711
0.422608 0.479758 0.0686383
0.213724 0.479758 0.228733
0.416907 0.928934 0.0382197
0.293055 0.51831 0.05858
0.468741 0.479758 0.293462
0.5317 0.144348 0.520363
0.517799 0.425739 0.514603
0.384351 0.483347 0.0585849
0.434436 0.917762 0.0424616
0.146653 0.565432 0.348674
0.0530805 0.444341 0.0463711
0.137555 0.302899 0.0517112
0.0532754 0.479758 0.373722
0.163683 0.532138 0.0727039
0.0400978 0.51807 0.349452
0.390245 0.479758 0.0996383
0.254019 0.488339 0.541646
0.306075 0.479758 0.512509
0.398676 0.525776 0.527503
0.501019 0.445785 0.0520722
0.497508 0.479758 0.158318
0.466582 0.479758 0.420746
0.0614724 0.563611 0.211135
0.23914 0.479758 0.493162
0.0554565 0.275162 0.189591
0.491695 0.565432 0.317634
0.195382 0.479758 0.464984
0.522799 0.908534 0.0834797
0.0542305 0.548994 0.147697
0.147667 0.511073 0.0798845
0.534959 0.955911 0.0725236
0.369592 0.479758 0.503921
0.505401 0.861539 0.0810736
0.0416689 0.330773 0.0454012
0.523162 0.505038 0.157236
0.0294997 0.422272 0.075593
0.0538865 0.841821 0.0467049
0.536136 0.541002 0.0596639
0.405269 0.479758 0.118294
0.478592 0.536591 0.532675
0.506589 0.559191 0.143054
0.0280618 0.246585 0.54282
0.0961289 0.525961 0.520333
0.189822 0.479758 0.311953
0.501408 0.674942 0.0511328
0.514526 0.180106 0.555659
0.523162 0.518987 0.168227
0.50185 0.525865 0.168296
0.45813 0.479758 0.533798
0.358052 0.893011 0.0295589
0.512967 0.510881 0.555013
0.461817 0.823723 0.0490877
0.0561761 0.373434 0.552621
0.386364 0.494141 0.541647
0.283647 0.520788 0.541647
0.302184 0.479758 0.118204
0.453983 0.565432 0.326047
0.523166 0.524282 0.303408
0.0560669 0.275984 0.0476081
0.0296323 0.231058 0.524446
0.254149 0.479758 0.0828606
0.487394 0.479758 0.337956
0.096846 0.540673 0.52751
0.254554 0.479758 0.49011
0.501849 0.534911 0.123626
0.536264 0.776559 0.0693716
0.254506 0.479758 0.267277
0.0507493 0.520623 0.0454054
0.369464 0.479758 0.52368
0.0482349 0.479758 0.110293
0.362138 0.565432 0.380925
0.0944522 0.565432 0.196355
0.0667557 0.734567 0.0631476
0.409808 0.565432 0.206017
0.360786 0.565432 0.149579
0.509025 0.53663 0.111219
0.498851 0.945464 0.0697301
0.172147 0.948332 0.0450475
0.0258395 0.677486 0.0627016
0.509029 0.534541 0.331405
0.244366 0.504264 0.520333
0.214471 0.560348 0.0750842
0.0302646 0.286844 0.52292
0.136108 0.482117 0.0798839
0.0614147 0.489218 0.184239
0.110474 0.479758 0.247458
0.523167 0.529842 0.367415
0.066234 0.627741 0.0618877
0.445852 0.565432 0.1012
0.512707 0.268449 0.490674
0.0489698 0.268441 0.213816
0.507112 0.276339 0.215899
0.52316 0.500253 0.0913355
0.424293 0.479758 0.260142
0.513403 0.536591 0.172428
0.507556 0.157616 0.0819665
0.154374 0.565432 0.332725
0.0808702 0.479758 0.149189
0.230059 0.479758 0.492061
0.0633338 0.482509 0.074572
0.346838 0.926538 0.0281059
0.523169 0.505256 0.448716
0.0857202 0.479758 0.312241
0.106407 0.89474 0.0478838
0.431629 0.479758 0.18786
0.494276 0.565432 0.192676
0.0624327 0.229137 0.547646
0.0280168 0.226653 0.0574443
0.34297 0.479758 0.465568
0.250468 0.565432 0.308345
0.164632 0.481948 0.541646
0.286781 0.479758 0.389014
0.0313608 0.0726084 0.0797856
0.535113 0.962353 0.0721511
0.0315882 0.34345 0.520392
0.30683 0.565432 0.0994731
0.470266 0.515118 0.541647
0.0271202 0.17396 0.53051
0.24693 0.521033 0.520333
0.36504 0.565432 0.376371
0.274891 0.479758 0.14222
0.273426 0.565432 0.179877
0.109236 0.536591 0.539101
0.0542305 0.5395 0.168447
0.517006 0.326917 0.556686
0.148053 0.869826 0.0487208
0.114371 0.479758 0.135788
0.197646 0.565432 0.146888
0.455657 0.479758 0.477872
0.386567 0.914788 0.044396
0.0400946 0.485796 0.46508
0.478749 0.479758 0.538908
0.333481 0.901545 0.0381256
0.0400977 0.495472 0.353436
0.475379 0.909142 0.0523695
0.482836 0.492527 0.520334
0.0400943 0.496774 0.474086
0.0592393 0.111828 0.0805362
0.0527473 0.270469 0.334764
0.206795 0.479758 0.309774
0.0397771 0.962869 0.0832719
0.176464 0.479758 0.333954
0.430677 0.479758 0.498204
0.460444 0.481776 0.541647
0.438827 0.565432 0.157381
0.438709 0.823912 0.0434956
0.215572 0.479758 0.492119
0.447539 0.943876 0.0456323
0.172593 0.479758 0.080327
0.401588 0.565432 0.455549
0.0279726 0.118286 0.0719059
0.501504 0.267322 0.0784494
0.534312 0.945889 0.0740837
0.0271538 0.0537626 0.530429
0.460519 0.302909 0.0548712
0.485313 0.565432 0.0877629
0.466702 0.479758 0.261083
0.343158 0.479758 0.490078
0.373291 0.565432 0.474442
0.0985056 0.479758 0.422278
0.0531692 0.2712 0.335957
0.483337 0.917102 0.0545274
0.383372 0.565432 0.415087
0.0401028 0.515889 0.173663
0.501871 0.532386 0.065811
0.240375 0.479758 0.201742
0.229709 0.936626 0.0274724
0.0963602 0.321263 0.519846
0.356962 0.31949 0.0561423
0.124786 0.543716 0.52751
0.256926 0.846901 0.0368323
0.259399 0.565432 0.277926
0.523164 0.523619 0.250471
0.059667 0.550717 0.524055
0.523171 0.488452 0.503111
0.0401021 0.527485 0.197271
0.170839 0.533153 0.527509
0.370685 0.864076 0.0313735
0.282891 0.479758 0.253564
0.0710763 0.927249 0.0683967
0.537201 0.430458 0.062236
0.396134 0.531554 0.520334
0.437044 0.887638 0.0430925
0.531071 0.66179 0.0492942
0.296799 0.530501 0.520334
0.210292 0.479758 0.326873
0.533597 0.595155 0.0758093
0.509026 0.544339 0.162775
0.354011 0.565432 0.113408
0.524908 0.28226 0.432748
0.499271 0.790179 0.0562906
0.343518 0.565432 0.342862
0.196539 0.565432 0.167644
0.14369 0.503056 0.520333
0.496168 0.942702 0.065564
0.0651655 0.25396 0.54105
0.0761853 0.565432 0.360565
0.0285494 0.90248 0.0561584
0.303762 0.96525 0.0292753
0.509053 0.298199 0.517602
0.184216 0.868822 0.0325728
0.492998 0.851154 0.0575528
0.294366 0.81759 0.0340803
0.536737 0.505371 0.539155
0.190417 0.530533 0.520333
0.124609 0.943893 0.0543939
0.0450534 0.479758 0.14677
0.383432 0.303286 0.0553345
0.331636 0.479758 0.146897
0.341454 0.479758 0.200994
0.337011 0.316154 0.51226
0.0516994 0.286588 0.209221
0.37083 0.508714 0.541647
0.415804 0.319106 0.0432616
0.50949 0.28302 0.406928
0.192739 0.863303 0.0420896
0.0674365 0.251504 0.535568
0.404686 0.565432 0.515208
0.534304 0.466959 0.0552426
0.0654673 0.324608 0.0600362
0.283613 0.907408 0.0250946
0.501859 0.52018 0.532615
0.336107 0.479758 0.0953043
0.128727 0.523054 0.0585712
0.163719 0.302899 0.525084
0.398124 0.93777 0.035315
0.447149 0.565432 0.351377
0.409602 0.565432 0.240468
0.50903 0.527374 0.374626
0.445186 0.479758 0.521465
0.407514 0.526274 0.0727115
0.268437 0.479758 0.434497
0.0631666 0.876646 0.0597712
0.183092 0.926086 0.0327342
0.395789 0.539456 0.527503
0.172307 0.565432 0.292084
0.537407 0.819136 0.0627312
0.0255876 0.891962 0.0661473
0.435119 0.492503 0.541647
0.270574 0.561007 0.0752574
0.36685 0.563377 0.0785287
0.195002 0.523083 0.541646
0.0272152 0.034888 0.540776
0.310682 0.565432 0.507619
0.506744 0.462142 0.047718
0.0670264 0.1874 0.0638013
0.429034 0.479758 0.484126
0.536089 0.540412 0.0595518
0.309572 0.826926 0.036987
0.513306 0.146956 0.0843484
0.0928176 0.479758 0.124497
0.271019 0.524598 0.520333
0.0659631 0.597466 0.0682245
0.140209 0.565432 0.405302
0.0445643 0.518031 0.085255
0.516745 0.536591 0.504799
0.318818 0.532327 0.520334
0.386267 0.521087 0.520334
0.465716 0.489574 0.0585893
0.0515718 0.0862524 0.516526
0.501611 0.078077 0.521567
0.0437897 0.426225 0.0445227
0.499731 0.0759391 0.0551805
0.0381928 0.27327 0.431186
0.0463071 0.268439 0.175078
0.0556049 0.555721 0.423892
0.102058 0.565432 0.110004
0.523163 0.496769 0.204252
0.273051 0.479758 0.394234
0.0586747 0.742872 0.0486883
0.497724 0.394734 0.530951
0.0458568 0.442536 0.556571
0.407428 0.490196 0.541647
0.53131 0.798275 0.0493932
0.394986 0.479758 0.496275
0.392398 0.941376 0.0344925
0.0615813 0.0281569 0.0506515
0.0825612 0.565432 0.0919528
0.536665 0.0922249 0.0684044
0.23357 0.827686 0.0272886
0.507684 0.523284 0.0832486
0.456082 0.479758 0.472563
0.44787 0.479758 0.439677
0.237036 0.479758 0.218007
0.509026 0.534827 0.172463
0.500558 0.564301 0.349723
0.506598 0.559179 0.382701
0.438498 0.479758 0.52831
0.501859 0.510631 0.537353
0.329718 0.319407 0.0434365
0.394906 0.536591 0.059058
0.501858 0.492329 0.468918
0.410843 0.308573 0.511942
0.360185 0.479758 0.249533
0.53542 0.345852 0.542334
0.498941 0.403989 0.0570885
0.0403969 0.651465 0.0835287
0.209879 0.320419 0.514724
0.192172 0.565432 0.506405
0.501852 0.513337 0.241856
0.187941 0.491259 0.541646
0.0582854 0.536591 0.125962
0.0614123 0.523569 0.270159
0.0289741 0.501508 0.526035
0.235855 0.479758 0.0933817
0.124453 0.479758 0.47045
0.535438 0.52376 0.0579795
0.0518668 0.73232 0.0835896
0.396256 0.498465 0.520334
0.165888 0.565432 0.154106
0.534888 0.51074 0.543619
0.255863 0.479758 0.424214
0.0598061 0.562676 0.423251
0.274597 0.522963 0.0727074
0.521429 0.495721 0.0798801
0.523169 0.497408 0.427323
0.520271 0.28681 0.410277
0.0513916 0.839332 0.0837864
0.148983 0.930896 0.0376337
0.0301864 0.974783 0.0621342
0.102524 0.565209 0.0813054
0.1209 0.918623 0.0443766
0.528759 0.425865 0.551852
0.211363 0.536591 0.533154
0.460206 0.479758 0.460951
0.0401012 0.495313 0.227378
0.509217 0.427832 0.0826547
0.481454 0.547587 0.0727139
0.251939 0.81759 0.0316339
0.140768 0.479758 0.364009
0.502423 0.393156 0.550645
0.14877 0.565432 0.16124
0.504483 0.241517 0.0806935
0.358029 0.479758 0.532017
0.217347 0.479758 0.519594
0.168093 0.479758 0.193092
0.197589 0.524571 0.541646
0.389623 0.318079 0.527659
0.117991 0.565432 0.203353
0.505418 0.561574 0.361985
0.0883989 0.565432 0.426832
0.363642 0.535904 0.541647
0.437244 0.505682 0.520334
0.0590226 0.127531 0.0488324
0.501851 0.49019 0.202878
0.115259 0.911483 0.0566565
0.0400943 0.487761 0.472544
0.254102 0.565432 0.467754
0.368462 0.479758 0.445671
0.325212 0.565432 0.146847
0.175516 0.565432 0.422192
0.443322 0.852249 0.0446119
0.495918 0.242709 0.53531
0.056995 0.110838 0.0479925
0.28556 0.565432 0.285458
0.338956 0.565432 0.115151
0.0369855 0.691398 0.0473414
0.536171 0.317822 0.540521
0.0280581 0.701494 0.0721124
0.129011 0.536486 0.541646
0.0549528 0.274288 0.376891
0.347474 0.479758 0.295165
0.200508 0.565432 0.0863402
0.0542304 0.540383 0.215108
0.532975 0.26008 0.0520371
0.103018 0.479758 0.259481
0.501856 0.527183 0.38292
0.22547 0.479758 0.387769
0.528313 0.41349 0.552037
0.298789 0.565432 0.11811
0.457886 0.479758 0.412985
0.27088 0.483706 0.520333
0.501854 0.513037 0.330712
0.10381 0.479758 0.29427
0.287203 0.313552 0.0400572
0.416052 0.565432 0.464379
0.501859 0.490312 0.531785
0.313355 0.479758 0.304984
0.290808 0.843904 0.0360933
0.509028 0.540192 0.29877
0.0524286 0.339208 0.0461011
0.509033 0.534748 0.498873
0.251819 0.55982 0.525266
0.0416191 0.719928 0.0840349
0.161602 0.894856 0.0358211
0.503545 0.145263 0.519883
0.111597 0.565432 0.354879
0.0859542 0.535079 0.0798812
0.364129 0.528617 0.0585838
0.164508 0.479758 0.518756
0.489056 0.565432 0.364093
0.451933 0.311694 0.510141
0.142452 0.519468 0.541646
0.0413462 0.889427 0.0839219
0.469682 0.518344 0.0585895
0.501853 0.531734 0.295341
0.193501 0.565432 0.314202
0.478818 0.479758 0.540468
0.0656969 0.609781 0.0605906
0.116352 0.565432 0.473679
0.219998 0.479758 0.33906
0.10909 0.530212 0.52751
0.320776 0.524397 0.520334
0.475714 0.49652 0.520334
0.536007 0.256883 0.53008
0.256498 0.565432 0.118542
0.148708 0.565432 0.290587
0.051177 0.42174 0.0838752
0.308216 0.547151 0.527505
0.415401 0.479758 0.247718
0.178574 0.479758 0.214119
0.228522 0.316196 0.0580419
0.500375 0.336518 0.053627
0.178884 0.479758 0.287498
0.534063 0.521996 0.0546612
0.141211 0.479758 0.321903
0.526466 0.279552 0.303748
0.19479 0.565432 0.431746
0.170986 0.479758 0.331702
0.439123 0.49672 0.0585878
0.0401007 0.50822 0.246918
0.238959 0.479758 0.215691
0.0630286 0.875941 0.0541467
0.328637 0.479758 0.413878
0.205293 0.479758 0.0822
0.33623 0.565432 0.295018
0.419792 0.516733 0.0585868
0.135745 0.565432 0.0874556
0.497397 0.262438 0.0685323
0.0395908 0.284412 0.210142
0.411166 0.565432 0.363294
0.102076 0.548933 0.072702
0.516475 0.595159 0.0436866
0.345673 0.479758 0.368154
0.194016 0.494137 0.541646
0.202261 0.553715 0.526858
0.0716201 0.52045 0.520333
0.343089 0.565432 0.341968
0.499843 0.403486 0.545161
0.245934 0.479758 0.192746
0.513594 0.310555 0.0844676
0.0791999 0.479758 0.510688
0.0858015 0.565432 0.449998
0.306186 0.482216 0.541647
0.37412 0.559974 0.525223
0.274918 0.479758 0.416804
0.221104 0.490024 0.0585762
0.382992 0.565432 0.0872766
0.501871 0.426501 0.550059
0.523168 0.523633 0.390738
0.255136 0.479758 0.128348
0.17831 0.479758 0.146243
0.0640856 0.834814 0.0566994
0.225452 0.479758 0.100771
0.278433 0.869888 0.0358082
0.30529 0.479758 0.175457
0.0894249 0.536591 0.0776789
0.205298 0.92764 0.0402856
0.0606243 0.882596 0.0799626
0.466192 0.502333 0.541647
0.238447 0.479758 0.141561
0.0527589 0.536591 0.415052
0.399649 0.502384 0.541647
0.526054 0.0951788 0.518024
0.0614065 0.534028 0.478209
0.0305743 0.150325 0.0781877
0.44173 0.503802 0.0799002
0.376512 0.485657 0.520334
0.319356 0.479758 0.172924
0.518854 0.125076 0.555954
0.523164 0.516666 0.25261
0.0353141 0.244959 0.552204
0.504896 0.428146 0.519324
0.509026 0.537053 0.193734
0.0466795 0.536591 0.227923
0.0878721 0.479758 0.187595
0.0565425 0.278194 0.0977496
0.254828 0.479758 0.428323
0.0259965 0.120325 0.537834
0.229229 0.532625 0.072706
0.47336 0.565432 0.374581
0.507743 0.390243 0.552849
0.061409 0.535893 0.386463
0.272735 0.479758 0.129966
0.404697 0.526516 0.541647
0.511745 0.479758 0.334781
0.0440429 0.276123 0.085039
0.271586 0.565432 0.506584
0.530436 0.582489 0.0803167
0.101988 0.524453 0.541646
0.464315 0.907174 0.0496922
0.07815 0.565432 0.463369
0.296602 0.540714 0.527506
0.0736118 0.565432 0.147236
0.041733 0.286811 0.439721
0.302757 0.565432 0.244583
0.512815 0.286803 0.116763
0.044031 0.361453 0.51524
0.0972486 0.514002 0.520333
0.221481 0.561132 0.0752889
0.134716 0.565432 0.262628
0.22305 0.561476 0.0756372
0.0677802 0.479758 0.143497
0.206878 0.497493 0.520333
0.217685 0.506333 0.520333
0.0507672 0.268442 0.263765
0.0775578 0.565432 0.113579
0.523165 0.493649 0.296661
0.382267 0.514887 0.520334
0.274703 0.565432 0.205514
0.513711 0.291477 0.515674
0.536569 0.636888 0.0686357
0.0375588 0.75725 0.0471039
0.292587 0.484752 0.05858
0.13758 0.479758 0.529031
0.532778 0.126868 0.522282
0.0596788 0.0952647 0.519886
0.413852 0.533493 0.527503
0.030384 0.221087 0.0517289
0.22073 0.843535 0.0279
0.269004 0.31964 0.0560544
0.089089 0.565432 0.5169
0.45806 0.893549 0.0590933
0.166775 0.930101 0.0458191
0.470751 0.479758 0.387879
0.209652 0.565432 0.228548
0.404555 0.479758 0.367926
0.300218 0.565432 0.46373
0.268109 0.479758 0.165216
0.506111 0.168097 0.0479804
0.153151 0.479758 0.217687
0.198521 0.479758 0.196099
0.0646904 0.462524 0.05816
0.203836 0.52365 0.541646
0.511176 0.137128 0.0834662
0.0875396 0.565432 0.46109
0.14652 0.565432 0.162987
0.301067 0.479758 0.529701
0.506375 0.77767 0.0478709
0.497584 0.586272 0.0689828
0.30952 0.525156 0.541647
0.0291112 0.584629 0.0548019
0.27418 0.565432 0.286213
0.363554 0.532414 0.520334
0.0965578 0.521952 0.0798818
0.501859 0.522128 0.53935
0.496962 0.301105 0.538202
0.175791 0.479758 0.482079
0.0391624 0.283669 0.293034
0.047664 0.0782435 0.556146
0.514152 0.536591 0.168945
0.272161 0.535844 0.520333
0.533313 0.116932 0.0528529
0.523162 0.529635 0.157558
0.523163 0.531269 0.196651
0.523167 0.485144 0.35957
0.318419 0.479758 0.0951918
0.0563118 0.276643 0.269338
0.0509413 0.0781616 0.516265
0.501857 0.484729 0.436852
0.300842 0.479758 0.112633
0.0825728 0.565432 0.373861
0.426091 0.536591 0.530804
0.0318459 0.101179 0.0494705
0.0643726 0.065226 0.542964
0.0530637 0.398398 0.0463641
0.208833 0.565432 0.284175
0.0542301 0.544749 0.307621
0.500939 0.328476 0.523189
0.413079 0.914319 0.0374633
0.505058 0.287879 0.519257
0.0792751 0.552283 0.527235
0.32175 0.565432 0.364482
0.0282092 0.94646 0.0569798
0.0393872 0.760791 0.0831104
0.52317 0.507995 0.479743
0.150951 0.561305 0.524838
0.382785 0.565432 0.177707
0.355339 0.565432 0.275835
0.0614053 0.509285 0.520527
0.317208 0.490518 0.541647
0.0401036 0.502403 0.143186
0.195641 0.565432 0.395896
0.424302 0.479758 0.412855
0.512271 0.926352 0.0839197
0.500388 0.464666 0.0757534
0.0357428 0.277511 0.408567
0.509827 0.536591 0.360183
0.330651 0.316641 0.528488
0.307392 0.535511 0.520334
0.297699 0.565432 0.231897
0.1258 0.479758 0.293335
0.0416667 0.417234 0.0840546
0.272089 0.565432 0.187643
0.376449 0.508304 0.541647
0.0542303 0.542029 0.246418
0.0400933 0.482109 0.509558
0.0614091 0.535077 0.385372
0.084593 0.479758 0.444943
0.220205 0.485601 0.541646
0.278834 0.52236 0.0585792
0.159468 0.565432 0.359524
0.0533494 0.554898 0.0464825
0.0614111 0.396158 0.0792136
0.377022 0.533865 0.541647
0.0626483 0.230672 0.0762268
0.0415667 0.536591 0.464246
0.501854 0.522404 0.338724
0.131552 0.874284 0.0527137
0.502997 0.331674 0.550883
0.237698 0.562203 0.523471
0.0407572 0.962179 0.0836779
0.185713 0.565432 0.482074
 0.136 0.565432 0.466552
0.53448 0.192447 0.0556689
0.283055 0.509118 0.0585795
0.0632927 0.594726 0.0547846
0.275813 0.565432 0.190355
0.0539898 0.412338 0.0827103
0.528115 0.455865 0.0812779
0.258932 0.818903 0.0367368
0.0633813 0.454918 0.525697
0.50347 0.880075 0.0490743
0.51581 0.153052 0.0439623
0.520803 0.268445 0.390664
0.388414 0.565432 0.409919
0.0406123 0.376326 0.0458389
0.501854 0.511367 0.338552
0.055286 0.280383 0.283028
0.065164 0.704503 0.0701538
0.246051 0.479758 0.21849
0.0309487 0.131844 0.521269
0.512393 0.286811 0.403561
0.218789 0.565432 0.247506
0.537191 0.491921 0.0622117
0.523171 0.518445 0.51277
0.522716 0.479758 0.519456
0.505883 0.549952 0.0788993
0.25828 0.536591 0.528372
0.0614131 0.495135 0.241608
0.0533552 0.479758 0.341704
0.53038 0.705052 0.0490082
0.296361 0.532502 0.520334
0.0499818 0.286802 0.0824488
0.508557 0.542087 0.514868
0.512236 0.655141 0.0839051
0.400662 0.948378 0.0464207
0.154115 0.492541 0.541646
0.0477036 0.277913 0.514924
0.0441495 0.28681 0.409802
0.417018 0.501633 0.0798989
0.499648 0.728376 0.0553823
0.18376 0.565432 0.108246
0.149876 0.565432 0.377413
0.183254 0.309668 0.0406044
0.0459754 0.317079 0.55662
0.498433 0.480714 0.541647
0.0507158 0.298073 0.516172
0.126136 0.537545 0.0727027
0.211951 0.529476 0.0727054
0.0542296 0.530724 0.510685
0.203917 0.565432 0.0930236
0.418553 0.565432 0.241776
0.0614164 0.525667 0.123424
0.0488249 0.957905 0.0446083
0.0293926 0.101571 0.546032
0.301793 0.479758 0.0963358
0.446606 0.565432 0.168062
0.195605 0.515715 0.520333
0.345583 0.51494 0.0798951
0.0786322 0.507421 0.541646
0.41067 0.565432 0.220866
0.0305196 0.340862 0.0514013
0.344158 0.479758 0.501662
0.508239 0.201275 0.0822493
0.253413 0.565432 0.394115
0.331083 0.479758 0.120691
0.034666 0.819665 0.0811547
0.0672182 0.953313 0.0642645
0.372035 0.565432 0.134354
0.297181 0.903822 0.0257408
0.486338 0.479758 0.526653
0.125131 0.83739 0.0433527
0.522667 0.536591 0.255875
0.0946082 0.84586 0.0507389
0.271691 0.863803 0.0254732
0.42589 0.946971 0.0513083
0.0932637 0.316291 0.528686
0.509118 0.404357 0.0467343
0.0845093 0.565432 0.28619
0.492744 0.479758 0.123025
0.0288549 0.40512 0.526323
0.0256586 0.310873 0.537018
0.49839 0.399618 0.529343
0.403018 0.565432 0.351694
0.495407 0.550029 0.0727778
0.0555729 0.275364 0.190987
0.523164 0.521247 0.251168
0.321725 0.565432 0.188672
0.129724 0.565432 0.109511
0.0479103 0.286812 0.440604
0.0541987 0.174877 0.517615
0.16711 0.479758 0.4031
0.262784 0.565432 0.205394
0.0397194 0.270608 0.180248
0.51696 0.655727 0.0434859
0.522138 0.584591 0.0455946
0.512042 0.838955 0.0838246
0.0615175 0.315451 0.511858
0.374016 0.536591 0.0602801
0.0493723 0.682504 0.0846227
0.198676 0.565432 0.146875
0.040096 0.520273 0.414952
0.255766 0.565432 0.405802
0.535236 0.926446 0.057493
0.0816746 0.512107 0.541646
0.279648 0.483273 0.541646
0.0921182 0.479758 0.347341
0.459021 0.308633 0.529121
0.0932663 0.565432 0.186593
0.0500483 0.536591 0.34705
0.0468191 0.903327 0.0437775
0.50012 0.484316 0.525168
0.441146 0.479758 0.393623
0.185287 0.536591 0.52219
0.500503 0.787266 0.0760324
0.0636508 0.540145 0.544706
0.501431 0.787688 0.078272
0.270701 0.565432 0.0821325
0.524137 0.685299 0.0464225
0.53375 0.50332 0.0539061
0.412317 0.842886 0.0373538
0.501858 0.508091 0.46902
0.466435 0.565432 0.1888
0.369299 0.562722 0.0775329
0.123919 0.517388 0.520333
0.0351149 0.523748 0.0481163
0.280444 0.48311 0.541646
0.181799 0.565432 0.17878
0.461859 0.565432 0.22035
0.516401 0.829317 0.0437174
0.510773 0.882488 0.046049
0.0678597 0.488554 0.520333
0.491863 0.307649 0.512477
0.0256141 0.354314 0.0632457
0.521369 0.137312 0.0840717
0.249565 0.565432 0.153816
0.510059 0.28401 0.129014
0.489441 0.565432 0.344047
0.0906605 0.565432 0.206755
0.0614082 0.516005 0.416623
0.0614067 0.534452 0.468765
0.518946 0.207932 0.0442726
0.506599 0.254321 0.0477782
0.0290236 0.791891 0.0744437
0.471903 0.523075 0.0585896
0.0844409 0.81759 0.059096
0.523165 0.524339 0.263548
0.381814 0.479758 0.0747836
0.0538069 0.505222 0.0827861
0.247223 0.479758 0.181621
0.501818 0.328127 0.0792061
0.325797 0.565432 0.207035
0.50844 0.511837 0.517856
0.526178 0.500988 0.0820801
0.19577 0.925682 0.0416542
0.510347 0.270741 0.27989
0.42371 0.532982 0.541647
0.527143 0.276866 0.469343
0.167798 0.479758 0.355729
0.295157 0.565432 0.341512
0.283326 0.524475 0.0727077
0.0614139 0.496018 0.214034
0.353879 0.565432 0.178968
0.0400962 0.509535 0.406275
0.262863 0.565432 0.373973
0.211331 0.501903 0.541646
0.0306226 0.191096 0.0783045
0.395128 0.565432 0.358487
0.423543 0.563819 0.0792017
0.532903 0.477918 0.522584
0.0312358 0.547882 0.520576
0.456188 0.479758 0.419343
0.149663 0.479758 0.217753
0.0415342 0.268442 0.272884
0.159951 0.302899 0.525227
0.129106 0.565432 0.188161
0.537396 0.569802 0.0666407
0.517889 0.268444 0.322797
0.426655 0.479758 0.30765
0.501855 0.509824 0.374552
0.0566045 0.0627741 0.518612
0.52975 0.858151 0.0487472
0.536427 0.597054 0.0603666
0.529075 0.317702 0.0484676
0.070164 0.565432 0.152775
0.0253366 0.379871 0.0655411
0.0669016 0.90018 0.0635
0.204656 0.506567 0.520333
0.0393442 0.283984 0.349751
0.293341 0.880427 0.036214
0.538203 0.289885 0.535618
0.0400965 0.482148 0.395453
0.0452424 0.0277398 0.0855358
0.297725 0.479758 0.424884
0.517557 0.762993 0.0856504
0.0542299 0.549277 0.413198
0.111512 0.565432 0.212297
0.209821 0.479758 0.128741
0.498298 0.402124 0.541429
0.0650788 0.382203 0.059098
0.50478 0.95812 0.0485317
0.0387596 0.272292 0.47536
0.523167 0.486792 0.363546
0.438352 0.498632 0.520334
0.0612167 0.799709 0.0796829
0.0818415 0.565432 0.303994
0.498182 0.445613 0.541149
0.399715 0.565432 0.362831
0.284873 0.302903 0.524205
0.0439743 0.479758 0.229645
0.527503 0.27775 0.235391
0.0614128 0.517338 0.250919
0.373926 0.479758 0.393007
0.0883145 0.485699 0.0798813
0.523165 0.509837 0.296011
0.337865 0.545721 0.527505
0.17027 0.842901 0.045317
0.451307 0.479758 0.311983
0.0541919 0.479758 0.234499
0.0266762 0.547864 0.0687757
0.0554885 0.555341 0.457118
0.150875 0.479758 0.0634708
0.415508 0.953305 0.0448634
0.440018 0.528067 0.0585879
0.08257 0.479758 0.478512
0.532314 0.187414 0.549832
0.0287208 0.377769 0.526647
0.073031 0.524463 0.520333
0.532209 0.967628 0.0791605
0.497169 0.83585 0.0613663
0.436912 0.495354 0.541647
0.187491 0.304254 0.526596
0.0450027 0.370652 0.0854365
0.15151 0.565432 0.359855
0.0401044 0.480614 0.113847
0.399319 0.479758 0.464092
0.0424988 0.0980457 0.55518
0.465959 0.479758 0.103649
0.107348 0.488033 0.541646
0.0401052 0.504272 0.0876888
0.0419912 0.524829 0.520332
0.0780832 0.509016 0.520333
0.194304 0.49852 0.520333
0.0401018 0.497294 0.206316
0.189772 0.863214 0.0317748
0.331441 0.81759 0.0348629
0.0614158 0.534859 0.145385
0.226421 0.565432 0.322757
0.363943 0.565432 0.402809
0.444816 0.50819 0.0585881
0.383949 0.48975 0.541647
0.036606 0.275995 0.103439
0.165281 0.479758 0.373527
0.356211 0.479758 0.173931
0.260178 0.495807 0.541646
0.293999 0.565432 0.134989
0.255033 0.479758 0.283497
0.230665 0.565432 0.194548
0.356802 0.479758 0.442115
0.501851 0.524872 0.216459
0.528307 0.285681 0.518957
0.0649769 0.341516 0.0706055
0.139179 0.479758 0.107754
0.525393 0.584512 0.0824051
0.104564 0.486145 0.0798822
0.437405 0.479758 0.246772
0.501851 0.504629 0.194399
0.0400979 0.49637 0.345318
0.309163 0.565432 0.320255
0.354467 0.565432 0.225961
0.294624 0.824864 0.0362751
0.119102 0.490299 0.0585707
0.385454 0.565432 0.465733
0.389403 0.565432 0.167466
0.183925 0.565432 0.10561
0.523166 0.508364 0.317284
0.473927 0.565432 0.242877
0.154605 0.479758 0.541088
0.115036 0.565432 0.253365
0.0299223 0.433751 0.547311
0.312987 0.479758 0.300463
0.344114 0.493023 0.0585827
0.467626 0.565432 0.305545
0.0387463 0.28295 0.149068
0.224922 0.479758 0.507572
 0.293 0.565432 0.172646
0.50185 0.482869 0.15084
0.529615 0.919658 0.0806565
0.392473 0.565432 0.201684
0.0273783 0.47094 0.0704709
0.499475 0.357522 0.0557995
0.358433 0.565432 0.345176
0.136083 0.48678 0.0585716
0.277835 0.951224 0.0251806
0.509027 0.541218 0.226422
0.382295 0.565432 0.141528
0.0415298 0.536591 0.303504
0.504989 0.350945 0.080903
0.311285 0.90969 0.0264126
0.500301 0.110133 0.52473
0.298334 0.565432 0.362348
0.0422777 0.858569 0.045149
0.525487 0.778906 0.082366
0.520365 0.479758 0.304637
0.233479 0.479758 0.294268
0.432736 0.565432 0.361823
0.317284 0.501153 0.520334
0.213336 0.565432 0.165692
0.460669 0.546824 0.0727132
0.169868 0.479758 0.246947
0.508806 0.551956 0.367366
0.407286 0.302907 0.0448168
0.523164 0.48682 0.226423
0.323782 0.536591 0.533018
0.390869 0.565432 0.276453
0.500964 0.564071 0.146243
0.524375 0.272075 0.363401
0.29461 0.479758 0.535646
0.273155 0.479758 0.156399
0.0307499 0.14137 0.549309
0.453924 0.479758 0.442279
0.533929 0.428075 0.525061
0.0339736  0.975 0.075438
0.347076 0.507149 0.541647
0.411696 0.81759 0.0448326
0.503712 0.238955 0.0803741
0.159155 0.479758 0.393051
0.514017 0.937181 0.0846428
0.176968 0.479758 0.349242
0.0659833 0.432588 0.539076
0.0400287 0.352759 0.0460807
0.534634 0.963885 0.0733071
0.0614065 0.534913 0.475605
0.433314 0.479758 0.365603
0.0614176 0.494852 0.0813349
0.462289 0.536591 0.0737083
0.0400986 0.514749 0.321606
0.0854637 0.565432 0.197715
0.362076 0.565432 0.292321
0.449921 0.50092 0.541647
0.443577 0.479758 0.393175
0.442726 0.479758 0.513123
0.23063 0.955928 0.0274285
0.275901 0.929468 0.0252727
0.136423 0.846422 0.0406202
0.0621624 0.18967 0.548298
0.523167 0.484992 0.370718
0.484271 0.536591 0.536483
0.14423 0.479758 0.135794
0.538181 0.190151 0.53567
0.065124 0.479758 0.274138
0.422311 0.887984 0.0504423
0.152683 0.536591 0.0728891
0.27338 0.565432 0.298801
0.353194 0.514941 0.520334
0.0672104 0.256466 0.0652135
0.436902 0.479758 0.455071
0.534465 0.478312 0.0737156
0.160422 0.565432 0.158638
0.501855 0.48831 0.376089
0.237322 0.479758 0.515573
0.186696 0.479758 0.408495
0.390657 0.565432 0.208455
0.0509531 0.0664313 0.554784
0.144706 0.910877 0.0495307
0.172702 0.565432 0.434897
0.347137 0.536591 0.529101
0.0567566 0.559486 0.260423
0.496329 0.490648 0.536674
0.236776 0.565432 0.377067
0.53273 0.264472 0.522166
0.458072 0.927541 0.0590961
0.52317 0.495539 0.487361
0.303723 0.565432 0.109906
0.327465 0.535228 0.520334
0.102901 0.565432 0.101422
0.0283449 0.157521 0.0728049
0.31887 0.479758 0.160911
0.0384605 0.139295 0.0827265
0.164721 0.479758 0.0952809
0.25339 0.565432 0.405859
0.442432 0.833349 0.0443966
0.501859 0.520134 0.526114
0.171752 0.490033 0.0798858
0.0255303 0.649725 0.063448
0.271684 0.94212 0.0254735
0.0396864 0.40291 0.0832343
0.292772 0.528132 0.05858
0.497603 0.306787 0.531241
0.387839 0.565432 0.20178
0.0673662 0.0276961 0.0646221
0.0399241 0.742136 0.046124
0.524607 0.90653 0.0466173
0.313778  0.498 0.541647
0.0400997 0.48114 0.282989
0.132326 0.565432 0.344528
0.298756 0.893993 0.0364719
0.467712 0.487532 0.520334
0.316151 0.479758 0.257863
0.439982 0.479758 0.210509
0.0285935 0.111608 0.0560519
0.501851 0.48427 0.220023
0.0269299 0.461094 0.0693883
0.460666 0.842665 0.0597239
0.028942 0.331997 0.0552105
0.311575 0.479758 0.185035
0.0525549 0.270139 0.0705002
0.503774 0.931871 0.0609271
0.48547 0.506026 0.520334
0.0566706 0.54873 0.519623
0.373109 0.565432 0.272831
0.187653 0.565432 0.433903
0.368269 0.479758 0.332887
0.501856 0.508932 0.391784
0.44386 0.510042 0.520334
0.427443 0.479758 0.162671
0.536172 0.935832 0.0695939
0.101463 0.479758 0.323536
0.498182 0.760604 0.05892
0.428504 0.5167 0.520334
0.163037 0.901075 0.046356
0.453499 0.479758 0.193749
0.0766398 0.51299 0.541646
0.100619 0.479758 0.322855
0.0397016 0.413245 0.0832407
0.0555219 0.279987 0.467947
0.501859 0.501969 0.533694
0.371196 0.479758 0.458535
0.386994 0.852468 0.0337162
0.212352 0.536591 0.532326
0.0284542 0.181431 0.543767
0.380148 0.321114 0.515123
0.345106 0.500373 0.541647
0.175144 0.515013 0.520333
0.0842881 0.316256 0.512323
0.0268043 0.102866 0.069085
0.0526761 0.479758 0.409946
0.289318 0.479758 0.522582
0.0726849 0.311223 0.510405
0.377852 0.818864 0.0324031
0.532676 0.310883 0.522036
0.537534 0.627666 0.0630392
0.515788 0.616741 0.0439712
0.325726 0.306369 0.0571155
0.0564527 0.773733 0.0816903
0.190537 0.81759 0.0407241
0.442724 0.519482 0.058588
0.159105 0.565432 0.125769
0.435931 0.546808 0.0727124
0.385806 0.522941 0.058585
0.147361 0.565432 0.482416
0.497323 0.310297 0.531917
0.510034 0.536591 0.391228
0.364169 0.479758 0.127555
0.0525591 0.153069 0.554119
0.510785 0.285263 0.424034
0.527227 0.360702 0.51851
0.414627 0.305371 0.0430906
0.344062 0.309256 0.511546
0.522629 0.23282 0.0835498
0.0644968 0.718205 0.0717644
0.309857 0.559324 0.0748196
0.429099 0.479758 0.181601
0.18171 0.479758 0.326568
0.536985 0.350596 0.532441
0.317475 0.479758 0.116144
0.0265473 0.578046 0.0609926
0.281401 0.863557 0.0250108
0.329029 0.526782 0.0585819
0.193688 0.496716 0.541646
0.398982 0.884797 0.0354383
0.27084 0.308378 0.528976
0.0553537 0.224977 0.0473127
0.497832 0.068817 0.0695831
0.0529367 0.782672 0.0831465
0.0322941 0.618511 0.0492849
0.0400958 0.494519 0.420329
0.395513 0.565432 0.133183
0.0614347 0.479758 0.136924
0.523166 0.518928 0.325538
0.476968 0.888218 0.052754
0.325315 0.479758 0.186966
0.485621 0.30562 0.0566808
0.113402 0.31682 0.0419462
0.0880006 0.565432 0.0866718
0.501853 0.49127 0.292474
0.0561522 0.0326882 0.552631
0.423171 0.31822 0.0427501
0.0606074 0.563126 0.441396
0.516882 0.615283 0.0858296
0.187595 0.541058 0.0727047
0.152273 0.309913 0.0591641
0.150082 0.87549 0.0482297
0.065125 0.756747 0.0592095
0.234057 0.565432 0.456866
0.288273 0.565432 0.3976
0.464891 0.479758 0.301994
0.519096 0.534599 0.0798802
0.372903 0.311243 0.0396985
0.386926 0.536591 0.533025
0.530353 0.322979 0.551192
0.133081 0.536591 0.528141
0.519268 0.536591 0.0841983
0.509025 0.550348 0.127567
0.525025 0.273202 0.143719
0.437453 0.920045 0.0541065
0.090352 0.536591 0.521679
0.396872 0.875703 0.0351351
0.0702452 0.479758 0.301441
0.0403537 0.211784 0.516762
0.334547 0.479758 0.141643
0.504063 0.769931 0.0488285
0.0944716 0.540729 0.52751
0.484911 0.88536 0.0661225
0.498771 0.726564 0.057499
0.329871 0.479758 0.330904
0.234697 0.565432 0.507427
0.0752011 0.565432 0.083265
0.0401036 0.507359 0.145349
0.120377 0.534103 0.079883
0.0568546 0.565553 0.0815239
0.131169 0.558072 0.525725
0.523335 0.284982 0.375174
0.226772 0.490284 0.0585765
0.284215 0.515365 0.520334
0.0348184 0.708507 0.0812179
0.0528919 0.270722 0.14419
0.0363404 0.935631 0.0476086
0.389139 0.90913 0.0447655
0.0401024 0.524521 0.186338
0.524257 0.697803 0.046472
0.095736 0.479758 0.327897
0.217577 0.479758 0.0698735
0.0482048 0.774381 0.0851062
0.159551 0.479758 0.143643
0.0467708 0.245124 0.556516
0.399344 0.536591 0.533621
0.409997 0.312252 0.510006
0.0614144 0.531036 0.195153
0.371446 0.493887 0.541647
0.253295 0.93213 0.0370052
0.0614166 0.480899 0.0780687
0.500667 0.710717 0.0764272
0.0501671 0.237219 0.0451643
0.060214 0.259947 0.0801325
0.371332 0.565432 0.154901
0.502925 0.479758 0.109544
0.355417 0.479758 0.305923
0.179874 0.479758 0.0972498
0.508251 0.28088 0.108592
0.466771 0.479758 0.180998
0.0259433 0.67868 0.0624509
0.505298 0.849062 0.0614045
0.0610029 0.918984 0.0798058
0.164742 0.87288 0.0353701
0.363975 0.933983 0.0304097
0.531301 0.422489 0.0799582
0.0476142 0.479758 0.103546
0.310522 0.506091 0.520334
0.176923 0.497033 0.520333
0.50864 0.407947 0.55322
0.308255 0.565432 0.178215
0.465949 0.536591 0.0655296
0.191877 0.479758 0.534112
0.238469 0.479758 0.21058
0.0962622 0.565432 0.5099
0.50903 0.53145 0.377477
0.533617 0.262712 0.546686
0.0266456 0.882216 0.0607552
0.140914 0.499422 0.0798841
0.49752 0.66775 0.0688286
0.0568607 0.302896 0.04453
0.259486 0.479758 0.396606
0.123165 0.912778 0.0438286
0.532206 0.967896 0.0781392
0.218926 0.479758 0.298306
0.0726 0.30887 0.529263
0.522881 0.536591 0.105326
0.368092 0.915758 0.0417422
0.470613 0.565432 0.36322
0.320427 0.565432 0.09057
0.353119 0.501995 0.520334
0.522593 0.286268 0.3738
0.51092 0.269738 0.125827
0.263243 0.509861 0.0798907
0.145357 0.498502 0.541646
0.134966 0.504839 0.520333
0.501852 0.528679 0.228547
0.28355 0.565432 0.188174
0.0807395 0.494504 0.541646
0.50903 0.550193 0.351755
0.376734 0.857698 0.0429836
0.379883 0.479758 0.367176
0.505774 0.252417 0.552033
0.499147 0.513491 0.527516
0.495893 0.0572424 0.53537
0.0400947 0.525565 0.461321
0.0614704 0.553552 0.0503838
0.45979 0.565432 0.150715
0.384615 0.479758 0.104859
0.198728 0.536591 0.064636
0.331193 0.515961 0.0585821
0.033447 0.258865 0.519622
0.533086 0.500579 0.0770432
0.0641716 0.280197 0.056907
0.520466 0.286803 0.168325
0.197151 0.479758 0.487465
0.0614155 0.514354 0.154541
0.05226 0.479758 0.445612
0.0303118 0.227379 0.077554
0.285002 0.525742 0.541647
0.234462 0.923551 0.037902
0.231489 0.547762 0.072706
0.320124 0.534361 0.0727088
0.420608 0.565432 0.150792
0.328241 0.479758 0.410615
0.103439 0.479758 0.172601
0.044124 0.456888 0.555854
0.0425624 0.300977 0.0844257
0.424751 0.302908 0.524588
0.0589445 0.54137 0.519582
0.31493 0.898327 0.0372421
0.0267582 0.530306 0.0604832
0.176789 0.479758 0.432096
0.381366 0.565432 0.297281
0.366251 0.565432 0.324787
0.040093 0.495743 0.519308
0.0681564 0.479758 0.536648
0.0566923 0.560371 0.54611
0.377816 0.897738 0.0323978
0.52317 0.522104 0.481063
0.47605 0.525883 0.520334
0.500388 0.52769 0.546478
0.501855 0.484557 0.352802
0.165362 0.919229 0.046022
0.528306 0.866159 0.0481491
0.444878 0.495257 0.0799004
0.515452 0.0761469 0.0441103
0.0400994 0.534396 0.291257
0.0534538 0.271691 0.448215
0.427066 0.479758 0.522213
0.286813 0.536591 0.523931
0.402232 0.498991 0.0585859
0.396114 0.479758 0.533912
0.438898 0.536591 0.539008
0.306642 0.842458 0.0368474
0.039052 0.842395 0.0464853
0.438174 0.533954 0.541647
0.24423 0.565432 0.503195
0.145054 0.851496 0.0385317
0.221021 0.479758 0.457837
0.36994 0.536591 0.528205
0.426275 0.565432 0.229007
0.323498 0.503912 0.520334
0.131167 0.479758 0.0730052
0.533088 0.465024 0.52303
0.501855 0.492202 0.350468
0.184197 0.479758 0.140877
0.346737 0.492621 0.541647
0.258878 0.565432 0.337209
0.355933 0.479758 0.219119
0.505551 0.479758 0.272335
0.511193 0.269266 0.139986
0.336725 0.479758 0.230913
0.0435294 0.0716887 0.0446305
0.322743 0.911863 0.0269583
0.224739 0.515635 0.541646
0.0648306 0.310617 0.0595715
0.0468521 0.200175 0.556482
0.509029 0.550771 0.305307
0.0860363 0.528429 0.541646
0.214873 0.524214 0.520333
0.504363 0.562166 0.364776
0.0782115 0.507573 0.541646
0.0284737 0.340464 0.527243
0.384646 0.486511 0.520334
0.326487 0.479758 0.333963
0.423336 0.479758 0.381961
0.501857 0.519801 0.443694
0.515409 0.253312 0.556025
0.0614108 0.530691 0.322897
0.471102 0.479758 0.31343
0.0848663 0.565432 0.175434
0.501853 0.520785 0.294672
0.0597427 0.348791 0.0491307
0.497386 0.517117 0.058591
0.14315 0.479758 0.213161
0.398993 0.502545 0.0585857
0.2943 0.565432 0.173228
0.499373 0.157001 0.526971
0.381246 0.479758 0.105658
0.375093 0.479758 0.386519
0.481303 0.565432 0.144533
0.331522 0.963541 0.0380324
0.277281 0.536591 0.079708
0.536938 0.932333 0.0677452
0.383646 0.479758 0.261754
0.0283502 0.0855701 0.527541
0.534219 0.931003 0.0550377
0.430758 0.847633 0.0524863
0.496321 0.0879547 0.536655
0.518971 0.0424549 0.555906
0.0640083 0.346577 0.0729436
0.0419236 0.479758 0.104803
0.366184 0.479758 0.103822
0.0614088 0.484629 0.393474
0.508813 0.281848 0.38363
0.428556 0.499555 0.541647
0.229521 0.479758 0.36832
0.417061 0.49265 0.0798989
0.0361216 0.367376 0.552539
0.0838362 0.524468 0.0585688
0.419324 0.565432 0.453705
0.52128 0.536591 0.388319
0.127521 0.565432 0.428967
0.32131 0.479758 0.205008
0.147402 0.480697 0.541646
0.537056 0.277628 0.532611
0.375977 0.479758 0.129966
0.208021 0.81759 0.0376263
0.523676 0.0829893 0.0462314
0.526345 0.0985582 0.0820108
0.0288996 0.140991 0.526215
0.351066 0.914615 0.0392963
0.345545 0.945948 0.0280443
0.212572 0.498305 0.541646
0.446625 0.565432 0.1667
0.0562013 0.517549 0.518445
0.0579541 0.250244 0.0483898
0.359657 0.479758 0.112732
0.415147 0.853617 0.0377935
0.0305911 0.11836 0.522132
0.120298 0.479758 0.292782
0.230001 0.479758 0.194443
0.37664 0.511605 0.0585845
0.0401008 0.485523 0.24405
0.209219 0.512655 0.520333
0.0400976 0.511624 0.35723
0.0914919 0.479758 0.164805
0.302393 0.51485 0.520334
0.0275094 0.0497914 0.541486
0.132557 0.479758 0.21037
0.457173 0.479758 0.263112
0.401349 0.930034 0.0357783
0.532338 0.540176 0.549773
0.42289 0.899642 0.0505825
0.501854 0.522444 0.306455
0.145655 0.565432 0.318802
0.0840229 0.565432 0.343307
0.0401002 0.51224 0.26562
0.0475 0.475767 0.0440595
0.0559133 0.649337 0.0475445
0.38314 0.504315 0.541647
0.406703 0.565432 0.201538
0.509024 0.530023 0.095682
0.0425971 0.112764 0.0844401
0.0665618 0.565432 0.226919
0.460594 0.518803 0.541647
0.523166 0.513049 0.321465
0.0401036 0.491012 0.144102
0.487867 0.565432 0.394256
0.0643153 0.888173 0.0722026
0.509454 0.504346 0.553557
0.523657 0.960468 0.0462238
0.52728 0.133371 0.518532
0.483109 0.88966 0.0655582
0.181143 0.565432 0.280404
0.332592 0.565432 0.470988
0.116506 0.479758 0.252601
0.0510171 0.703426 0.0455164
0.267704 0.479758 0.529018
0.0880545 0.869612 0.0523249
0.474092 0.526612 0.0585897
0.214151 0.302901 0.520876
0.510027 0.655005 0.0829899
0.512381 0.268442 0.26865
0.506322 0.555968 0.515526
0.372128 0.858424 0.0423219
0.286817 0.521075 0.0585797
0.0291898 0.178967 0.525515
0.259364 0.83758 0.0260602
0.398462 0.554049 0.526767
0.526413 0.279638 0.214035
0.0466544 0.536591 0.155896
0.496948 0.621047 0.0619011
0.407206 0.495662 0.541647
0.506694 0.479758 0.447155
0.154615 0.479758 0.488774
0.379831 0.479758 0.192825
0.516028 0.241783 0.514714
0.0591058 0.74563 0.0805915
0.38866 0.479758 0.271307
0.441145 0.565432 0.0828884
0.0297973 0.698334 0.0763116
0.501853 0.531487 0.274092
0.496317 0.565432 0.351038
0.498999 0.304578 0.543123
0.0261674 0.432523 0.538246
0.467784 0.523897 0.0585894
0.317288 0.565432 0.0905053
0.302315 0.536591 0.0745485
0.322669 0.500881 0.520334
0.189517 0.822324 0.0425524
0.298034 0.565432 0.326407
0.186083 0.3029 0.521826
0.16827 0.317559 0.527955
0.0464096 0.482645 0.520332
0.526501 0.279488 0.247369
0.470876 0.479758 0.30132
0.0666195 0.346683 0.533515
0.121517 0.941535 0.0551421
0.0385235 0.171983 0.0827526
0.062531 0.21146 0.547409
0.103949 0.834203 0.0593933
0.496338 0.541793 0.0633726
0.525463 0.27396 0.219998
0.150729 0.479758 0.23713
0.340397 0.523458 0.527505
0.511961 0.496985 0.0837913
0.502978 0.536591 0.456362
0.202933 0.479758 0.0767869
0.370276 0.536591 0.527953
0.523165 0.503748 0.291775
0.241655 0.565432 0.357319
0.192657 0.545711 0.527508
0.379201 0.823829 0.0325969
0.522687 0.737816 0.045822
0.523162 0.504958 0.152696
0.285629 0.966136 0.0300719
0.372031 0.479758 0.0945161
0.119738 0.502477 0.520333
0.496683 0.484616 0.0625398
0.214495 0.484987 0.0798881
0.122843 0.316952 0.0576036
0.518698 0.914825 0.0441699
0.262454 0.565432 0.354126
0.240087 0.830412 0.0269782
0.509026 0.541395 0.15851
0.292735 0.851844 0.0361851
0.424536 0.516164 0.541647
0.501853 0.517474 0.262125
0.206263 0.9503 0.0401469
0.428679 0.486125 0.0798995
0.0855963 0.560596 0.525068
0.0400995 0.512294 0.2894
0.50059 0.252738 0.0531071
0.0916571 0.321263 0.522111
0.430841 0.509107 0.0798996
0.0368923 0.275527 0.494992
0.527085 0.0678073 0.0817044
0.299863 0.565432 0.0874051
0.178233 0.565432 0.366182
0.362867 0.90811 0.0302506
0.202358 0.565432 0.230802
0.213635 0.563279 0.521839
0.460568 0.309924 0.0591657
0.433685 0.565432 0.487227
0.508652 0.281575 0.0653878
0.534286 0.449832 0.0741463
0.523161 0.521211 0.107568
0.349569 0.479758 0.338731
0.535976 0.0450392 0.540993
