0.256503 0.594152 0.0654486
0.39252 0.866544 0.0539916
0.330052 0.559055 0.463032
0.0596007 0.328963 0.454481
0.226093 0.567467 0.444962
0.0255755 0.18272 0.0600728
0.162488 0.627752 0.127244
0.0564302 0.6033 0.0569598
0.28755 0.627752 0.283033
0.447364 0.561004 0.311374
0.0550741 0.403504 0.470827
0.429289 0.584601 0.0826126
0.445072 0.690364 0.0418731
0.0515192 0.6033 0.391652
0.0601654 0.180192 0.455845
0.0572028 0.10273 0.0496168
0.424457 0.852709 0.053436
0.0414401 0.254562 0.0760254
0.375111 0.588671 0.463032
0.350363 0.862534 0.0350405
0.0425876 0.24697 0.267222
0.42182 0.580404 0.444963
0.455112 0.901477 0.0707214
0.0550622 0.511101 0.0457099
0.245245 0.627752 0.360393
0.0760758 0.865107 0.0487439
0.157371 0.960704 0.0350714
0.427686 0.298677 0.050125
0.432463 0.351185 0.0726084
0.274278 0.627752 0.182067
0.0352175 0.237148 0.0776889
0.322933 0.555115 0.433957
0.369801 0.6033 0.462669
0.454914 0.0873226 0.44517
0.4383 0.40224 0.441445
0.0492005 0.21413 0.0432819
0.0555695 0.37554 0.0714477
0.285861 0.555115 0.273324
0.0378025 0.594198 0.226413
0.449232 0.23594 0.313882
0.0591865 0.6104 0.450103
0.0258477 0.0289382 0.455882
0.363885 0.627752 0.161432
0.425597 0.547447 0.0621076
0.0429308 0.775127 0.0766428
0.141538 0.627752 0.116765
0.0387535 0.396447 0.441629
0.187107 0.594164 0.451044
0.256358 0.900478 0.0256563
0.332278 0.323919 0.440358
0.428099 0.555115 0.32756
0.0456281 0.6033 0.198172
0.447366 0.598689 0.387819
0.429294 0.593311 0.281387
0.144512 0.627752 0.313713
0.455184 0.262981 0.0705464
0.191251 0.627752 0.200419
0.368198 0.322715 0.439662
0.447361 0.555587 0.179241
0.0445957 0.38103 0.0413745
0.217697 0.581958 0.0715378
0.111996 0.5802 0.463031
0.350614 0.627752 0.300854
0.0592927 0.934467 0.0546639
0.433854 0.237934 0.39719
0.429294 0.565936 0.273919
0.217958 0.59814 0.0534685
0.174752 0.963228 0.0318023
0.202388 0.555115 0.174484
0.437165 0.446586 0.0427179
0.319189 0.627752 0.194052
0.107687 0.933676 0.0503484
0.195308 0.555115 0.380919
0.0465392 0.555115 0.312803
0.0453771 0.377941 0.440842
0.209264 0.966013 0.0291039
0.400176 0.627752 0.221227
0.330752 0.555115 0.228629
0.308126 0.6033 0.446246
0.043097 0.314926 0.439898
0.154575 0.923027 0.0321982
0.442046 0.309184 0.475744
0.44752 0.245381 0.0543646
0.0490449 0.20435 0.0432174
0.349642 0.86001 0.0349369
0.434592 0.618271 0.221659
0.427944 0.659291 0.0495029
0.112421 0.627752 0.278187
0.0779819 0.885647 0.0575366
0.43829 0.745378 0.0750223
0.434786 0.6033 0.0756602
0.124398 0.555115 0.107418
0.0358151 0.41455 0.0736953
0.429293 0.56141 0.227325
0.0442954 0.761781 0.0761169
0.323457 0.6033 0.0571884
0.278247 0.555115 0.155712
0.119831 0.595872 0.0654443
0.454433 0.0939362 0.444918
0.0297919 0.609438 0.469327
0.374645 0.585285 0.463032
0.392555 0.310445 0.0514795
0.338642 0.555115 0.237721
0.0781271 0.60243 0.444962
0.328611 0.587099 0.444963
0.0422623 0.534216 0.440176
0.439403 0.57967 0.440988
0.449867 0.237041 0.196356
0.277224 0.584067 0.463032
0.43538 0.60158 0.387626
0.0836478 0.555115 0.301139
0.337749 0.854969 0.0332286
0.280176 0.595796 0.463032
0.0908925 0.868574 0.0451585
0.402021 0.607529 0.0654532
0.242995 0.612447 0.0654482
0.0745577 0.555115 0.43752
0.0347908 0.931541 0.0440955
0.437805 0.6033 0.257757
0.427959 0.603027 0.466908
0.0511568 0.473753 0.0732753
0.435376 0.603372 0.221037
0.230936 0.941539 0.034589
0.262835 0.940914 0.0349994
0.0286069 0.307706 0.466466
0.038772 0.547244 0.0749201
0.120272 0.568213 0.444962
0.130091 0.951881 0.0357152
0.0584345 0.272606 0.064775
0.456733 0.659997 0.0668082
0.319194 0.315805 0.453652
0.43298 0.201136 0.443648
0.0256865 0.118011 0.456271
0.448435 0.243815 0.35641
0.0558753 0.574504 0.0696521
0.0497823 0.608652 0.302897
0.182288 0.874731 0.0282174
0.0971667 0.627752 0.0856429
0.226918 0.627752 0.250619
0.255678 0.555115 0.386358
0.248374 0.627752 0.369075
0.149363 0.627752 0.155531
0.0422291 0.555115 0.154388
0.0377994 0.599433 0.336748
0.329395 0.846309 0.0411351
0.0284262 0.518236 0.46603
0.450752 0.239795 0.242514
0.0497821 0.603257 0.380461
0.153958 0.895636 0.0413935
0.074765 0.600537 0.444962
0.0770813 0.555115 0.136426
0.339823 0.570904 0.444963
0.440464 0.611192 0.0759229
0.426108 0.304606 0.462435
0.45878 0.420743 0.454505
0.281019 0.555115 0.30415
0.226362 0.601644 0.463031
0.459646 0.424001 0.459043
0.127412 0.578979 0.071533
0.282453 0.555115 0.127532
0.356571 0.6033 0.457845
0.0600781 0.37243 0.455634
0.318406 0.627752 0.381368
0.165885 0.316894 0.453926
0.0921661 0.594562 0.463031
0.42929 0.596266 0.112002
0.436634 0.185389 0.042938
0.0589161 0.565659 0.452828
0.152172 0.627752 0.277828
0.0466055 0.347104 0.441351
0.425232 0.235933 0.455316
0.426919 0.558534 0.444963
0.160932 0.312011 0.0523867
0.409137 0.555115 0.271837
0.345376 0.627752 0.139496
0.232373 0.627752 0.217576
0.226367 0.6033 0.0653165
0.431897 0.619176 0.4443
0.0985677 0.56016 0.444962
0.0887002 0.627752 0.272825
0.2647 0.555115 0.429552
0.250152 0.6033 0.448406
0.429293 0.586848 0.234729
0.345005 0.627752 0.289595
0.435908 0.244004 0.172895
0.429291 0.586275 0.160302
0.424306 0.474094 0.0589893
0.35857 0.627752 0.35065
0.30061 0.627752 0.100204
0.436432 0.244909 0.304807
0.275725 0.627752 0.12076
0.181462 0.555115 0.0851306
0.18606 0.882865 0.0367824
0.326064 0.595979 0.0654508
0.0561658 0.128016 0.0702517
0.0677293 0.6033 0.460198
0.233949 0.596573 0.444962
0.432338 0.628326 0.0447174
0.435373 0.610466 0.0983483
0.0859702 0.555115 0.218826
0.365949 0.627752 0.372796
0.118444 0.555115 0.435136
0.351146 0.581819 0.0715449
0.434856 0.617414 0.322595
0.384397 0.842836 0.042772
0.447169 0.321583 0.441909
0.235397 0.627752 0.183994
0.049149 0.591809 0.444962
0.430092 0.308807 0.447569
0.427684 0.627078 0.0954861
0.0843274 0.893683 0.0467471
0.3363 0.943841 0.0421271
0.0549541 0.882485 0.0456651
0.396427 0.309423 0.050889
0.446505 0.6033 0.418657
0.0532054 0.624684 0.0919314
0.0343767 0.344845 0.0442671
0.0738951 0.627752 0.194811
0.299752 0.605358 0.451042
0.44736 0.576222 0.15559
0.326067 0.87127 0.0315504
0.239918 0.947248 0.0251266
0.0596269 0.6033 0.0544617
0.156104 0.6033 0.0644007
0.447362 0.592429 0.246565
0.0348664 0.707437 0.0733023
0.426791 0.452241 0.0522857
0.426602 0.352359 0.0645326
0.0344511 0.294987 0.44341
0.375591 0.555115 0.205847
0.42791 0.547221 0.448851
0.0573777 0.376596 0.449114
0.433317 0.58686 0.472128
0.0587898 0.434378 0.452523
0.336853 0.86528 0.0330997
0.240145 0.6033 0.0611885
0.429908 0.843416 0.0551428
0.0497829 0.603218 0.0839287
0.0260338 0.464518 0.0561872
0.378915 0.86998 0.0414454
0.42929 0.577152 0.106079
0.0497823 0.598188 0.31113
0.42929 0.577153 0.124225
0.429293 0.580096 0.234499
0.445754 0.571001 0.0751186
0.368735 0.627752 0.231743
0.191564 0.627752 0.396325
0.0503935 0.779258 0.0735914
0.357991 0.555115 0.451617
0.129273 0.847073 0.0358708
0.101983 0.59065 0.0715317
0.452041 0.110063 0.471711
0.234464 0.555115 0.190917
0.429298 0.562757 0.446892
0.0491588 0.523768 0.0741027
0.0578128 0.483121 0.0662758
0.112238 0.577532 0.463031
0.0430352 0.555115 0.432368
0.314226 0.56735 0.463032
0.436893 0.232666 0.319847
0.276222 0.627752 0.158783
0.0268207 0.946136 0.0542872
0.440196 0.351273 0.44066
0.31751 0.309959 0.450276
0.232595 0.590978 0.463031
0.397081 0.627752 0.352478
0.406956 0.627752 0.358564
0.284766 0.555115 0.424397
0.271382 0.555115 0.15071
0.334107 0.555115 0.0959807
0.285765 0.878606 0.0270569
0.304754 0.627752 0.181689
0.120351 0.933325 0.0380299
0.43291 0.6033 0.431606
0.434819 0.220931 0.0735843
0.436277 0.244643 0.170243
0.234666 0.555115 0.423046
0.148279 0.557001 0.0715341
0.17613 0.884282 0.0382087
0.137989 0.942695 0.0436872
0.257811 0.867734 0.0347602
0.170499 0.914576 0.0390175
0.0827675 0.866464 0.0563786
0.0354767 0.39146 0.0438114
0.0597008 0.778371 0.061718
0.031074 0.968976 0.0516695
0.406435 0.627752 0.0994442
0.236179 0.960077 0.0253047
0.0286594 0.468868 0.466593
0.275321 0.603274 0.463032
0.443617 0.518857 0.0412702
0.360935 0.563362 0.444963
0.329397 0.555115 0.201764
0.178924 0.627752 0.130458
0.0547111 0.625529 0.412539
0.0540124 0.621759 0.0729547
0.125903 0.555115 0.170956
0.380736 0.878722 0.05114
0.102838 0.627752 0.27638
0.0537251 0.940729 0.0451561
0.048897 0.532173 0.473386
0.12376 0.627752 0.120502
0.0365414 0.234857 0.101278
0.0377986 0.585038 0.365027
0.0356384 0.241938 0.20847
0.115529 0.602564 0.463031
0.243712 0.627752 0.271083
0.167528 0.555115 0.455286
0.0258884 0.60379 0.459904
0.212203 0.555115 0.271148
0.438298 0.231396 0.124492
0.141619 0.851632 0.0431659
0.435428 0.766405 0.0738364
0.0266621 0.477448 0.0626964
0.0376367 0.640885 0.0744499
0.095523 0.555115 0.371866
0.263586 0.555115 0.455031
0.414166 0.604678 0.0654536
0.210263 0.627752 0.107895
0.203535 0.555115 0.0618793
0.0473967 0.6033 0.121549
0.308794 0.555115 0.329656
0.427167 0.207031 0.0658967
0.0516014 0.261816 0.443421
0.425138 0.250815 0.455542
0.129248 0.956566 0.0447756
0.213956 0.627752 0.0923895
0.444959 0.231401 0.30859
0.446239 0.351317 0.474114
0.447381 0.232734 0.354054
0.0287835 0.895798 0.0495482
0.435375 0.611057 0.153761
0.184766 0.964653 0.0331823
0.213274 0.555115 0.293328
0.38652 0.324376 0.448879
0.123336 0.59309 0.463031
0.159531 0.9066 0.0405929
0.446489 0.918007 0.0748141
0.0348948 0.24065 0.170039
0.0579842 0.512572 0.465107
0.294835 0.627752 0.328381
0.0524618 0.0791637 0.471909
0.0580156 0.339589 0.0515799
0.450246 0.480501 0.0440156
0.412769 0.555115 0.448807
0.202752 0.942547 0.0359311
0.378888 0.555115 0.350466
0.325462 0.914214 0.0405702
0.429295 0.556597 0.32568
0.320623 0.6033 0.454289
0.0358563 0.313873 0.442829
0.047811 0.950549 0.074661
0.320909 0.555115 0.423204
0.0390251 0.964287 0.0423414
0.339346 0.627752 0.100311
0.157212 0.555115 0.161639
0.0378008 0.572589 0.289802
0.0497823 0.596125 0.30338
0.050828 0.504405 0.472586
0.406098 0.627752 0.336631
0.442835 0.731327 0.0763275
0.0355262 0.278755 0.0735756
0.0758717 0.555115 0.330816
0.108656 0.627752 0.345311
0.0903236 0.555115 0.164795
0.445851 0.6033 0.123999
0.447626 0.667277 0.0429309
0.430615 0.6033 0.190857
0.233332 0.841541 0.0329775
0.42929 0.602716 0.0966362
0.4029 0.627752 0.16282
0.300607 0.627752 0.43914
0.0289883 0.554377 0.467387
0.437086 0.205367 0.0427508
0.430546 0.625473 0.139955
0.118623 0.955325 0.0384481
0.196451 0.627752 0.172264
0.182564 0.570449 0.444962
0.237657 0.6033 0.453475
0.387013 0.555115 0.269321
0.0352564 0.367546 0.0734639
0.267971 0.555115 0.446518
0.272947 0.627752 0.149657
0.0558707 0.596751 0.265915
0.346822 0.929767 0.0436385
0.344652 0.594979 0.0654514
0.208258 0.556446 0.444962
0.380269 0.627752 0.376087
0.454865 0.622487 0.0459573
0.0272126 0.341949 0.452588
0.0477105 0.0348804 0.0747026
0.0591141 0.239477 0.0631343
0.0558676 0.58589 0.3759
0.444751 0.474601 0.47473
0.221738 0.862548 0.0259924
0.396736 0.555659 0.463032
0.297308 0.584309 0.463032
0.333385 0.627752 0.175866
0.0475777 0.075932 0.0426097
0.277384 0.6033 0.458467
0.457098 0.691737 0.0659265
0.451141 0.876708 0.0728874
0.0378012 0.584686 0.274935
0.103049 0.598929 0.463031
0.332034 0.322067 0.450942
0.111627 0.6033 0.456952
0.360707 0.601367 0.0654519
0.0558694 0.568998 0.311949
0.0558731 0.562925 0.180266
0.444493 0.6033 0.256274
0.374065 0.559026 0.0534769
0.300673 0.957573 0.0279026
0.259992 0.555115 0.153043
0.271862 0.555115 0.406648
0.14008 0.627752 0.218005
0.309572 0.922713 0.0382876
0.426336 0.35645 0.0533839
0.27053 0.61729 0.0658617
0.393479 0.562008 0.444963
0.454941 0.616109 0.0711344
0.0294723 0.575466 0.047885
0.399939 0.555115 0.183034
0.333776 0.6033 0.063888
0.0853067 0.916707 0.0465101
0.316506 0.555115 0.197678
0.136432 0.555115 0.376157
0.417396 0.57187 0.0534792
0.0829659 0.555115 0.459306
0.0496608 0.6033 0.289766
0.425087 0.629762 0.0563987
0.0615492 0.318754 0.0383019
0.352641 0.555115 0.119678
0.388039 0.555115 0.323329
0.0401697 0.555115 0.10547
0.0297933 0.278714 0.0471099
0.23933 0.889404 0.0341893
0.28515 0.921364 0.0360621
0.394159 0.572312 0.463032
0.242818 0.627752 0.337771
0.425175 0.357746 0.0610873
0.214033 0.627752 0.0778423
0.0769056 0.888372 0.0577971
0.42946 0.319866 0.0459096
0.133024 0.603504 0.0654448
0.447365 0.563662 0.370684
0.393418 0.586078 0.444963
0.0840325 0.555115 0.222469
0.150013 0.555115 0.078054
0.165915 0.586534 0.444962
0.251015 0.627752 0.249067
0.280848 0.58004 0.444963
0.0874909 0.555115 0.259087
0.233762 0.627752 0.235492
0.249827 0.967295 0.0297267
0.0594512 0.193148 0.45412
0.13469 0.941364 0.0441612
0.456538 0.207628 0.466547
0.233561 0.6033 0.448149
0.424517 0.102508 0.45704
0.166657 0.938057 0.0304627
0.424602 0.423375 0.458797
0.169786 0.917956 0.03912
0.447359 0.560476 0.101681
0.0542198 0.545807 0.0720067
0.323716 0.627752 0.386132
0.244934 0.627752 0.305794
0.428216 0.441669 0.467528
0.397127 0.555115 0.417368
0.430296 0.293638 0.470876
0.449849 0.241372 0.431062
0.0520963 0.555115 0.258877
0.195445 0.849936 0.0362791
0.0497825 0.596168 0.212892
0.408305 0.627752 0.129836
0.458344 0.340234 0.462188
0.446965 0.246359 0.305059
0.107164 0.580958 0.0534626
0.0939625 0.6033 0.0685775
0.0378064 0.565244 0.0906172
0.138392 0.594501 0.0654449
0.0427333 0.2314 0.259514
0.139054 0.555115 0.387179
0.0361997 0.686463 0.0435119
0.0604664 0.569331 0.444962
0.378996 0.914055 0.0414648
0.449406 0.236241 0.405413
0.392912 0.593597 0.0534779
0.453526 0.41745 0.444542
0.0717091 0.555115 0.107502
0.0446987 0.6033 0.368881
0.0380384 0.173821 0.473762
0.42929 0.594689 0.113842
 0.437 0.825598 0.074488
0.339275 0.860418 0.0425544
0.0887523 0.581039 0.0534617
0.230035 0.885563 0.0255973
0.0591367 0.573257 0.0542872
0.429096 0.626287 0.228277
0.435208 0.616246 0.0902642
0.0369543 0.234139 0.0720353
0.296676 0.841541 0.0337054
0.111609 0.308797 0.0418118
0.447364 0.596529 0.309661
0.275245 0.555115 0.449779
0.335704 0.627752 0.129347
0.439722 0.332133 0.0416586
0.0407441 0.268064 0.0416293
0.126559 0.627752 0.226022
0.119289 0.627752 0.199106
0.0720152 0.600717 0.0534608
0.173119 0.6033 0.46113
0.110805 0.555115 0.314235
0.117904 0.627752 0.109992
0.425259 0.837598 0.0559836
0.0501274 0.6033 0.280661
0.43826 0.254197 0.0422643
0.445136 0.246968 0.216653
0.187147 0.564003 0.463031
0.45069 0.267534 0.443368
0.0515452 0.517837 0.443398
0.0454515 0.971506 0.0741278
0.0308185 0.13436 0.444915
0.421846 0.627752 0.1447
0.243869 0.627752 0.0888042
0.292708 0.555115 0.445766
0.0559463 0.273753 0.470026
0.025972 0.484719 0.0563364
0.27787 0.627752 0.399714
0.297829 0.580097 0.463032
0.207873 0.600311 0.0654471
0.101542 0.627752 0.317015
0.0349294 0.178975 0.472474
0.0553788 0.489698 0.0715267
0.377233 0.555115 0.312228
0.288115 0.6033 0.451148
0.458905 0.483937 0.0615657
0.0577896 0.813073 0.0510339
0.0409215 0.372642 0.0415558
0.0587567 0.555115 0.19339
0.429293 0.577442 0.224835
0.455732 0.14298 0.0692242
0.0378019 0.581155 0.248667
0.276363 0.940048 0.0356436
0.446401 0.618873 0.0424236
0.0378021 0.599127 0.243734
0.401354 0.308807 0.0475642
0.336155 0.627752 0.28199
0.253584 0.89683 0.0345589
0.300513 0.6033 0.459342
0.427722 0.300543 0.0672374
0.045999 0.673505 0.0754114
0.206545 0.890137 0.0267159
0.0558726 0.566571 0.199247
0.449043 0.153328 0.472952
0.0302176 0.193771 0.445334
0.429438 0.175354 0.0713552
0.386911 0.555115 0.105107
0.069433 0.594646 0.0654428
0.435409 0.101467 0.0434453
0.435445 0.0926286 0.0738438
0.429295 0.568767 0.301833
0.166847 0.591557 0.0715351
0.434963 0.617057 0.220731
0.453511 0.224319 0.444536
0.415265 0.588265 0.444963
0.0896031 0.555115 0.264078
0.452059 0.717806 0.0725072
0.12729 0.561375 0.0534637
0.0497827 0.596025 0.156122
0.0263111 0.538909 0.454764
0.0558675 0.556673 0.380695
0.141808 0.627752 0.386725
0.190119 0.627752 0.178467
0.14259 0.555115 0.456277
0.214891 0.6033 0.452421
0.45948 0.292228 0.459445
0.283236 0.894089 0.0269364
0.29382 0.609358 0.451042
0.122113 0.627752 0.314546
0.173895 0.584199 0.463031
0.271414 0.593512 0.444963
0.171021 0.567887 0.463031
0.426605 0.345611 0.0527334
0.457019 0.291396 0.0511539
0.0302016 0.222391 0.445373
0.385708 0.56915 0.0715468
0.276396 0.627752 0.295828
0.0497826 0.594492 0.169117
0.282256 0.627752 0.320504
0.0356286 0.550555 0.472763
0.459352 0.274931 0.459754
0.0763788 0.592553 0.053461
0.0479801 0.555115 0.305124
0.13418 0.842476 0.0442344
0.428476 0.555115 0.153307
0.149015 0.933721 0.0421036
0.0566521 0.626618 0.395844
0.376416 0.627752 0.410213
0.420707 0.555115 0.222898
0.408296 0.911133 0.0485553
0.456581 0.338392 0.0500979
0.384117 0.627752 0.422715
0.0571561 0.378621 0.467106
0.424397 0.599542 0.0534795
0.425432 0.610472 0.0555656
0.42421 0.103016 0.45785
0.0915495 0.627752 0.177521
0.361411 0.627752 0.331059
0.0446641 0.248862 0.440547
0.0392586 0.0308505 0.474267
0.425004 0.151149 0.0606746
0.444704 0.952669 0.0755536
0.318126 0.555115 0.241161
0.0516452 0.238523 0.120614
0.0378022 0.576393 0.238277
0.45771 0.913544 0.0644496
0.211499 0.627752 0.187534
0.0377995 0.571122 0.334341
0.0558701 0.576221 0.288915
0.198609 0.958307 0.0270938
0.139399 0.876212 0.0434847
0.03008 0.448039 0.445666
0.145152 0.601395 0.463031
0.0291993 0.446056 0.0485442
0.0369116 0.0504999 0.473295
0.0657236 0.590606 0.0534604
0.195603 0.324371 0.0489194
0.0268233 0.332929 0.0630858
0.140416 0.555115 0.392947
0.301069 0.555115 0.35078
0.228941 0.627752 0.406849
0.412045 0.555115 0.360055
0.401323 0.555115 0.0916711
0.420671 0.555115 0.151229
0.210064 0.555115 0.29396
0.43956 0.6033 0.262188
0.429296 0.565643 0.375432
0.337597 0.892112 0.0332066
0.038931 0.418135 0.0423804
0.382795 0.555115 0.237825
0.0428531 0.492373 0.475756
0.385348 0.883848 0.052256
0.386357 0.951271 0.0432463
0.444243 0.310665 0.440697
0.148822 0.6033 0.454262
0.0558679 0.601133 0.367255
0.0591588 0.956202 0.0630263
0.0356837 0.697309 0.0736408
0.238041 0.555115 0.296985
0.444613 0.526137 0.44085
0.44736 0.559109 0.153314
0.0951584 0.555115 0.439883
0.228614 0.555115 0.292433
0.180605 0.564366 0.0534665
0.432721 0.668961 0.0727152
0.025662 0.842815 0.0570848
0.256516 0.555115 0.0950116
0.430351 0.625582 0.129293
0.438927 0.76375 0.041988
0.419156 0.555115 0.153076
0.439533 0.18154 0.440934
0.168623 0.558336 0.444962
0.0819503 0.555115 0.12657
0.41351 0.595915 0.0654536
0.336744 0.599504 0.451041
0.281808 0.592108 0.0534719
0.128609 0.627752 0.0809553
0.173282 0.627752 0.124323
0.0252903 0.941508 0.0593843
0.325988 0.324374 0.0431406
0.428183 0.626801 0.371605
0.444379 0.2314 0.274949
0.456122 0.821103 0.0682836
0.0425838 0.319523 0.0764991
0.191442 0.555115 0.234899
0.428264 0.0296006 0.0685473
0.453962 0.515743 0.470915
0.0462559 0.302231 0.47448
0.449182 0.831428 0.0736987
0.0471302 0.206376 0.474118
0.0573381 0.510834 0.449018
0.458535 0.388465 0.453912
0.336474 0.555115 0.391357
0.423933 0.627752 0.256443
0.350707 0.324375 0.0462707
0.0433074 0.34985 0.475702
0.0558662 0.59736 0.426294
0.458537 0.891782 0.0548178
0.0294933 0.951605 0.0695324
0.436572 0.15527 0.0429635
0.379928 0.575851 0.463032
0.15643 0.627752 0.369809
0.0560668 0.457396 0.0704905
0.421691 0.565209 0.444963
0.159172 0.84267 0.0406445
0.393892 0.937248 0.0543236
0.145006 0.901211 0.0426793
0.0566637 0.514673 0.44739
0.435375 0.596858 0.169573
0.453958 0.567516 0.0455533
0.230895 0.951237 0.034591
0.43997 0.6033 0.194196
0.436004 0.234194 0.153091
0.391039 0.627752 0.312051
0.303014 0.58538 0.0715424
0.0616057 0.562867 0.0534602
0.0259695 0.788857 0.0610242
0.443812 0.349582 0.0413511
0.250821 0.557725 0.0534703
0.437242 0.572827 0.0715298
0.336759 0.627752 0.183436
0.217674 0.890269 0.0261859
0.286565 0.320906 0.039541
0.0697505 0.555115 0.22819
0.160432 0.555115 0.302055
0.459046 0.662167 0.0560466
0.0599862 0.519816 0.0610291
0.08371 0.597215 0.444962
0.0378018 0.572916 0.251179
0.139418 0.627752 0.114185
0.403187 0.627752 0.404895
0.0557557 0.432911 0.445197
0.307449 0.963627 0.0353795
0.110262 0.627752 0.26369
0.0377972 0.561883 0.416555
0.152624 0.627752 0.325271
0.270528 0.627752 0.115396
0.272824 0.559527 0.444963
0.048397 0.555115 0.157169
0.196486 0.555115 0.363427
0.0805097 0.555115 0.216902
0.0378041 0.577029 0.171222
0.386772 0.627752 0.276918
0.375861 0.627752 0.319692
0.202016 0.627752 0.0986466
0.408535 0.555115 0.0646314
0.330203 0.582377 0.463032
0.128046 0.627752 0.351851
0.434217 0.141307 0.0439391
0.429292 0.567976 0.189478
0.327771 0.569551 0.463032
0.223487 0.567299 0.0534688
0.437306 0.246423 0.227515
0.443778 0.231403 0.371387
0.429298 0.599339 0.459674
0.447362 0.579815 0.240365
0.25478 0.583786 0.0715398
0.443206 0.0535228 0.0761741
0.0561358 0.606787 0.0470401
0.403502 0.555115 0.453197
0.063818 0.885732 0.0524577
0.0299018 0.420062 0.0468479
0.189849 0.627752 0.0781465
0.193871 0.566525 0.444962
0.157166 0.555115 0.130882
0.0488407 0.233663 0.339392
0.42668 0.555115 0.423906
0.430322 0.6033 0.209884
0.0986168 0.555115 0.30863
0.191458 0.593967 0.463031
0.238479 0.555115 0.425515
0.412772 0.602744 0.0715482
0.394388 0.915015 0.0544437
0.0572018 0.160595 0.466996
0.325409 0.627752 0.109914
0.0940791 0.612351 0.451046
0.0477694 0.246545 0.0600424
0.3252 0.624794 0.447955
0.153532 0.942098 0.032348
0.42547 0.237543 0.0618002
0.0556844 0.32838 0.0714001
0.440803 0.632473 0.0760631
0.232437 0.627752 0.403297
0.0551815 0.208536 0.470783
0.0497824 0.607847 0.264997
0.305892 0.555115 0.183967
0.0387716 0.231402 0.330154
0.452873 0.264338 0.444272
0.139031 0.861973 0.0435376
0.146952 0.627752 0.251666
0.193317 0.625245 0.447274
0.132848 0.555115 0.196444
0.0408177 0.787324 0.0415988
0.055871 0.561828 0.256156
0.454455 0.20726 0.444927
0.203828 0.589662 0.463031
0.456509 0.0444295 0.0673493
0.041884 0.894373 0.0411571
0.21477 0.897156 0.0353588
0.223874 0.555115 0.178607
0.0437789 0.740669 0.0763309
0.35275 0.315055 0.453218
0.048462 0.555115 0.120707
0.446055 0.570483 0.0422799
0.0299958 0.762806 0.0707458
0.036907 0.244134 0.393913
0.0423421 0.231394 0.0565331
0.429294 0.601595 0.275666
0.427562 0.627149 0.380092
0.36728 0.627752 0.287109
0.458276 0.715255 0.0630856
0.36553 0.627752 0.421152
0.32275 0.572399 0.463032
0.238943 0.555115 0.429775
0.0598841 0.880563 0.0612754
0.0356155 0.125228 0.0437539
0.0614542 0.309384 0.0412039
0.128488 0.560611 0.444962
0.0870676 0.627752 0.290299
0.126612 0.60089 0.463031
0.0393801 0.264482 0.44137
0.0952608 0.555115 0.450007
0.0479257 0.48628 0.0427538
0.441568 0.863717 0.0408939
0.27531 0.627752 0.400866
0.0872664 0.555115 0.347234
0.450682 0.365163 0.0730777
0.40491 0.627752 0.318269
0.444451 0.246966 0.148001
0.429291 0.569835 0.168556
0.145278 0.555115 0.0970222
0.0373454 0.271999 0.0743292
0.341307 0.627752 0.2053
0.309023 0.905865 0.0382087
0.300074 0.627752 0.171679
0.447362 0.58051 0.218296
0.263971 0.555115 0.212104
0.366567 0.580447 0.0715458
0.0377988 0.590649 0.361258
0.236048 0.618412 0.0661531
0.434568 0.591829 0.441318
0.451615 0.617438 0.454955
0.0571337 0.0622363 0.0679151
0.359404 0.939983 0.0459778
0.109304 0.627752 0.326758
0.0791353 0.907457 0.0572575
0.222513 0.627752 0.409034
0.325755 0.594854 0.463032
0.0844083 0.624098 0.0676315
0.429609 0.762973 0.0714261
0.119063 0.627752 0.287004
0.0295583 0.105571 0.446926
0.0883878 0.627752 0.182086
0.449286 0.045963 0.0736559
0.166637 0.3088 0.441156
0.366366 0.555115 0.335107
0.0341363 0.23902 0.0757201
0.0388992 0.974576 0.0457367
0.268157 0.627752 0.361093
0.0923351 0.313623 0.0387566
0.25615 0.627752 0.266843
0.190017 0.928715 0.027503
0.411247 0.559063 0.444963
0.290154 0.313952 0.0535059
0.210689 0.594524 0.444962
0.435379 0.59989 0.356749
0.0665778 0.627752 0.267175
0.265378 0.9366 0.0260859
0.211511 0.94494 0.0264794
0.252213 0.564939 0.463032
0.33448 0.555115 0.289203
0.0597172 0.688707 0.0556891
0.165298 0.564288 0.463031
0.437132 0.23225 0.310959
0.112642 0.575883 0.444962
0.0264309 0.651289 0.0621383
0.429226 0.222432 0.469967
0.415558 0.555115 0.373204
0.427671 0.229973 0.0501597
0.222805 0.627752 0.431519
0.297971 0.627752 0.26489
0.447359 0.564116 0.0924379
0.425053 0.136605 0.455748
0.429053 0.360643 0.446094
0.106283 0.627752 0.350533
0.253098 0.627567 0.443744
0.335393 0.627752 0.346452
0.183972 0.555115 0.136342
0.0530033 0.403897 0.471685
0.397408 0.583801 0.0534781
0.434331 0.454028 0.0438918
0.441698 0.6033 0.286092
0.333921 0.555115 0.458992
0.0359784 0.960147 0.0436036
0.427195 0.789366 0.0659653
0.398727 0.627752 0.349467
0.157465 0.627752 0.35591
0.050403 0.617737 0.349678
0.0426853  0.975 0.0524455
0.253535 0.8976 0.0255219
0.0499209 0.6033 0.419872
0.379855 0.555115 0.367962
0.330033 0.627752 0.124175
0.0267451 0.373973 0.0544698
0.0478775 0.231998 0.0744256
0.0444045 0.456181 0.0412952
0.459389 0.306473 0.0603984
0.0462895 0.967562 0.0752911
0.0842016 0.6033 0.447719
0.44988 0.0275269 0.0438643
0.390902 0.627752 0.233188
0.16793 0.321398 0.451325
0.405802 0.870219 0.0572057
0.193578 0.324068 0.449784
0.230967 0.555115 0.0654238
0.253582 0.951196 0.0345588
0.429297 0.579423 0.399122
0.0813361 0.555115 0.215786
0.435741 0.422506 0.0739665
0.0809098 0.627752 0.428569
0.140299 0.580902 0.463031
0.240508 0.561197 0.0534697
0.309821 0.555115 0.284364
0.429294 0.576669 0.278256
0.046016 0.841792 0.0754044
0.0473591 0.051501 0.441663
0.0385396 0.555115 0.135833
0.455264 0.478282 0.0469193
0.207326 0.627752 0.264389
0.361566 0.627752 0.256969
0.427628 0.638768 0.0670114
0.0564346 0.408857 0.0477618
0.0404967 0.133126 0.440907
0.0378064 0.582928 0.0892634
0.163794 0.55918 0.071535
0.415147 0.924085 0.0599332
0.190563 0.555115 0.291035
0.429375 0.693221 0.0460473
0.0435714 0.750127 0.0409501
0.425907 0.916836 0.0544194
0.351979 0.308805 0.445795
0.432709 0.169886 0.44376
0.435378 0.597157 0.296819
0.446677 0.246858 0.286882
0.23124 0.853317 0.0345745
0.191734 0.627752 0.152686
0.0252346 0.224736 0.458326
0.43335 0.582222 0.07153
0.0866952 0.564395 0.444962
0.324574 0.584825 0.0534742
0.335541 0.557915 0.463032
0.392527 0.580693 0.444963
0.0955604 0.627752 0.126545
0.0419229 0.555115 0.157498
0.321221 0.555115 0.277437
0.123229 0.627752 0.15402
0.0666433 0.308796 0.0482154
0.0306564 0.624229 0.0715584
0.407279 0.908489 0.048309
0.0523309 0.927488 0.0445785
0.433327 0.6033 0.352579
0.178372 0.557282 0.0715357
0.426654 0.502859 0.451884
0.455484 0.0957313 0.446547
0.429291 0.593841 0.169834
0.442088 0.235549 0.439877
0.408582 0.555115 0.192296
0.447229 0.521253 0.441933
0.311157 0.555115 0.340853
0.0280084 0.677367 0.0659473
0.459977 0.601318 0.458244
0.0579229 0.62733 0.228414
0.0315027 0.0266106 0.0454577
0.0635851 0.581454 0.463031
0.389714 0.627752 0.140619
0.0291283 0.62043 0.0487155
0.0333391 0.625032 0.0726696
0.194045 0.555115 0.416616
0.0886177 0.319798 0.437982
0.293248 0.627752 0.371001
0.288366 0.555115 0.393564
0.134517 0.574979 0.0534641
0.354979 0.917994 0.0449071
0.188536 0.601838 0.0654465
0.108563 0.627752 0.354366
0.351266 0.627752 0.191735
0.272626 0.841541 0.0333346
0.458016 0.773141 0.053562
0.438174 0.793047 0.0749741
0.052058 0.297405 0.072902
0.0951325 0.555115 0.430853
0.307332 0.6033 0.455036
0.211967 0.627752 0.42109
0.443385 0.17489 0.0411744
0.180122 0.627752 0.213826
0.0710198 0.555115 0.279838
0.432895 0.579751 0.07153
0.134035 0.939896 0.0351486
0.417411 0.555115 0.211525
0.20469 0.874721 0.0358388
0.425172 0.599349 0.455462
0.252246 0.555115 0.262688
0.0768754 0.627752 0.395332
0.165483 0.627752 0.321433
0.265121 0.595933 0.0715404
0.0536521 0.599589 0.471416
0.278008 0.555115 0.304902
0.342232 0.917769 0.0429792
0.246519 0.555115 0.224072
0.216307 0.846212 0.026251
0.364908 0.555115 0.380565
0.236918 0.555115 0.143171
0.125197 0.898278 0.0461111
0.0433254 0.246966 0.147122
0.249347 0.627752 0.115481
0.458638 0.410898 0.0622117
0.0257208 0.16433 0.056943
0.400758 0.627752 0.0786695
0.0332175 0.513187 0.443921
0.428282 0.523109 0.447954
0.409898 0.571989 0.0715481
0.118237 0.324368 0.445218
0.204324 0.891748 0.0268217
0.0751125 0.555115 0.388697
0.139592 0.555115 0.362384
0.317062 0.6033 0.449096
0.318765 0.555115 0.0912023
0.0256844 0.102318 0.456276
0.427169 0.250507 0.0513716
0.161609 0.555115 0.415305
0.208442 0.960635 0.0266256
0.117475 0.954287 0.0387258
0.447359 0.570201 0.100303
0.0558692 0.579532 0.321768
0.0603937 0.0707714 0.459291
0.428222 0.0613395 0.467541
0.43002 0.170689 0.470763
0.336005 0.914337 0.0420846
0.45579 0.0786753 0.468352
0.433728 0.753025 0.0441418
0.429399 0.384956 0.445259
0.209711 0.555115 0.406392
0.403813 0.555115 0.447791
0.0467396 0.54659 0.47428
0.217618 0.594753 0.0654474
0.42468 0.841541 0.0576775
0.187717 0.627752 0.238757
0.429628 0.308807 0.0431615
0.156041 0.627752 0.125481
0.435471 0.243244 0.384307
0.360223 0.555115 0.139974
0.437722 0.388373 0.0424871
0.168816 0.627752 0.25251
0.441815 0.444512 0.475648
0.456012 0.293045 0.0487242
0.440906 0.246975 0.41602
0.0744548 0.555115 0.0664776
0.236981 0.59796 0.463031
0.193628 0.588685 0.0715365
0.124047 0.6033 0.450022
0.433074 0.4974 0.0444129
0.37775 0.593361 0.444963
0.0257249 0.148584 0.456179
0.429289 0.570001 0.0861043
0.0558676 0.575051 0.37788
0.429097 0.0287834 0.445988
0.112877 0.627752 0.119529
0.237244 0.555115 0.454901
0.277331 0.592639 0.071541
0.425155 0.190535 0.460134
0.0254789 0.782665 0.0575269
0.281601 0.627752 0.199399
0.08753 0.555115 0.254345
0.394838 0.627752 0.361916
0.377703 0.324377 0.0500128
0.286686 0.555115 0.118501
0.0519837 0.53138 0.472107
0.432074 0.342028 0.0724474
0.0558723 0.584654 0.209728
0.0614944 0.627752 0.164753
0.10652 0.598239 0.463031
0.458735 0.921044 0.0619769
0.42616 0.228459 0.46256
0.136153 0.317739 0.436793
0.0517958 0.452038 0.0443569
0.258666 0.555115 0.212292
0.428689 0.794928 0.0695737
0.299731 0.6033 0.0674193
0.441222 0.48158 0.0762368
0.0975195 0.941979 0.0435548
0.43215 0.617438 0.452718
0.44736 0.599526 0.144215
0.0379689 0.6033 0.331274
0.0767226 0.627752 0.303695
0.0540052 0.625133 0.347488
0.429297 0.594781 0.399278
0.435078 0.616693 0.392111
0.168155 0.948057 0.0393541
0.213552 0.321893 0.0519624
0.423572 0.555115 0.220199
0.405576 0.627752 0.118789
0.458348 0.466519 0.0543619
0.435373 0.6059 0.0915924
0.361438 0.555115 0.459285
0.398032 0.627752 0.166812
0.0914375 0.627752 0.318988
0.428208 0.488541 0.448133
0.458863 0.054482 0.460935
0.237371 0.585653 0.0715389
0.38587 0.324377 0.442906
0.430636 0.408691 0.444618
0.445997 0.751681 0.0422562
0.450411 0.477783 0.472386
0.437311  0.975 0.0592914
0.212634 0.557034 0.444962
0.452663 0.467465 0.0722571
0.238192 0.627752 0.303787
0.178171 0.950011 0.0379155
0.348322 0.882438 0.043854
0.459688 0.54133 0.456698
0.0935766 0.582011 0.444962
0.0683951 0.555115 0.457741
0.275338 0.555115 0.128422
0.437303 0.231943 0.159752
0.211617 0.627752 0.099453
0.287961 0.555115 0.175316
0.209411 0.907817 0.0265794
0.0822384 0.581776 0.444962
0.299165 0.555115 0.0573436
0.0512648 0.620554 0.18054
0.180228 0.555115 0.210524
0.0412688 0.695563 0.0414119
0.218365 0.555115 0.352317
0.436662 0.233047 0.0569899
0.0478792 0.452119 0.473808
0.0395762 0.528488 0.0752533
0.0652335 0.6033 0.451518
0.15733 0.627752 0.125869
0.447362 0.599681 0.243364
0.242806 0.627752 0.15842
0.32632 0.615383 0.0654508
0.0559335 0.350888 0.0465516
0.0390152 0.24697 0.27822
0.0287152 0.217169 0.0676538
0.027631 0.850228 0.0523308
0.458109 0.801974 0.0537853
0.369418 0.6033 0.452074
0.183773 0.627752 0.369837
0.446977 0.0257191 0.441829
0.0728354 0.555115 0.401049
0.439323 0.555115 0.349174
0.428026 0.324369 0.440616
0.0516477 0.729793 0.0442955
0.0346078 0.372202 0.47234
0.0508326 0.619139 0.107606
0.0287835 0.18589 0.448796
0.199071 0.6033 0.0700518
0.355112 0.950219 0.0357227
0.195344 0.555115 0.439683
0.295943 0.627752 0.430707
0.0730306 0.555115 0.154571
0.33354 0.555115 0.40391
0.444431 0.6033 0.237737
0.243363 0.592731 0.0654482
0.14876 0.6033 0.453819
0.0491663 0.6033 0.198887
0.356683 0.557595 0.463032
0.175703 0.555115 0.36246
0.232336 0.627752 0.127258
0.431009 0.6033 0.436558
0.435777 0.234596 0.283353
0.447359 0.576044 0.123611
0.4599 0.500051 0.0591651
0.202984 0.555115 0.387497
0.0472791 0.67615 0.0748813
0.353263 0.627752 0.20972
0.0606512 0.671639 0.0579446
0.0594251 0.420084 0.454057
0.243864 0.894107 0.0250613
0.131797 0.878303 0.0445767
0.239901 0.555115 0.459449
0.376095 0.316885 0.453935
0.180499 0.857894 0.0375811
0.279626 0.555115 0.190661
0.0558749 0.58943 0.117299
0.343671 0.841541 0.0405908
0.443098 0.231402 0.335342
0.352725 0.627752 0.258296
0.286599 0.615394 0.0654496
0.382254 0.555115 0.318066
0.313364 0.555115 0.423944
0.0569979 0.264973 0.0682428
0.0378362 0.313114 0.473678
0.168444 0.627752 0.284183
0.0516549 0.4562 0.0442986
0.0537307 0.624979 0.169096
0.0251332 0.409902 0.457607
0.130078 0.627752 0.284065
0.3361 0.587537 0.444963
0.219978 0.904248 0.0260762
0.459028 0.634483 0.0612683
0.0299458 0.103038 0.0706251
0.0406369  0.975 0.0693803
0.402223 0.627752 0.156969
0.295945 0.563495 0.071542
0.0692916 0.627752 0.181668
0.435878 0.234432 0.437645
0.210768 0.555115 0.391839
0.44736 0.588764 0.150217
0.0419608 0.382189 0.0762411
0.0368958 0.0356665 0.473288
0.425501 0.607531 0.0554006
0.429341 0.816076 0.0461302
0.297765 0.555115 0.140412
0.419227 0.58074 0.0715486
0.433756 0.945796 0.0441301
0.415903 0.889278 0.0601702
0.445123 0.142219 0.474576
0.429296 0.561677 0.362987
0.434464 0.315563 0.43672
0.248101 0.555115 0.363708
0.301834 0.555115 0.259783
0.124232 0.555115 0.452679
0.0605095 0.526217 0.0597659
0.0378059 0.558502 0.108212
0.0558668 0.583096 0.407162
0.0518048 0.132167 0.472181
0.308569 0.627752 0.193378
0.21833 0.596532 0.463031
0.0701881 0.627752 0.356229
0.0293571 0.274215 0.447411
0.44277 0.836952 0.0763545
0.0563491 0.608066 0.469054
0.434949 0.236024 0.215386
0.45648 0.497427 0.0498534
0.132645 0.627752 0.118584
0.0422868 0.231404 0.395097
0.427355 0.361677 0.465447
0.051082 0.6033 0.324826
0.0284842 0.500906 0.46617
0.270158 0.602489 0.451042
0.168651 0.555115 0.423408
0.231207 0.900115 0.0255414
0.126882 0.555115 0.0962528
0.445073 0.356504 0.474597
0.0497819 0.597586 0.423167
0.312797 0.555115 0.306692
0.19302 0.6033 0.447188
0.118115 0.627752  0.241
0.119618 0.627752 0.399773
0.40686 0.575801 0.444963
0.043075 0.968976 0.0410963
0.234502 0.901701 0.0344192
0.42529 0.134574 0.455177
0.049782 0.612183 0.421074
0.252175 0.627752 0.375032
0.0347697 0.24043 0.371058
0.402469 0.599434 0.0654532
0.380793 0.555115 0.141702
0.150307 0.324369 0.44692
0.0499327 0.6033 0.131414
0.0510575 0.619877 0.363177
0.325717 0.555115 0.386439
0.204316 0.606806 0.451044
0.231975 0.915315 0.0255049
0.456013 0.365149 0.447823
0.0689402 0.320162 0.452037
0.207162 0.627752 0.359611
0.0594243 0.95007 0.0623856
0.20174 0.627752 0.209645
0.128075 0.627752 0.280105
0.393541 0.627752 0.128652
0.312402 0.310534 0.0515318
0.450608 0.617438 0.455771
0.357229 0.572333 0.444963
0.122361 0.85318 0.0467973
0.429292 0.595873 0.179037
0.0383997 0.904676 0.0426005
0.0260817 0.163925 0.455318
0.144983 0.958917 0.0371195
0.425852 0.776395 0.054553
0.456584 0.0811611 0.449201
0.435375 0.615283 0.152056
0.0558696 0.572501 0.307939
0.290408 0.6033 0.461001
0.0378016 0.574519 0.259265
0.199863 0.962495 0.0360687
0.383808 0.871379 0.0518835
0.366019 0.570938 0.0534764
0.425673 0.479348 0.461383
0.237574 0.555115 0.390781
0.433297 0.617438 0.457269
0.0482463 0.555115 0.294461
0.426211 0.242513 0.0635884
0.34702 0.318358 0.437147
0.428923 0.478979 0.0471375
0.336564 0.627752 0.350837
0.0558725 0.574143 0.202901
0.136349 0.899698 0.0348162
0.172855 0.555115 0.112545
0.0377989 0.601096 0.357565
0.0519123 0.239375 0.0988167
0.283005 0.576869 0.053472
0.456803 0.0494462 0.0666398
0.449587 0.241815 0.283357
0.034902 0.240662 0.216209
0.439257 0.730991 0.0418515
0.0582344 0.564435 0.444962
0.0542377 0.222161 0.444513
0.445552 0.839394 0.0752024
0.0297571 0.57536 0.0701695
0.189199 0.6033 0.45048
0.297704 0.627752 0.114047
0.216109 0.581349 0.463031
0.278113 0.592132 0.463032
0.252376 0.890454 0.0345014
0.384628 0.93733 0.0520818
0.0330745 0.394768 0.07256
0.0876698 0.555115 0.276577
0.455514 0.358049 0.0697499
0.442428 0.538861 0.0764962
0.051206 0.150935 0.0732549
0.269328 0.925849 0.026274
0.0918407 0.555115 0.41726
0.0252263 0.498533 0.0581368
0.457391 0.593977 0.45115
0.081285 0.597982 0.451047
0.157771 0.627752 0.18934
0.231137 0.598447 0.463031
0.0558756 0.565586 0.0936693
0.44168 0.555115 0.434794
0.447364 0.598313 0.333153
0.0819771 0.558344 0.463031
0.20797 0.555115 0.198738
0.048003 0.516949 0.0427858
0.440111 0.6033 0.217156
0.403077 0.627752 0.138207
0.212778 0.627752 0.339289
0.268355 0.962871 0.0352623
0.0567498 0.324367 0.0495475
0.43538 0.603097 0.378296
0.435818 0.6033 0.400445
0.301005 0.863662 0.0279503
0.434533 0.236749 0.282541
0.178074 0.555115 0.250752
0.275672 0.568649 0.0715409
0.455023 0.205324 0.445433
0.181463 0.627752 0.142209
0.293829 0.627752 0.234901
0.0350484 0.962869 0.0439888
0.0938997 0.876096 0.0444308
0.208556 0.623034 0.0673574
0.0558682 0.594242 0.356123
0.128455 0.939171 0.0360689
0.338828 0.555115 0.238013
0.0431174 0.508244 0.0407621
0.22232 0.595525 0.451043
0.225194 0.627752 0.168748
0.0287425 0.0744011 0.0496471
0.0558704 0.570731 0.279109
0.329268 0.55906 0.444963
0.052537 0.182344 0.471878
0.278046 0.567772 0.444963
0.435374 0.614566 0.135783
0.0509719 0.661248 0.0733518
0.0792737 0.313316 0.0531415
0.211174 0.627752 0.368742
0.114386 0.627752 0.185237
0.0273987 0.0507641 0.452138
0.427497 0.226012 0.449848
0.413331 0.627752 0.121743
0.370435 0.627752 0.35113
0.436226 0.0941326 0.0741672
0.265849 0.627752 0.365213
0.0281468 0.457012 0.465356
0.405637 0.555115 0.154477
0.310481 0.315498 0.453475
0.0498354 0.434619 0.0435448
0.379347 0.555115 0.170566
0.0255698 0.277621 0.0600591
0.237995 0.6033 0.462166
0.0586201 0.0645855 0.463572
0.359706 0.856423 0.0460511
0.374902 0.555115 0.284257
0.271427 0.960618 0.0354085
0.424768 0.0298042 0.057168
0.0489061 0.0411725 0.473382
0.429734 0.284187 0.0714779
0.434287 0.241195 0.257918
0.452892 0.56909 0.0721622
0.429298 0.592085 0.448048
0.156577 0.583028 0.0534653
0.368535 0.582879 0.0715459
0.0965417 0.59526 0.451046
0.2898 0.555115 0.187736
0.425568 0.274909 0.454504
0.459317 0.188087 0.4558
0.114433 0.555115 0.449097
0.456678 0.493476 0.0669405
0.060077 0.455143 0.0608098
0.0410846 0.17081 0.0414882
0.163938 0.914457 0.0308533
0.0920634 0.880277 0.0448751
0.251415 0.555115 0.106923
0.343707 0.324376 0.050222
0.120817 0.6033 0.459363
0.108091 0.948875 0.0502507
0.177414 0.555115 0.059087
0.306863 0.566983 0.463032
0.315846 0.917959 0.0300821
0.240165 0.555115 0.311543
0.222431 0.316059 0.0373523
0.0543253 0.517137 0.071963
0.0289643 0.607894 0.467329
0.0362329 0.62043 0.471227
0.245031 0.627752 0.352423
0.20831 0.944843 0.0266319
0.213719 0.849799 0.0354089
0.0499201 0.113833 0.0435799
0.0377968 0.585461 0.430724
0.0809449 0.609203 0.0654431
0.293948 0.60934 0.0654498
0.440791 0.15292 0.041216
0.317271 0.627752 0.426671
0.189647 0.555115 0.186281
0.335988 0.555115 0.402918
0.0369943 0.755252 0.0741838
0.428123 0.558727 0.071549
0.186218 0.31847 0.437214
0.394109 0.555115 0.303873
0.432859 0.580966 0.471938
0.438878 0.548873 0.474431
0.444878 0.600363 0.0417925
0.0302975 0.902957 0.045957
0.426505 0.555115 0.070964
0.301984 0.598733 0.444963
0.456307 0.590356 0.467104
0.212635 0.6033 0.457383
0.442387 0.605954 0.439927
0.0866582 0.627752 0.272466
0.253088 0.905032 0.0255006
0.030397 0.597935 0.445089
0.318947 0.562061 0.0715432
0.247198 0.59715 0.451043
0.29461 0.627752 0.34822
0.169403 0.555115 0.129029
0.456509 0.654805 0.0499239
0.0559942 0.328033 0.46991
0.40243 0.6033 0.458054
0.227783 0.308801 0.44782
0.0596301 0.0399145 0.0554787
0.429294 0.595474 0.267138
0.029886 0.439102 0.469554
0.429292 0.591562 0.181817
0.434146 0.237407 0.0894007
0.425284 0.570897 0.444963
0.103806 0.555115 0.459104
0.375676 0.616813 0.0657408
0.329428 0.6033 0.0605653
0.139364 0.869964 0.0343831
0.295728 0.627752 0.0970732
0.0378045 0.580215 0.157901
0.455335 0.568269 0.46945
0.455294 0.31712 0.469548
0.35395 0.582311 0.463032
0.047873 0.169756 0.0746353
0.429298 0.591995 0.440224
0.301553 0.627752 0.266391
0.305184 0.627752 0.312356
0.126565 0.945627 0.0365263
0.385317 0.324377 0.442925
0.0499977 0.2427 0.230539
0.431493 0.812005 0.0722065
0.193886 0.627752 0.402028
0.220651 0.627752 0.167082
0.299182 0.627752 0.11085
0.190174 0.942055 0.0274955
0.435378 0.613645 0.31564
0.435374 0.61486 0.131585
0.354844 0.555115 0.0846897
0.15915 0.581843 0.0534654
0.11148 0.555115 0.353667
0.424858 0.963488 0.0603235
0.164916 0.565659 0.463031
0.0576212 0.36936 0.0667381
0.273193 0.555115 0.259765
0.438341 0.555115 0.146799
0.455211 0.243218 0.46975
0.059628 0.475276 0.0618937
0.19533 0.555115 0.209925
0.261083 0.555115 0.240847
0.43963 0.60214 0.444962
0.441796 0.37156 0.0764746
0.245978 0.627752 0.406948
0.0263179 0.220275 0.460941
0.0348491 0.240571 0.124513
0.388933 0.862743 0.0531237
0.432636 0.6033 0.267676
0.243819 0.886948 0.0340938
0.454115 0.118913 0.470852
0.426447 0.128422 0.0641586
0.442434 0.6033 0.338668
0.454821 0.238722 0.445079
0.425472 0.0303818 0.454737
0.288345 0.555115 0.274414
0.0314977 0.61389 0.444633
0.0542723 0.473958 0.444528
0.181625 0.555115 0.292256
0.160511 0.555115 0.221573
0.057411 0.942432 0.0544641
0.0534996 0.576983 0.444962
0.397354 0.897335 0.0551613
0.10651 0.322239 0.450838
0.411006 0.555115 0.336971
0.454905 0.802416 0.0460541
0.446654 0.246904 0.377523
0.0284725 0.0825098 0.0670678
0.0977765 0.893489 0.0434926
0.058099 0.764871 0.0517812
0.232747 0.559045 0.0534693
0.0961508 0.6033 0.446519
0.412095 0.555115 0.429002
0.439721 0.034904 0.47478
0.427008 0.672454 0.0517612
0.447363 0.5967 0.263231
0.358646 0.555115 0.137935
0.250182 0.586634 0.444963
0.170361 0.555115 0.366839
0.429291 0.601879 0.144201
0.429021 0.626331 0.349297
0.433898 0.567711 0.0732029
0.459994 0.128973 0.0583344
0.423864 0.565679 0.444963
0.233119 0.555115 0.253291
0.201213 0.555115 0.442857
0.0922806 0.88329 0.0540765
0.0584787 0.115206 0.463914
0.0336245 0.293101 0.0445787
0.413764 0.555115 0.253795
0.334679 0.594021 0.0654511
0.147188 0.614856 0.451045
0.280914 0.627752 0.391273
0.0499397 0.462209 0.442733
0.0489715 0.859857 0.043187
0.396403 0.59292 0.463032
0.430516 0.62549 0.189404
0.24697 0.555115 0.19352
0.12208 0.627752 0.242972
0.42661 0.182956 0.463647
0.0537432 0.6033 0.314677
0.28458 0.6033 0.451368
0.05728 0.0334775 0.0498035
0.0583192 0.7242 0.0650533
0.0873841 0.616273 0.450899
0.440738 0.17795 0.0412379
0.326076 0.555115 0.428304
0.0558702 0.580124 0.285816
0.211633 0.555561 0.444962
0.0485832 0.555115 0.300541
0.312642 0.555115 0.0739879
0.33404 0.627752 0.135326
0.1631 0.555115 0.129243
0.0274785 0.63106 0.0646677
0.226554 0.555115 0.112031
0.0411625 0.6033 0.161682
0.0392085 0.527781 0.441441
0.441789 0.175402 0.0764715
0.427589 0.723684 0.0669172
0.429293 0.576706 0.234879
0.260596 0.576678 0.444963
0.347757 0.555115 0.169873
0.316322 0.594683 0.0534738
0.447363 0.56307 0.281377
0.0903181 0.627752 0.281068
0.38114 0.6033 0.452392
0.246958 0.627752 0.0833623
0.425983 0.555115 0.0828081
0.0269427 0.284821 0.0539927
0.393005 0.314894 0.453125
0.308472 0.627752 0.187417
0.381683 0.555115 0.173815
0.037798 0.555323 0.387009
0.0563736 0.300492 0.0476145
0.0613469 0.607698 0.0654926
0.0461209 0.554196 0.474536
0.15643 0.555115 0.384203
0.337786 0.627752 0.246188
0.0526651 0.430623 0.0726506
0.0518321 0.238847 0.0960883
0.0477367 0.231751 0.381674
0.0626646 0.555115 0.089432
0.23551 0.564321 0.0715388
0.456052 0.515686 0.447917
0.167634 0.872294 0.039429
0.153319 0.627752 0.0831548
0.224701 0.627752 0.380671
0.288267 0.6033 0.458357
0.111704 0.555115 0.449268
0.14965 0.555115 0.143478
0.262042 0.555115 0.173842
0.45208 0.507034 0.0724985
0.0427277 0.6033 0.256772
0.454869 0.312766 0.47054
0.447365 0.581944 0.377472
0.296892 0.578974 0.463032
0.0635612 0.574666 0.444962
0.245626 0.869949 0.0341799
0.0558749 0.571022 0.116674
0.457472 0.208375 0.451346
0.190149 0.557293 0.463031
0.307516 0.592287 0.463032
0.434423 0.703081 0.0438538
0.0377986 0.59941 0.367435
0.0506864 0.236863 0.0591054
0.0543416 0.6033 0.418228
0.0497825 0.615113 0.210348
0.0448635 0.231396 0.113263
0.293438 0.627752 0.0937551
0.408386 0.576096 0.0534787
0.429295 0.577801 0.327756
0.338993 0.570251 0.444963
0.0680166 0.627752 0.388356
0.447362 0.571909 0.24285
0.438869 0.266918 0.441209
0.335729 0.609643 0.451041
0.435378 0.599901 0.322809
0.447358 0.56108 0.07385
0.0262363 0.407365 0.460744
0.203151 0.555115 0.191614
0.0552255 0.493407 0.444923
0.0505008 0.519842 0.472722
0.0564038 0.619707 0.069095
0.444142 0.555115 0.100127
0.0308898 0.489919 0.4708
0.0296966 0.225803 0.446592
0.304341 0.941117 0.0375361
0.094919 0.944043 0.0534381
0.309659 0.323155 0.051236
0.0329466 0.520325 0.0448595
0.247812 0.555115 0.42849
0.121587 0.909864 0.0377309
0.0583248 0.461822 0.0650397
0.280232 0.555115 0.0966798
0.378857 0.952466 0.0506853
0.180677 0.575635 0.0534666
0.117832 0.627752 0.152619
0.309148 0.586393 0.444963
0.332514 0.606057 0.451041
0.451621 0.858792 0.0445853
0.428684 0.608321 0.468657
0.059181 0.355079 0.0543942
0.0951438 0.627752 0.304952
0.0388007 0.723355 0.0424344
0.412983 0.627752 0.225549
0.270089 0.627752 0.413031
0.0915314 0.627752 0.0762133
0.137385 0.555115 0.449553
0.0497826 0.604131 0.19831
0.424456 0.212642 0.0579218
0.345266 0.577763 0.463032
0.444628 0.870237 0.041689
0.125679 0.627752 0.421278
0.323489 0.878203 0.0311801
0.275711 0.555115 0.237826
0.445393 0.0328984 0.0752681
0.0558701 0.563568 0.286918
0.0561145 0.102826 0.0469888
0.452199 0.673362 0.0448247
0.340743 0.31007 0.0408132
0.0520155 0.839992 0.0729196
0.415604 0.614151 0.0654536
0.0510604 0.619886 0.274545
0.0300486 0.0809007 0.0464936
0.131963 0.555115 0.25187
0.362228 0.576017 0.463032
0.0341354 0.597839 0.443541
0.0578395 0.627284 0.396768
0.371463 0.627752 0.199612
0.274466 0.606047 0.0654492
0.17925 0.569742 0.444962
0.0633506 0.627752 0.105213
0.049782 0.600099 0.407588
0.201785 0.627752 0.301054
0.0378069 0.555515 0.0728108
0.303978 0.555115 0.185961
0.0558756 0.580275 0.0941392
0.323048 0.555115 0.460081
0.0558672 0.586519 0.392647
0.0346632 0.615939 0.0732181
0.40287 0.581514 0.0534784
0.410917 0.555115 0.325835
0.0283051 0.125089 0.465738
0.0265029 0.597733 0.461387
0.444774 0.262418 0.474721
0.0506668 0.241549 0.342792
0.309886 0.555115 0.454843
0.364367 0.627752 0.106493
0.459869 0.375024 0.05924
0.0377967 0.585749 0.434608
0.252352 0.555115 0.0786465
0.420965 0.555115 0.384904
0.357667 0.853944 0.0455576
0.103103 0.894997 0.0422036
0.431602 0.119982 0.0450225
0.175225 0.561333 0.0534663
0.0558719 0.596161 0.225206
0.0575865 0.473765 0.466067
0.0368318 0.925854 0.0741164
0.0767907 0.555115 0.182703
0.0377983 0.565648 0.376034
0.123279 0.627752 0.392482
0.447363 0.588774 0.267838
0.254599 0.57678 0.0534705
0.245716 0.962141 0.0341842
0.2698 0.555115 0.197708
0.119491 0.605489 0.451046
0.447082 0.246149 0.197959
0.427681 0.0420864 0.449405
0.0344731 0.238447 0.212846
0.235351 0.308801 0.444614
0.436401 0.244859 0.0595032
0.054993 0.86818 0.0552212
0.0509116 0.623461 0.466142
0.243472 0.308801 0.445804
0.0388677 0.758206 0.0749598
0.432506 0.44879 0.443844
0.197782 0.627752 0.230005
0.0670954 0.55738 0.463031
0.4008 0.555115 0.410815
0.279413 0.577852 0.0715411
0.095094 0.555115 0.22185
0.428212 0.626784 0.321722
0.204922 0.555115 0.304536
0.443668 0.231405 0.424862
0.431094 0.625166 0.149744
0.0561963 0.555115 0.115995
0.052749 0.576512 0.443897
0.0403756 0.6033 0.419942
0.451021 0.13453 0.472133
0.447359 0.559019 0.094216
0.0257388 0.175287 0.0568994
0.337987 0.94008 0.0423694
0.458828 0.692679 0.0555216
0.412482 0.321038 0.438693
0.384083 0.573931 0.444963
0.315129 0.851317 0.0390859
0.438368 0.609846 0.0422195
0.175753 0.586515 0.444962
0.228041 0.555115 0.0716533
0.45903 0.509879 0.455108
0.11124 0.555115 0.140264
0.226471 0.599955 0.463031
0.0497823 0.605799 0.30424
0.316755 0.869624 0.0302127
0.111585 0.89185 0.0494051
0.141188 0.627752 0.0860476
0.242923 0.627752 0.148403
0.037799 0.563706 0.351776
0.254671 0.555115 0.227396
0.329125 0.564069 0.0715438
0.420496 0.85927 0.0616083
0.121321 0.627752 0.192695
0.437277 0.53231 0.0426716
0.0600238 0.390686 0.0564295
0.197955 0.555115 0.336014
0.176505 0.555115 0.396583
0.345471 0.555115 0.324441
0.243863 0.568617 0.0534699
0.254246 0.627752 0.234866
0.43508 0.244182 0.472858
0.371676 0.320032 0.0530404
0.253726 0.882655 0.0345656
0.429297 0.579883 0.393572
0.42658 0.181352 0.452062
0.151721 0.627752 0.297719
0.0295079 0.608203 0.447048
0.120313 0.587023 0.463031
0.436458 0.973745 0.0458578
0.446081 0.968976 0.0533771
0.184809 0.915387 0.0278554
0.0378023 0.576668 0.233372
0.383538 0.569696 0.463032
0.447358 0.602284 0.0891196
0.0293654 0.893896 0.0692238
0.265139 0.627752 0.0785835
0.081043 0.627752 0.422893
0.218796 0.589116 0.463031
0.0841562 0.563216 0.444962
0.333101 0.555115 0.387521
0.0678415 0.917378 0.0511978
0.297158 0.874534 0.0275995
0.0560519 0.968976 0.0619156
0.265186 0.315395 0.453416
0.170592 0.627752 0.421007
0.364369 0.555115 0.203717
0.0497821 0.602178 0.364487
0.177011 0.627752 0.117217
0.285315 0.627752 0.441054
0.335044 0.905039 0.0419467
0.0594329 0.603688 0.461611
0.072848 0.555115 0.269952
0.0378021 0.565602 0.242411
0.0401363 0.246968 0.197017
0.252038 0.312013 0.451463
0.0553527 0.920967 0.0645217
0.0579779 0.464717 0.0514888
0.36874 0.627752 0.374018
0.0619281 0.555115 0.0814111
0.183655 0.627752 0.432544
0.274483 0.313039 0.0529789
0.353343 0.627752 0.330356
0.0599854 0.52753 0.45541
0.399599 0.555115 0.416884
0.0291761 0.154494 0.46784
0.426688 0.59983 0.0525331
0.236982 0.901051 0.0252664
0.242557 0.627752 0.17652
0.0603351 0.692597 0.0571812
0.0336137 0.590587 0.0445832
0.436461 0.359459 0.0742644
0.425428 0.492137 0.0616991
0.423895 0.555115 0.186457
0.444895 0.0999314 0.474671
0.138598 0.555115 0.233111
0.199101 0.573905 0.463031
0.430385 0.46293 0.0455265
0.455688 0.285574 0.44704
0.188555 0.627752 0.230931
0.0571321 0.222941 0.0679189
0.429065 0.928832 0.0704812
0.216712 0.627752 0.0996505
0.428639 0.382706 0.0694527
0.122449 0.627752 0.104481
0.0734617 0.555115 0.328372
0.433067 0.926459 0.0444156
0.401564 0.876045 0.0469262
0.429391 0.369939 0.0460085
0.172315 0.905706 0.0296499
0.44118 0.24697 0.264049
0.38369 0.59157 0.0534774
0.120464 0.555115 0.446494
0.0558676 0.560052 0.376777
0.0558702 0.560906 0.284988
0.311347 0.555115 0.375405
0.19915 0.555115 0.378997
0.386759 0.594481 0.45104
0.310072 0.555115 0.0755897
0.0714689 0.586646 0.463031
0.184383 0.8478 0.0370231
0.037802 0.602847 0.247495
0.0911094 0.627752 0.0871489
0.116769 0.627752 0.0815102
0.0514068 0.313855 0.45253
0.43076 0.302828 0.0719027
0.0464736 0.246966 0.134804
0.44514 0.555115 0.400852
0.452432 0.604056 0.044921
0.238806 0.627752 0.396116
0.0280495 0.0298448 0.465121
0.155995 0.627752 0.302785
0.342205 0.627752 0.411722
0.437979 0.864833 0.0748932
0.0419378 0.166126 0.0411348
0.0513455 0.240366 0.232575
0.310194 0.609812 0.0654503
0.352112 0.555115 0.276036
0.137589 0.627752 0.26226
0.338516 0.584053 0.0715443
0.0484312 0.326798 0.0429632
0.0282001 0.144079 0.450204
0.457814 0.470896 0.0642002
0.0558742 0.573062 0.142515
0.117868 0.555115 0.147541
0.131265 0.555115 0.235429
0.332665 0.942048 0.0324982
0.110732 0.594214 0.444962
0.240692 0.627752 0.173277
0.306763 0.59889 0.463032
0.0576894 0.289489 0.449866
0.427248 0.627323 0.169617
0.0456527 0.788981 0.0755549
0.174165 0.555115 0.431763
0.188895 0.627752 0.115942
0.426242 0.907268 0.0539949
0.281811 0.627752 0.123382
0.20799 0.6033 0.0604129
0.407165 0.909689 0.0482815
0.0271891 0.748226 0.0639689
0.393395 0.555115 0.287067
0.447361 0.562415 0.175965
0.237049 0.853937 0.0252632
0.445935 0.231405 0.421783
0.0389875 0.585372 0.042357
0.194239 0.896839 0.0273019
0.324802 0.555115 0.418224
0.0399169 0.246967 0.188569
0.0352573 0.511594 0.443077
0.331172 0.865925 0.0322837
0.450346 0.0315471 0.443225
0.288207 0.866134 0.0362076
0.411631 0.555115 0.399167
0.124577 0.322378 0.0516806
0.210298 0.582517 0.0534681
0.207648 0.627752 0.207259
0.108593 0.627752 0.158312
0.442609 0.572366 0.0764212
0.204555 0.555395 0.444962
0.202892 0.31453 0.0538405
0.0524459 0.617438 0.463213
0.0574871 0.218641 0.449378
0.0369957 0.851075 0.0431821
0.429294 0.569624 0.292343
0.445805 0.6033 0.101376
0.441473 0.261493 0.0409332
0.424969 0.515363 0.459684
0.435378 0.592927 0.28857
0.314458 0.627752 0.350059
0.0266319 0.0766421 0.0626237
0.0875333 0.866715 0.0552253
0.163779 0.555115 0.422846
0.403155 0.555115 0.332365
0.110304 0.555115 0.401693
0.0553397 0.757329 0.0715429
0.0771553 0.557122 0.0715303
0.43049 0.6033 0.207122
0.171721 0.627752 0.420415
0.0803111 0.612416 0.451047
0.0768709 0.627752 0.334411
0.357308 0.853543 0.0362166
0.426101 0.225987 0.462418
0.137098 0.555115 0.0596545
0.447364 0.584725 0.339013
0.0318836 0.375259 0.0720667
0.0255997 0.376392 0.459207
0.381062 0.555115 0.161427
0.441767 0.339321 0.0408114
0.0272601 0.285696 0.0641403
0.0372681 0.233612 0.286486
0.430795 0.36118 0.444552
0.324366 0.59627 0.463032
0.456582 0.73245 0.067172
0.0505632 0.555115 0.125188
0.43469 0.617953 0.248842
0.431693 0.0920434 0.471455
0.0770478 0.627752 0.331719
0.0267529 0.216426 0.461991
0.0295979 0.723842 0.0475818
0.288382 0.923637 0.0271815
0.444676 0.474475 0.440876
0.236002 0.555115 0.245646
0.433293 0.622534 0.434306
0.42785 0.326043 0.0675459
0.0558698 0.561991 0.299983
0.0377966 0.556682 0.438852
0.203837 0.555115 0.141552
0.324183 0.555115 0.319395
0.344787 0.555115 0.39596
0.0632965 0.627752 0.192216
0.424269 0.518176 0.457991
0.0472155 0.555115 0.0998464
0.354458 0.308805 0.445132
0.383718 0.555115 0.170452
0.439337 0.231397 0.155067
0.431161 0.913029 0.045205
0.254723 0.555115 0.208208
0.277362 0.562149 0.444963
0.413388 0.6033   0.06
0.0725034 0.555115 0.16424
0.103942 0.6033 0.460955
0.232356 0.6033 0.453371
0.361829 0.6033 0.0545167
0.426649 0.111099 0.463742
0.231944 0.623468 0.44902
0.451981 0.390528 0.0447342
0.184396 0.559468 0.444962
0.272529 0.627752 0.216844
0.382461 0.897732 0.0515574
0.0394755 0.285427 0.0752115
0.16521 0.567161 0.444962
0.130851 0.557039 0.463031
0.0264394 0.266568 0.055208
0.428168 0.104392 0.46741
0.15043 0.555115 0.458743
0.0472147 0.600719 0.441604
0.428055 0.442087 0.0680418
0.0416261 0.405169 0.0761024
0.0331566 0.469866 0.471739
0.0608949 0.475266 0.058533
0.460014 0.476205 0.0588897
0.0275772 0.388476 0.451708
0.0492269 0.81098 0.0432928
0.130211 0.615441 0.451045
0.222233 0.555115 0.108536
0.141946 0.555115 0.347116
0.0567552 0.564235 0.447611
0.288782 0.556296 0.444963
0.171129 0.594127 0.065446
0.0378061 0.578042 0.0984188
0.120252 0.85351 0.0380539
0.313215 0.862698 0.0388108
0.222666 0.6033 0.461921
0.429077 0.561536 0.446036
0.24106 0.627752 0.135842
0.338535 0.6033 0.0674703
0.379376 0.596033 0.0534771
0.344478 0.555115 0.453915
0.447365 0.58661 0.378624
0.427408 0.252341 0.0664789
0.336455 0.6033 0.455735
0.278204 0.869424 0.0266968
