0.364666 0.479758 0.38602
0.207682 0.479758 0.470336
0.190067 0.565432 0.245503
0.055089 0.189716 0.0436259
0.0567791 0.197546 0.341136
0.0279439 0.433032 0.0718366
0.0598334 0.0263552 0.0802902
0.0301879 0.960803 0.0772549
0.523161 0.534912 0.136487
0.0368787 0.199457 0.36757
0.388134 0.188378 0.525923
0.506073 0.360392 0.518836
0.0289631 0.378438 0.0551595
0.172344 0.838219 0.0450192
0.257711 0.348349 0.0552785
0.356834 0.479758 0.456941
0.0950581 0.206548 0.518332
0.0643381 0.769252 0.0721476
0.53409 0.816106 0.0547267
0.47274 0.565432 0.171813
0.063699 0.363039 0.0736903
0.474493 0.863478 0.052155
0.0379193 0.343344 0.231714
0.0559535 0.49633 0.0818971
0.174651 0.536591 0.538486
0.501856 0.512361 0.394729
0.0258695 0.374926 0.533529
0.322271 0.835591 0.0318311
0.501859 0.514112 0.518863
0.104861 0.920841 0.0539611
0.0493053 0.171117 0.555466
0.513842 0.0475202 0.51562
0.454412 0.34864 0.0474743
0.0656084 0.350035 0.531074
0.417716 0.565432 0.265564
0.0324777 0.37101 0.520024
0.184404 0.886553 0.0432869
0.0401049 0.529517 0.0976147
0.523369 0.204651 0.100704
0.159341 0.479758 0.302495
0.0536286 0.690145 0.0828599
0.34993 0.50416 0.541647
0.205889 0.479758 0.354255
0.208665 0.479758 0.354216
0.519943 0.369783 0.515491
0.380399 0.524364 0.520334
0.0462972 0.18819 0.342487
0.430499 0.746728 0.0524238
0.0408249 0.330529 0.274357
0.362106 0.536591 0.531117
0.0965849 0.479758 0.532414
0.44515 0.491996 0.520334
0.215335 0.479758 0.539708
0.452799 0.565432 0.29749
0.502211 0.563374 0.442192
0.0510711 0.776892 0.0455388
0.0503176 0.206554 0.291331
0.360685 0.565432 0.336605
0.284666 0.518903 0.0798918
0.506186 0.504278 0.0479493
0.0593152 0.337847 0.55132
0.0294468 0.0813598 0.546163
0.0385361 0.202328 0.511773
0.526633 0.0294595 0.518264
0.499186 0.436502 0.527422
0.0718563 0.565432 0.224203
0.531982 0.294307 0.550517
0.0535444 0.203135 0.157937
0.483094 0.565432 0.394465
0.0614085 0.511761 0.404146
0.329377 0.565432 0.183246
0.532564 0.534432 0.0510443
0.535733 0.156575 0.0586915
0.0615325 0.102704 0.521233
0.194176 0.565432 0.421074
0.0372881 0.523409 0.518032
0.0619857 0.50076 0.0516282
0.346234 0.843825 0.0280771
0.402937 0.565432 0.470869
0.065232 0.655368 0.059468
0.0878324 0.525332 0.541646
0.102965 0.206548 0.516384
0.528638 0.291911 0.0810614
0.510796 0.205032 0.19588
0.508436 0.343026 0.150894
0.122154 0.479758 0.426985
0.335849 0.479758 0.498126
0.174061 0.479758 0.406283
0.0298721 0.0471113 0.54719
0.455688 0.336306 0.0410306
0.0500713 0.330268 0.21283
0.285849 0.91504 0.0252011
0.265733 0.565432 0.427636
0.107037 0.330265 0.0536574
0.0350343 0.286389 0.0813073
0.303189 0.479758 0.267278
0.417383 0.479758 0.50483
0.274395 0.479758 0.36533
0.138894 0.565432 0.22648
0.0587277 0.384837 0.0487103
0.516589 0.330273 0.371936
0.219666 0.565432 0.180657
0.0401018 0.500132 0.209097
0.138755 0.863388 0.0400561
0.361178 0.565432 0.294822
0.163714 0.479758 0.21662
0.0592473 0.562362 0.233614
0.523124 0.423638 0.51681
0.0668677 0.144231 0.0634182
0.318323 0.532075 0.520334
0.50633 0.78267 0.0814584
0.190494 0.499986 0.541646
0.318923 0.479758 0.185865
0.282495 0.196877 0.530833
0.329058 0.479758 0.418273
0.509025 0.527644 0.150582
0.303312 0.536591 0.526991
0.462106 0.479758 0.463577
0.472929 0.863882 0.0517765
0.361398 0.889049 0.0407805
0.320447 0.479758 0.234016
0.392098 0.533634 0.527503
0.0438531 0.16002 0.0849603
0.0715996 0.737256 0.0682329
0.445463 0.479758 0.262923
0.372653 0.917324 0.0423974
0.298301 0.479758 0.462108
0.305434 0.565432 0.352834
0.498547 0.479758 0.194899
0.519171 0.34864 0.469044
0.120967 0.536591 0.5411
0.432148 0.479758 0.319996
0.359737 0.479758 0.372911
0.501745 0.395296 0.521244
0.499613 0.564832 0.448519
0.525227 0.5583 0.0824738
0.374659 0.565432 0.508585
0.203433 0.479758 0.201698
0.108124 0.479758 0.44401
0.38116 0.530814 0.0727107
0.0510985 0.479758 0.375826
0.0621276 0.0634472 0.52267
0.0367519 0.337578 0.210502
0.0405979 0.2059 0.503844
0.0667409 0.817366 0.066347
0.0381124 0.207154 0.553363
0.506702 0.444105 0.0477352
0.0432087 0.348634 0.267288
0.0807296 0.479758 0.331889
0.13715 0.330266 0.0487267
0.0614126 0.530246 0.258514
0.53226 0.717246 0.0790365
0.457734 0.894151 0.0590142
0.503229 0.472349 0.520014
0.5091 0.20209 0.414094
0.449303 0.330756 0.526093
0.063332 0.104888 0.525578
0.52031 0.264602 0.515643
0.47619 0.479758 0.513742
0.296036 0.479758 0.46893
0.0662765 0.169291 0.538368
0.0252507 0.871908 0.0641231
0.0505573 0.0711849 0.554948
0.166079 0.565432 0.47103
0.0401033 0.528731 0.15461
0.40676 0.54854 0.527503
0.506283 0.560209 0.406386
0.430725 0.565432 0.150684
0.22753 0.835591 0.0366006
0.376605 0.200879 0.0583915
0.088317 0.565432 0.244634
0.216379 0.479758 0.532697
0.501859 0.48835 0.532077
0.517845 0.0744684 0.0855313
0.451521 0.188193 0.0449536
0.477047 0.479758 0.361833
0.379477 0.188658 0.0553855
0.524319 0.191724 0.179724
0.12436 0.479758 0.272847
0.199614 0.551956 0.0728959
0.485531 0.479758 0.4218
0.395187 0.516084 0.520334
0.509027 0.528683 0.223431
0.387835 0.53287 0.541647
0.362905 0.850238 0.040997
0.311012 0.346911 0.526812
0.0614108 0.486828 0.324576
0.277514 0.565432 0.483026
0.534883 0.447975 0.0727066
0.431487 0.499579 0.520334
0.516534 0.445634 0.556491
0.0731922 0.536591 0.532331
0.401828 0.191801 0.5279
0.501855 0.515249 0.357111
0.496378 0.948469 0.0632763
0.0401036 0.480175 0.143101
0.117523 0.508512 0.520333
0.0460051 0.859583 0.0858518
0.259372 0.536591 0.522178
0.061415 0.481697 0.171204
0.1321 0.565432 0.270285
0.133276 0.348631 0.049695
0.0651432 0.265803 0.541104
0.0646895 0.311062 0.528855
0.0551161 0.0544923 0.55306
0.256652 0.882254 0.0261893
0.504149 0.933773 0.0805548
0.0614168 0.495323 0.0746243
0.354699 0.479758 0.15013
0.0574926 0.0408867 0.51898
0.526883 0.311656 0.552629
0.109834 0.548586 0.52751
0.491243 0.479758 0.306627
0.158692 0.479758 0.41489
0.0627267 0.151757 0.524116
0.523169 0.494379 0.426063
0.426648 0.479758 0.415403
0.209651 0.565432 0.51663
0.355522 0.479758 0.148653
0.375972 0.479758 0.42818
0.096759 0.480173 0.541646
0.527446 0.408219 0.0815551
0.0614053 0.490162 0.527115
0.0928139 0.492486 0.520333
0.533475 0.134474 0.0761056
0.128864 0.565432 0.291264
0.509029 0.533797 0.341181
0.536199 0.070105 0.0598175
0.0493835 0.536591 0.479473
0.504226 0.562241 0.187434
0.278157 0.565432 0.454632
0.448738 0.565432 0.121824
0.49405 0.188195 0.52055
0.484138 0.479758 0.170374
0.246061 0.479758 0.370577
0.386341 0.479758 0.193966
0.138877 0.499388 0.520333
0.515814 0.188194 0.486072
0.526403 0.307021 0.552828
0.120161 0.200492 0.0410152
0.0287984 0.400783 0.0738998
0.0582446 0.262688 0.0485102
0.0415806 0.348639 0.423167
0.493809 0.838354 0.0689089
0.0733415 0.479758 0.157804
0.202187 0.479758 0.462835
0.527937 0.136246 0.552193
0.114312 0.479758 0.0588659
0.0825829 0.337873 0.0401183
0.531088 0.672351 0.049301
0.525064 0.0403135 0.553382
0.45954 0.496979 0.541647
0.523167 0.520969 0.362159
0.526835 0.222725 0.0818079
0.312484 0.565432 0.231477
0.0506677 0.257467 0.554902
0.519312 0.479758 0.412382
0.0401042 0.490255 0.12402
0.209445 0.565432 0.0904414
0.532196 0.939499 0.0501556
0.0588538 0.962202 0.0806959
0.409752 0.479758 0.235337
0.0305737 0.4699 0.0781864
0.504695 0.088992 0.551586
0.515123 0.901925 0.0442467
0.356379 0.564288 0.079913
0.498301 0.479758 0.521674
0.354667 0.565432 0.392006
0.423966 0.565432 0.423279
0.0915943 0.857262 0.062383
0.038061 0.430737 0.517712
0.338178 0.518904 0.541647
0.0335144 0.330893 0.551459
0.428179 0.486803 0.541647
0.0268291 0.426006 0.531213
0.203164 0.513446 0.0585752
0.356645 0.483203 0.520334
0.0887376 0.196588 0.0396582
0.537558 0.312705 0.0662497
0.195429 0.479758 0.247488
0.0265622 0.480419 0.0685005
0.53154 0.292788 0.5507
0.02576 0.406859 0.0628934
0.0659471 0.0643827 0.531892
0.226283 0.189997 0.514167
0.0401011 0.482504 0.233594
0.263693 0.499709 0.0585784
0.0380818 0.158071 0.553351
0.220487 0.718341 0.0385675
0.431121 0.565432 0.122478
0.042482 0.444787 0.555173
0.332066 0.479758 0.424746
0.0805299 0.536591 0.52089
0.0614119 0.488942 0.28403
0.404201 0.479758 0.241007
0.367608 0.479758 0.166807
0.061412 0.487354 0.27936
0.226648 0.510326 0.0798887
0.507937 0.536591 0.205554
0.42737 0.561221 0.0753174
0.501512 0.316716 0.0784693
0.307553 0.521292 0.541647
0.537823 0.374204 0.536534
0.411424 0.900702 0.0479667
0.0647779 0.0586542 0.0583712
0.377876 0.479758 0.1307
0.385008 0.479758 0.371994
0.0391034 0.203311 0.49828
0.169238 0.565432 0.398211
0.352871 0.565432 0.214015
0.507087 0.459344 0.0817721
0.535031 0.592817 0.0569987
0.347413 0.554096 0.526756
0.168618 0.479758 0.367303
0.3132 0.479758 0.468645
0.308362 0.737403 0.0369294
0.512038 0.20489 0.554628
0.0400997 0.491711 0.280808
0.0555513 0.337152 0.297648
0.50185 0.529087 0.155141
0.0597032 0.205941 0.55116
0.0816433 0.479758 0.376453
0.270722 0.188188 0.0499198
0.0486596 0.0270857 0.555734
0.525821 0.904311 0.0822281
0.121028 0.565432 0.212263
0.0400968 0.519305 0.384486
0.109521 0.512387 0.520333
0.371292 0.479758 0.176843
0.497792 0.648712 0.0694849
0.0326961 0.130181 0.55112
0.0307758 0.104371 0.521686
0.53412 0.0913159 0.545471
0.43184 0.528659 0.520334
0.498884 0.292833 0.542846
0.095157 0.479758 0.489268
0.0530804 0.77927 0.046371
0.233559 0.333395 0.0569204
0.0639083 0.316745 0.544084
0.442943 0.479758 0.104534
0.517181 0.89492 0.0858063
0.498695 0.138057 0.542388
0.49994 0.544672 0.0746726
0.202877 0.479758 0.518605
0.422767 0.479758 0.100126
0.523166 0.531144 0.301637
0.318966 0.841344 0.0374344
0.0265151 0.0513579 0.0683866
0.17615 0.553568 0.526897
0.0256822 0.214191 0.537075
0.513227 0.206557 0.429039
0.0663746 0.70985 0.0622274
0.286692 0.479758 0.066924
0.306909 0.516776 0.541647
0.503173 0.130298 0.520037
0.501858 0.51386 0.462408
0.460362 0.479758 0.487052
0.499066 0.332416 0.543286
0.529932 0.0838866 0.551366
0.187151 0.536591 0.527895
0.523171 0.488609 0.516497
0.0888289 0.768043 0.0619135
0.0614123 0.493024 0.270321
0.0702327 0.479758 0.10048
0.100453 0.479758 0.44876
0.0401028 0.489184 0.17361
0.0401047 0.498985 0.103213
0.144278 0.553547 0.0733086
0.0651164 0.460574 0.529886
0.379536 0.565432 0.477996
0.0411025 0.215877 0.0456359
0.501857 0.531911 0.457179
0.371938 0.50972 0.520334
0.0381073 0.193145 0.158529
0.0517265 0.46157 0.0836477
0.38706 0.565432 0.309161
0.0394058 0.190911 0.364919
0.537698 0.167339 0.0659104
0.26151 0.565432 0.262329
0.522183 0.146855 0.045613
0.361416 0.565432 0.0936276
0.182379 0.512621 0.0585741
0.497347 0.550494 0.0609376
0.0634477 0.399796 0.055159
0.270237 0.532492 0.520333
0.123904 0.565432 0.16094
0.0565499 0.340022 0.296859
0.347585 0.565432 0.349595
0.531828 0.484729 0.0797402
0.529966 0.401886 0.0488366
0.316598 0.479758 0.480235
0.0268869 0.0286721 0.531073
0.0542303 0.540831 0.230202
0.0430708 0.224878 0.555417
0.0956123 0.50793 0.541646
0.340753 0.18819 0.049768
0.108821 0.479758 0.491238
0.344673 0.722996 0.0280028
0.200252 0.5001 0.520333
0.20944 0.479758 0.386013
0.368508 0.565432 0.375805
0.199214 0.536591 0.0689597
0.166727 0.479758 0.225765
0.279387 0.565432 0.0996231
0.222865 0.346803 0.0561703
0.496465 0.484405 0.537002
0.511011 0.347487 0.0831774
0.397479 0.479758 0.432677
0.0638574 0.564949 0.129147
0.0358008 0.339675 0.150233
0.205111 0.330268 0.0489115
0.040098 0.521465 0.342757
0.280188 0.565432 0.396126
0.181807 0.196614 0.510346
0.533496 0.0869368 0.524016
0.158401 0.479758 0.460424
0.292591 0.348635 0.0451757
0.352093 0.337803 0.530165
0.526814 0.303003 0.0818165
0.488893 0.565432 0.482059
0.514536 0.32313 0.515332
0.388104 0.492639 0.520334
0.118843 0.870687 0.0448745
0.526929 0.338327 0.263538
0.508057 0.479758 0.43616
0.50185 0.488169 0.178163
0.313281 0.565432 0.108757
0.0386646 0.344635 0.222545
0.51572 0.330273 0.398308
0.0448602 0.348637 0.342937
0.039503 0.190742 0.359067
0.437574 0.565432 0.426144
0.536725 0.121902 0.0610875
0.0542296 0.543598 0.500141
0.0589209 0.54294 0.523746
0.117957 0.479758 0.201563
0.061417 0.499336 0.0714654
0.501855 0.525047 0.350603
0.501859 0.534611 0.538821
0.356069 0.565432 0.393606
0.0483977 0.348635 0.282731
0.12284 0.528668 0.0585709
0.508389 0.193875 0.252925
0.149067 0.479758 0.389643
0.0614135 0.50948 0.225129
0.48515 0.711006 0.0661974
0.374575 0.565432 0.0834968
0.132115 0.508495 0.0585714
0.361824 0.191568 0.0425626
0.0359211 0.665495 0.0477824
0.498369 0.96902 0.0692583
0.10327 0.530965 0.072702
0.0559694 0.195796 0.140322
0.257673 0.489015 0.541646
0.313173 0.835591 0.0290402
0.410525 0.206557 0.515745
0.523167 0.488664 0.3742
0.348095 0.565432 0.436783
0.507877 0.199972 0.452047
0.281056 0.479758 0.180284
0.536912 0.118959 0.538734
0.0436099 0.17597 0.555641
0.496336 0.296093 0.536691
0.334484 0.516803 0.0585822
0.353876 0.504088 0.541647
0.107443 0.479758 0.203643
0.490174 0.206559 0.053911
0.413589 0.502117 0.520334
0.535292 0.109564 0.0717197
0.030259 0.351151 0.0520306
0.244853 0.199976 0.529612
0.0430381 0.536591 0.260755
0.535305 0.20095 0.528384
0.160488 0.549995 0.0727038
0.0400956 0.50581 0.429509
0.505026 0.225346 0.551723
0.268894 0.51596 0.520333
0.0379923 0.343469 0.351823
0.361394 0.348638 0.0530181
0.200304 0.721454 0.0302619
0.0599948 0.479758 0.28473
0.0563608 0.558193 0.392066
0.133813 0.565432 0.367096
0.393735 0.736004 0.0346846
0.211976 0.841221 0.0393262
0.173325 0.479758 0.226314
0.220896 0.565432 0.220561
0.281605 0.479758 0.0696503
0.258178 0.479758 0.19486
0.0922178 0.565432 0.333888
0.050304 0.0881031 0.516001
0.0389139 0.191771 0.488189
0.515264 0.479758 0.337502
0.132096 0.565432 0.486954
0.501849 0.495549 0.11399
0.499037 0.66125 0.0568563
0.0326645 0.417438 0.551107
0.171127 0.768043 0.0374735
0.326611 0.768043 0.0361999
0.0309983 0.222311 0.549908
0.501849 0.483583 0.100922
0.357357 0.565432 0.351083
0.281338 0.565432 0.323407
0.30681 0.536591 0.532359
0.518116 0.420021 0.0439287
0.513772 0.505694 0.555346
0.438306 0.479758 0.283743
0.0614113 0.489267 0.305249
0.0373772 0.375839 0.553059
0.5369 0.155969 0.532233
0.501858 0.51055 0.461078
0.409411 0.529106 0.520334
0.433688 0.888533 0.0531954
0.480295 0.565432 0.245375
0.162372 0.768043 0.0442115
0.0257521 0.794368 0.0629125
0.519782 0.330266 0.143779
0.0770959 0.565432 0.265892
0.042026 0.397469 0.0842035
0.499264 0.191481 0.543763
0.0616294 0.203819 0.0786867
0.51142 0.938093 0.0457807
0.040098 0.506787 0.341823
0.239156 0.564686 0.5197
0.0386375 0.392096 0.553581
0.397615 0.737684 0.0459831
0.513699 0.330267 0.190302
0.130845 0.887317 0.0419702
0.501858 0.520578 0.47074
0.0859911 0.479758 0.527032
0.504374 0.909968 0.061115
0.526501 0.0634242 0.518209
0.501852 0.480305 0.22165
0.144666 0.479758 0.52035
0.0706431 0.479758 0.0834919
0.0517696 0.534411 0.520333
0.413029 0.491366 0.541647
0.507058 0.557676 0.420582
0.512404 0.206557 0.411749
0.0658277 0.156924 0.0609065
0.510496 0.204512 0.148194
0.125863 0.5021 0.541646
0.491294 0.488649 0.541647
0.0407392 0.664869 0.0457864
0.220189 0.201209 0.0581982
0.435516 0.565432 0.373463
0.334496 0.479758 0.524303
0.0642774 0.287829 0.543193
0.175901 0.565432 0.25015
0.501072 0.14462 0.52287
0.042466 0.348639 0.448897
0.411802 0.479758 0.456952
0.501853 0.533345 0.297405
0.1203 0.885192 0.0445219
0.473724 0.479758 0.534216
0.0615664 0.388006 0.549737
0.107375 0.479758 0.535567
0.0572566 0.561123 0.424226
0.065491 0.443214 0.0600934
0.385066 0.717481 0.0334393
0.178279 0.701618 0.0334257
0.0484931 0.206547 0.0752835
0.0414164 0.277271 0.554732
0.50903 0.542294 0.390046
0.269955 0.486574 0.0585788
0.0526674 0.332156 0.438352
0.287615 0.479758 0.128641
0.0852902 0.720845 0.0529938
0.365572 0.330273 0.0467644
0.115304 0.532049 0.0798828
0.0535359 0.278261 0.0465597
0.0472673 0.330265 0.116272
0.429837 0.74808 0.0522635
0.50718 0.536591 0.209185
0.0802436 0.565432 0.287777
0.524507 0.550482 0.0827721
0.515568 0.536591 0.408417
0.246898 0.479758 0.268896
0.0565822 0.339966 0.295584
0.0631599 0.659167 0.0749918
0.112089 0.206548 0.519749
0.496138 0.89271 0.0638564
0.43449 0.479758 0.277955
0.523029 0.205241 0.123269
0.531729 0.29808 0.520375
0.101428 0.479758 0.35673
0.0843545 0.487217 0.520333
0.0354633 0.245508 0.047972
0.147774 0.479758 0.158429
0.34573 0.847296 0.0280531
0.370063 0.334417 0.51282
0.455853 0.494045 0.0799009
0.157145 0.517005 0.541646
0.0476398 0.536591 0.103603
0.524293 0.33376 0.291315
0.0851203 0.493788 0.0798812
0.286843 0.206044 0.0554081
0.233032 0.20579 0.514774
0.0363077 0.338364 0.455688
0.537081 0.714286 0.0674004
0.0614175 0.50855 0.0840659
0.453167 0.565432 0.284264
0.0542305 0.545171 0.165447
0.061408 0.534336 0.425169
0.375941 0.768043 0.0400702
0.517187 0.0748048 0.556645
0.0418739 0.198609 0.0453163
0.0388112 0.334014 0.243801
0.0992664 0.200061 0.0407664
0.18519 0.565432 0.366863
0.0743719 0.565432 0.163391
0.203197 0.541682 0.527508
0.205371 0.341105 0.510867
0.128507 0.491231 0.0585712
0.218063 0.565432 0.459249
0.271404 0.565432 0.269528
0.0648518 0.479758 0.402185
0.315638 0.565432 0.518162
0.499215 0.389906 0.0564274
0.0928933 0.330264 0.523898
0.27597 0.195727 0.530169
0.336029 0.768043 0.0370346
0.507234 0.479758 0.344848
0.148397 0.188184 0.517103
0.318371 0.338668 0.059963
0.509854 0.536591 0.441309
0.0508939 0.479758 0.341621
0.039392 0.333012 0.299618
0.201769 0.565432 0.125077
0.269615 0.565432 0.366241
0.522986 0.189414 0.379534
0.519624 0.348641 0.500979
0.0551138 0.890888 0.0822448
0.182156 0.565432 0.299413
0.526822 0.946378 0.0818133
0.0597215 0.23675 0.0803365
0.476324 0.20205 0.0577173
0.506917 0.338526 0.509392
0.0636826 0.432444 0.544629
0.350901 0.536591 0.541107
0.384717 0.84818 0.0441303
0.523835 0.203866 0.423265
0.511324 0.351016 0.516662
0.499108 0.773138 0.0726643
0.164231 0.348632 0.519803
0.221229 0.479758 0.539779
0.368095 0.536591 0.538031
0.0650178 0.478152 0.0589507
0.144071 0.514233 0.541646
0.378306 0.565432 0.464586
0.527921 0.495346 0.0479897
0.0433091 0.951741 0.0447218
0.0260983 0.0897802 0.0673804
0.142703 0.479758 0.518394
0.117195 0.836723 0.0452732
0.348012 0.731042 0.0388577
0.0253479 0.2793 0.0655685
0.065648 0.706691 0.0604726
0.527496 0.290737 0.518621
0.264514 0.565432 0.481869
0.262609 0.33604 0.058447
0.526334 0.341603 0.229129
0.306805 0.340915 0.510756
0.472405 0.722541 0.0625645
0.054583 0.193396 0.0743623
0.277781 0.479758 0.208182
0.0597201 0.0352955 0.551153
0.535338 0.0261025 0.542532
0.536408 0.876641 0.0690242
0.133883 0.850473 0.0521496
0.126072 0.479758 0.458432
0.527688 0.728323 0.0814546
0.470675 0.915158 0.062146
0.538083 0.296864 0.535091
0.191865 0.725511 0.0314741
0.488547 0.563569 0.0790156
0.233179 0.565432 0.238313
0.0806814 0.565432 0.125697
0.453354 0.33888 0.530785
0.0466409 0.480055 0.520332
0.458651 0.479758 0.256081
0.278685 0.479758 0.103508
0.0405531 0.347908 0.179755
0.304059 0.334735 0.512635
0.274323 0.565432 0.148617
0.263045 0.565432 0.212263
0.329937 0.565432 0.327162
0.509635 0.148611 0.0465203
0.239075 0.554727 0.0736189
0.066149 0.475769 0.0616826
0.456684 0.893759 0.0587601
0.242047 0.479758 0.25201
0.532217 0.448139 0.520926
0.168018 0.20655 0.0526527
0.509031 0.528979 0.440552
0.158339 0.565432 0.115593
0.224024 0.479758 0.540552
0.229022 0.900558 0.038161
0.523167 0.494871 0.360712
0.0401038 0.493417 0.138143
0.501855 0.509606 0.362971
0.0770619 0.479758 0.332935
0.0633506 0.172658 0.525622
0.061416 0.534783 0.138313
0.0471694 0.206555 0.346873
0.126593 0.565432 0.363435
0.0539273 0.163409 0.0827362
0.53285 0.280598 0.0517355
0.194631 0.343913 0.0578387
0.51889 0.536591 0.115023
0.469233 0.348332 0.525996
0.329936 0.520646 0.520334
0.512465 0.785609 0.0453479
0.0823558 0.191301 0.0427107
0.210531 0.479758 0.530957
0.423533 0.835591 0.046411
0.411806 0.557588 0.525844
0.313329 0.536591 0.536404
0.0615208 0.453098 0.549847
0.324643 0.499475 0.541647
0.0400942 0.508137 0.479378
0.52793 0.494847 0.518801
0.444221 0.745251 0.0448295
0.0400947 0.522092 0.458884
0.119592 0.479758 0.260802
0.49736 0.134347 0.539164
0.480367 0.565432 0.49753
0.178653 0.200815 0.0412009
0.0997592 0.525085 0.0585697
0.53769 0.155612 0.0659309
0.0583168 0.56184 0.13258
0.439338 0.753527 0.0436477
0.165563 0.479758 0.380762
0.0550745 0.536591 0.0966135
0.0470449 0.543598 0.548312
0.519847 0.102406 0.515452
0.0416282 0.348638 0.399869
0.537354 0.896025 0.0667414
0.493586 0.919333 0.0688392
0.447461 0.479758 0.396373
0.161428 0.479758 0.236038
0.522621 0.0408272 0.0835534
0.501067 0.386678 0.0519556
0.0645517 0.263987 0.528522
0.53009 0.116727 0.0488878
0.187535 0.52971 0.0585744
0.454837 0.479758 0.136633
0.0537661 0.727649 0.0466551
0.536429 0.108592 0.5399
0.155963 0.699844 0.0417281
0.0614098 0.516112 0.358837
0.315176 0.904209 0.0372539
0.517941 0.479758 0.244577
0.407664 0.497128 0.0798984
0.434266 0.565432 0.453249
0.240455 0.565432 0.422079
0.10817 0.897293 0.0583719
0.170513 0.479758 0.497522
0.163105 0.565432 0.166864
0.349306 0.565432 0.232641
0.523161 0.504505 0.128292
0.0583903 0.479758 0.385207
0.496151 0.565432 0.331314
0.0923996 0.479758 0.423327
0.470845 0.565432 0.115065
0.523164 0.530911 0.22383
0.064249 0.552752 0.0723627
0.326615 0.565432 0.512595
0.523166 0.525092 0.333757
0.115146 0.479758 0.163334
0.378988 0.565432 0.418312
0.501879 0.126626 0.550079
0.306328 0.565432 0.281146
0.0477552 0.367043 0.0441652
0.313803 0.479758 0.212117
0.313994 0.534845 0.520334
0.500363 0.919515 0.0536546
0.0592498 0.749378 0.0805319
0.215433 0.565432 0.371674
0.453533 0.479758 0.194364
0.0316773 0.0415355 0.550698
0.461561 0.479758 0.477487
0.283626 0.489694 0.0585795
0.440794 0.479758 0.102398
0.501853 0.510036 0.28423
0.0370735 0.393708 0.552933
0.533491 0.126913 0.0760651
0.0566125 0.19691 0.162415
0.528162 0.848361 0.0812582
0.0604428 0.337975 0.0595673
0.0542307 0.544506 0.0915786
0.523166 0.514132 0.306972
0.0473864 0.536591 0.259821
0.32362 0.541246 0.527505
0.0370435 0.199747 0.0679255
0.501859 0.505125 0.508533
0.0573781 0.561313 0.153255
0.0389639 0.191666 0.229909
0.0400945 0.52778 0.466435
0.327602 0.330271 0.519797
0.346795 0.866207 0.0387597
0.384337 0.565432 0.0820484
0.0400948 0.494902 0.457404
0.280591 0.479758 0.178109
0.284755 0.479758 0.411253
0.112505 0.337731 0.0594254
0.50407 0.274601 0.0805224
0.269201 0.565432 0.0878405
0.404017 0.499689 0.541647
0.171165 0.483223 0.0585735
0.240162 0.901253 0.0269747
0.0980535 0.565432 0.430171
0.188194 0.888905 0.0320014
0.129661 0.524673 0.520333
0.382301 0.765927 0.0330421
0.040703 0.206084 0.352171
0.347692 0.479758 0.192151
0.377164 0.479758 0.0875119
0.376181 0.527981 0.520334
0.136728 0.346791 0.514152
0.0673041 0.565432 0.387858
0.423727 0.479758 0.536927
0.448936 0.205349 0.0438143
0.318806 0.565432 0.331786
0.534703 0.111256 0.0731397
0.0432101 0.206556 0.394981
0.508177 0.336336 0.408363
0.464256 0.479758 0.535075
0.529799 0.0411454 0.0805804
0.523163 0.487189 0.183934
0.416326 0.565432 0.215913
0.245409 0.914787 0.0267248
0.213395 0.189555 0.514422
0.362528 0.50288 0.520334
0.056715 0.536591 0.43373
0.341354 0.536591 0.0797433
0.27671 0.480037 0.520333
0.171367 0.479758 0.489523
0.282206 0.763078 0.0356837
0.47225 0.565432 0.151936
0.501132 0.145867 0.0517988
0.387048 0.838364 0.0444651
0.381272 0.721552 0.0328943
0.0588614 0.679987 0.0487657
0.165129 0.731341 0.0460556
0.418631 0.341789 0.511259
0.502077 0.563447 0.257903
0.48929 0.768043 0.0634725
0.194858 0.565432 0.416745
0.0502153 0.479758 0.195592
0.157642 0.699844 0.039992
0.509027 0.525212 0.237738
0.0410497 0.423978 0.0456578
0.152943 0.481692 0.0585725
0.102691 0.479758 0.420839
0.293331 0.715008 0.0255575
0.0557052 0.352079 0.552816
0.13579 0.895068 0.0407735
0.0725228 0.506266 0.0585682
0.0538861 0.334268 0.307717
0.535202 0.319227 0.54286
0.532761 0.876429 0.0778285
0.045465 0.290416 0.085628
0.142054 0.536591 0.527321
0.46519 0.752459 0.0499039
0.386338 0.565432 0.485844
0.0257286 0.109381 0.0629693
0.538235 0.482675 0.53554
0.459388 0.839332 0.0484997
0.485535 0.495048 0.520334
0.321777 0.528856 0.0585816
0.344212 0.342023 0.511395
0.0422697 0.970496 0.0467046
0.466587 0.754135 0.0611567
0.360672 0.479758 0.0854931
0.384953 0.535244 0.520334
0.0888437 0.565432 0.220809
0.0269225 0.612065 0.0600865
0.179052 0.52412 0.541646
0.0644694 0.479758 0.326938
0.0361383 0.882823 0.0817646
0.526963 0.338387 0.11449
0.255442 0.558266 0.525671
0.137086 0.565432 0.0823749
0.508763 0.552082 0.153249
0.124382 0.49289 0.058571
0.0486038 0.0572147 0.0849409
0.436731 0.514834 0.0798999
0.504373 0.536591 0.154991
0.161302 0.479758 0.534714
0.0606091 0.861312 0.0716745
0.535616 0.478021 0.529133
0.0274877 0.165679 0.0707352
0.0629607 0.536591 0.524406
0.262484 0.502411 0.520333
0.0826648 0.536591 0.528257
0.288847 0.479758 0.19099
0.501857 0.529812 0.456422
0.0659612 0.115495 0.0682292
0.413552 0.194043 0.529194
0.121996 0.565432 0.288716
0.0665362 0.228799 0.537741
0.0344676  0.975 0.060807
0.126601 0.479758 0.33324
0.498301 0.164954 0.0707162
0.178626 0.768043 0.0391271
0.533588 0.761163 0.0535143
0.387138 0.536591 0.0680618
0.112369 0.565432 0.410922
0.497551 0.590133 0.0689051
0.507168 0.539572 0.0820035
0.206774 0.479758 0.464686
0.0499863 0.206547 0.0675618
0.507149 0.198715 0.138401
0.0614176 0.487328 0.0598364
0.514917 0.188195 0.497357
0.501854 0.484338 0.304554
0.523164 0.522642 0.240658
0.196365 0.565432 0.358791
0.411456 0.333174 0.0428389
0.0656612 0.143641 0.0605043
0.49949 0.0353924 0.544308
0.266895 0.49682 0.520333
0.26952 0.710476 0.0255766
0.0793215 0.565432 0.27116
0.280647 0.565432 0.308337
0.516914 0.845172 0.0435046
0.0305524 0.338363 0.078135
0.320503 0.479758 0.106404
0.525776 0.200492 0.286543
0.427608 0.479758 0.278195
0.05423 0.551038 0.37508
0.500433 0.382147 0.524411
0.0593062 0.893549 0.06098
0.294336 0.565432 0.385107
0.536276 0.549454 0.0693429
0.0512276 0.330269 0.24089
0.521925 0.382077 0.0455065
0.463114 0.479758 0.406827
0.522362 0.330416 0.227607
0.226078 0.894493 0.0276453
0.533298 0.456509 0.523537
0.0562867 0.338424 0.420925
0.270363 0.479758 0.10507
0.0796924 0.536591 0.523724
0.0623342 0.173512 0.523169
0.50822 0.34265 0.322581
0.0706236 0.488713 0.541646
0.318508 0.504902 0.0798936
0.433848 0.493936 0.520334
0.0587852 0.523588 0.0765305
0.199231 0.348632 0.523603
0.357422 0.859364 0.0294685
0.0307227 0.526806 0.0785461
0.061663 0.529055 0.541646
0.0468002 0.536591 0.251935
0.147514 0.768043 0.0417567
0.496144 0.582851 0.0655062
0.22055 0.479758 0.215116
0.0394423 0.203901 0.183143
0.179011 0.479758 0.504938
0.527286 0.339958 0.291848
0.0293629 0.444816 0.525097
0.312584 0.892818 0.0264744
0.134843 0.348631 0.0533389
0.46197 0.739988 0.0600394
0.390361 0.898068 0.044941
0.131742 0.479758 0.164283
0.045805 0.447938 0.0436878
0.0614589 0.372791 0.549996
0.523166 0.490044 0.300573
0.464546 0.510799 0.0799014
0.316813 0.501787 0.520334
0.177434 0.565432 0.459771
0.272511 0.565432 0.251207
0.537907 0.0447903 0.534666
0.185808 0.892715 0.0323442
0.498457 0.8844 0.0703645
0.419586 0.479758 0.171851
0.0400965 0.503485 0.396213
0.0532323 0.203682 0.242126
0.303508 0.734161 0.0260421
0.0614086 0.504127 0.400673
0.0570663 0.115357 0.0480221
0.180426 0.479758 0.125417
0.0669842 0.204548 0.0657595
0.41698 0.565432 0.281328
0.254016 0.479758 0.280537
0.377479 0.479758 0.249216
0.523161 0.504911 0.11581
0.0400968 0.492611 0.386201
0.0499663 0.206555 0.337383
0.420769 0.523051 0.541647
0.468876 0.503162 0.541647
0.0456474 0.330272 0.355125
0.522405 0.0336645 0.516512
0.475815 0.479758 0.202856
0.198727 0.479758 0.312962
0.516229 0.711937 0.0437885
0.243147 0.840472 0.0268325
0.0281051 0.18473 0.542924
0.195374 0.482992 0.541646
0.335949 0.565432 0.131289
0.307705 0.726678 0.036898
0.356284 0.341249 0.0402467
0.398611 0.536591 0.530665
0.0613447 0.739608 0.0500801
0.0994873 0.479758 0.437249
0.131302 0.565432 0.1067
0.403052 0.565432 0.39354
0.502792 0.792931 0.0493554
0.281235 0.565432 0.515156
0.417861 0.479758 0.512312
0.390464 0.565432  0.212
0.417143 0.531607 0.0798989
0.0295221 0.108381 0.546345
0.040094 0.49675 0.484876
0.0257058 0.166192 0.537132
0.284894 0.560151 0.525179
0.250432 0.479758 0.21234
0.322561 0.198833 0.530274
0.501939 0.0940158 0.550224
0.507692 0.337169 0.310337
0.501299 0.468139 0.0513958
0.119155 0.536591 0.529794
0.103451 0.565432 0.440752
0.291909 0.530767 0.0727079
0.412486 0.487799 0.520334
0.0782341 0.536591 0.0648354
0.350402 0.565432 0.463205
0.535661 0.284135 0.0708282
0.269839 0.536591 0.530725
0.501854 0.524791 0.306283
0.0554158 0.749595 0.0821197
0.506601 0.19776 0.475874
0.0252783 0.709355 0.0640565
0.026798 0.413793 0.531288
0.501367 0.288608 0.548843
0.112505 0.479758 0.234145
0.501852 0.482011 0.229342
0.135326 0.479758 0.533678
0.269442 0.52982 0.0727072
0.211156 0.749975 0.0287031
0.281816 0.479758 0.133748
0.521215 0.0415584 0.0841357
0.0402545 0.784193 0.0459872
0.416793 0.768043 0.0401578
0.0673351 0.836985 0.0584658
0.281664 0.505066 0.541647
0.474104 0.740137 0.0629758
0.0734757 0.515481 0.520333
0.0304776 0.328875 0.0515029
0.0575558 0.543598 0.524685
0.361096 0.565432 0.278003
0.501418 0.563816 0.218167
0.511313 0.482448 0.516667
0.30084 0.479758 0.520867
0.477095 0.34864 0.0487271
0.31327 0.565432 0.152077
0.217475 0.565432 0.38772
0.0548221 0.553159 0.21632
0.429302 0.523488 0.0727122
0.521173 0.206547 0.0970393
0.520078 0.442652 0.515547
0.27907 0.479758 0.278552
0.0462902 0.652396 0.0435584
0.284452 0.188188 0.515709
0.284512 0.565432 0.517893
0.0619804 0.451281 0.0516154
0.239369 0.524161 0.0727063
0.509456 0.178756 0.0465944
0.25792 0.552691 0.0730891
0.500792 0.431946 0.0526187
0.0542305 0.541513 0.167677
0.0643046  0.273 0.543128
0.501856 0.486095 0.406085
0.500342 0.388827 0.52463
0.498895 0.479758 0.0852117
0.523168 0.482418 0.396232
0.31181 0.479758 0.500536
0.348728 0.536591 0.527016
0.147209 0.565432 0.484097
0.510889 0.918275 0.0833471
0.536811 0.340099 0.0612931
0.0644874 0.891051 0.0576697
0.130507 0.759726 0.0420518
0.377715 0.330273 0.0532443
0.522211 0.206557 0.449623
0.18401 0.479758 0.424271
0.226043 0.565432 0.419135
0.471654 0.721402 0.0623829
0.240457 0.516408 0.0585772
0.165309 0.479758 0.541383
0.0404531 0.18908 0.125555
0.391059 0.53428 0.072711
0.418503 0.768043 0.0439622
0.255402 0.479758 0.428914
0.0628736 0.564397 0.197969
0.402965 0.484123 0.541647
0.202465 0.565432 0.402312
0.0571159 0.560662 0.317483
0.0709745 0.522067 0.541646
0.308227 0.565432 0.166033
0.0618219 0.292942 0.54912
0.513186 0.330266 0.162693
0.455989 0.724266 0.0476772
0.144815 0.196319 0.510516
0.52365 0.210183 0.0831271
0.0309336 0.757032 0.0504018
0.239631 0.739043 0.0269999
0.330678 0.536591 0.524143
0.35809 0.505182 0.541647
0.501853 0.492799 0.296753
0.150994 0.479758 0.374568
0.37754 0.565432 0.388202
0.519132 0.456494 0.55584
0.52564 0.270082 0.0470448
0.194233 0.479758 0.100708
0.355169 0.565432 0.414927
0.493072 0.717574 0.0686781
0.288602 0.479758 0.163613
0.0327392 0.925244 0.0491005
0.4074 0.565432 0.344389
0.534735 0.0729635 0.0562845
0.53238 0.592805 0.0506005
0.498247 0.90197 0.0587629
0.298789 0.565432 0.45909
0.523162 0.506426 0.173595
0.199247 0.565432 0.105752
0.165069 0.534905 0.541646
0.0482063 0.853146 0.0851056
0.0601542 0.898218 0.0493012
0.143544 0.479758 0.223683
0.517047 0.414802 0.0434861
0.179187 0.479758 0.228918
0.0560579 0.195947 0.337708
0.150005 0.340609 0.0398803
0.463626 0.5497 0.0727133
0.427323 0.719814 0.0407402
0.527409 0.197079 0.0592549
0.398663 0.479758 0.45806
0.0569044 0.596214 0.0815032
0.194566 0.514418 0.079887
0.204889 0.565432 0.227091
0.332735 0.53299 0.520334
0.0923541 0.479758 0.14793
0.136932 0.908031 0.0404971
0.0500374 0.479758 0.358561
0.336707 0.513969 0.0585824
0.52482 0.717005 0.0826427
0.504211 0.194895 0.519608
0.0465193 0.188183 0.134307
0.166039 0.479758 0.332543
0.063011 0.590015 0.0541042
0.0443871 0.397911 0.0851815
0.062287 0.215975 0.0523558
0.0769202 0.536591 0.538654
0.518783 0.479758 0.118524
0.290893 0.565432 0.483005
0.488759 0.479758 0.315406
0.27506 0.479758 0.406226
0.179286 0.489478 0.520333
0.517246 0.484936 0.0435687
0.265949 0.206552 0.524521
0.516679 0.330275 0.453908
0.0565918 0.0445416 0.0478255
0.419618 0.479758 0.540936
0.0251425 0.421486 0.535772
0.480151 0.763147 0.0646318
0.509026 0.540673 0.198829
0.447505 0.565432 0.123864
0.497353 0.674824 0.0609231
0.0922321 0.547533 0.52751
0.0274132 0.941257 0.0705553
0.0643055 0.351273 0.0572304
0.339149 0.479758 0.222059
0.219976 0.479758 0.421574
0.228857 0.891065 0.0381689
0.530687 0.0739111 0.0802126
0.499834 0.206183 0.545139
0.499564 0.116913 0.52651
0.0327469 0.456972 0.519912
0.133872 0.565432 0.315534
0.23507 0.565432 0.0910637
0.508117 0.536591 0.48162
0.0401009 0.486631 0.239282
0.0614104 0.528918 0.338823
0.418998 0.195573 0.0593773
0.0376076 0.194017 0.254057
0.0558197 0.337619 0.132097
0.314412 0.498708 0.541647
0.0538219 0.0499381 0.0827799
0.221476 0.520192 0.0585762
0.501859 0.519703 0.533577
0.45313 0.565432 0.294762
0.142112 0.48987 0.520333
0.115243 0.565432 0.118061
0.274546 0.852186 0.0359933
0.0601869 0.479758 0.27186
0.0482547 0.110236 0.555902
0.141736 0.479758 0.331349
0.523168 0.491447 0.410919
0.525985 0.10769 0.08216
0.34875 0.565432 0.187708
0.364087 0.565432 0.364888
0.344362 0.339065 0.530893
0.0333648 0.298967 0.551397
0.0566281 0.559065 0.132705
0.300953 0.87418 0.0259205
0.289767 0.344463 0.0421032
0.49884 0.504885 0.542738
0.508202 0.799861 0.0471139
0.0557284 0.109592 0.552806
0.383555 0.332306 0.526989
0.455497 0.74186 0.0475583
0.154686 0.565432 0.12242
0.509027 0.550271 0.226835
0.508299 0.191187 0.0568437
0.0544568 0.666882 0.0825169
0.0735651 0.842147 0.056515
0.0695331 0.479758 0.496336
0.335623 0.565432 0.152486
0.523169 0.487259 0.430731
0.19401 0.565432 0.198422
0.509794 0.203291 0.450714
0.235837 0.479758 0.508696
0.0366484 0.337746 0.0609743
0.51786 0.536591 0.520115
0.077447 0.739853 0.0552994
0.229926 0.74477 0.038118
0.299486 0.203312 0.0569858
0.173769 0.755336 0.0448145
0.207273 0.206139 0.526054
0.0562143 0.557713 0.350658
0.0545684 0.0696888 0.0824707
0.328903 0.887125 0.0379076
0.040103 0.513818 0.164297
0.300416 0.524824 0.520334
0.0614152 0.527838 0.167219
0.497209 0.679271 0.0612695
0.199157 0.565432 0.415521
0.50713 0.196046 0.113852
0.147489 0.479758 0.354992
0.259113 0.565432 0.37579
0.232395 0.479758 0.509532
0.516275 0.236415 0.0855782
0.181365 0.534252 0.541646
0.289373 0.479758 0.160188
0.478619 0.479758 0.107702
0.523171 0.512114 0.500813
0.0489392 0.348635 0.289423
0.523168 0.51469 0.414491
0.0401014 0.534313 0.223139
0.239499 0.479758 0.236969
0.0651405 0.530401 0.520333
0.513704 0.0685018 0.0845131
0.0614173 0.514509 0.0656938
0.513653 0.206552 0.229605
0.398841 0.867839 0.0461592
0.0442608 0.100715 0.515144
0.509028 0.537694 0.259198
0.496793 0.232415 0.533198
0.25044 0.520117 0.541646
0.084816 0.511757 0.0585689
0.523165 0.481211 0.263961
0.517021 0.84275 0.0858726
0.502772 0.0392407 0.0493634
0.0295996 0.416007 0.0758343
0.459395 0.48574 0.541647
0.303019 0.565432 0.202919
0.205427 0.189474 0.0437684
0.230745 0.479758 0.316602
0.0571122 0.560648 0.168246
0.406554 0.565432 0.413567
0.517512 0.35594 0.0856692
0.501853 0.50442 0.28459
0.0664257 0.0904223 0.538008
0.0400982 0.493338 0.335936
0.495901 0.621741 0.0644268
0.0408504 0.916714 0.0837165
0.0690724 0.499597 0.0798803
0.193788 0.565432 0.257947
0.466543 0.479758 0.509663
0.443645 0.565432 0.41523
0.171855 0.565432 0.460075
0.507556 0.337419 0.51186
0.201436 0.733851 0.0300992
0.173834 0.565432 0.456329
0.183246 0.479758 0.208936
0.501849 0.520356 0.126156
0.378318 0.858718 0.043211
0.285984 0.20353 0.513469
0.421354 0.34499 0.0424057
0.377914 0.757098 0.043153
0.224563 0.565432 0.502437
0.124511 0.348631 0.0528413
0.049836 0.172616 0.515807
0.0542194 0.42763 0.553431
0.512493 0.708538 0.0453362
0.0661155 0.184597 0.532298
0.50969 0.420116 0.0828503
0.093756 0.479758 0.419524
0.156452 0.536548 0.527509
0.524495 0.344801 0.38199
0.0258351 0.967788 0.0667448
0.243869 0.565432 0.34277
0.500858 0.967161 0.0524609
0.158115 0.479758 0.319313
0.266697 0.479758 0.198191
0.503155 0.182528 0.0801434
0.190087 0.479758 0.293704
0.0400957 0.481154 0.425751
0.365703 0.565432 0.395889
0.523166 0.48409 0.308567
0.319107 0.479758 0.104125
0.527899 0.19134 0.0479807
0.505449 0.06287 0.519095
0.0749095 0.520051 0.0585683
0.335512 0.565432 0.38512
0.313211 0.340804 0.0596365
0.0427134 0.352394 0.0449685
0.0565127 0.340097 0.440399
0.179143 0.513952 0.541646
0.120174 0.479758 0.122824
0.323741 0.565432 0.495174
0.532423 0.53238 0.549569
0.51278 0.206551 0.218554
0.0629945 0.489394 0.524763
0.535629 0.041006 0.529167
0.197501 0.479758 0.447348
0.501318 0.406507 0.0513508
0.391641 0.514702 0.0585853
0.13291 0.565432 0.222669
0.235706 0.481915 0.0585769
0.299125 0.565432 0.515646
0.394451 0.479758 0.14517
0.0401034 0.488168 0.152141
0.234957 0.33708 0.529748
0.186456 0.565432 0.139162
0.0421176 0.206553 0.292589
0.196466 0.526374 0.0727049
0.223529 0.504155 0.541646
0.0614166 0.484648 0.0773235
0.237634 0.479758 0.284591
0.142408 0.565432 0.195383
0.150996 0.565432 0.517744
0.326872 0.479758 0.411116
0.040105 0.479933 0.0944574
0.16071 0.859027 0.0466902
0.437446 0.904175 0.0431898
0.0400939 0.479791 0.486843
0.0937763 0.479758 0.247095
0.23839 0.716263 0.027059
0.209129 0.479758 0.0619217
0.100626 0.5264 0.079882
0.254843 0.739657 0.0262755
0.156168 0.497852 0.541646
0.153459 0.49303 0.0585725
0.0614147 0.491818 0.183835
0.526526 0.517802 0.081936
0.0479065 0.330272 0.364316
0.347349 0.719535 0.0281302
0.121868 0.340663 0.0399117
0.453213 0.565432 0.184561
0.509027 0.528659 0.24505
0.458262 0.344592 0.0421749
0.0268624 0.763504 0.0692252
0.0620525 0.536871 0.0751745
0.474907 0.529697 0.520334
0.12299 0.7048 0.0547857
0.126377 0.336675 0.511511
0.522876 0.331307 0.26368
0.0542296 0.526328 0.505666
0.0372657 0.0534858 0.553013
0.50058 0.836211 0.0599268
0.0957999 0.479758 0.105803
0.498288 0.565432 0.404052
0.0397416 0.309315 0.517016
0.265189 0.885869 0.0257828
0.395295 0.494843 0.520334
0.218388 0.565432 0.478823
0.0630991 0.337818 0.0594763
0.409237 0.565432 0.174952
0.513008 0.188191 0.394103
0.510957 0.189422 0.155739
0.534082 0.214203 0.545565
0.183945 0.479758 0.0962509
0.129539 0.479758 0.192518
0.052903 0.190485 0.222895
0.261298 0.856234 0.0366241
0.432506 0.332315 0.514035
0.463683 0.479758 0.281586
0.273704 0.479758 0.390219
0.534022 0.72897 0.0545626
0.406871 0.337568 0.0403004
0.0491384 0.18819 0.354844
0.50903 0.533364 0.380774
0.116347 0.565432 0.338748
0.0572831 0.231175 0.0481119
0.446074 0.479758 0.53328
0.497205 0.0643526 0.532202
0.496267 0.872263 0.0635429
0.0478852 0.531907 0.0798791
0.0638951 0.120195 0.544116
0.229304 0.74578 0.0381476
0.175218 0.526332 0.541646
0.418042 0.861883 0.0494092
0.0286153 0.150818 0.526901
0.34071 0.565432 0.215116
0.196026 0.479758 0.329451
0.220532 0.479758 0.520559
0.0571917 0.560911 0.437629
0.0362852 0.196297 0.112405
0.183533 0.8972 0.0434119
0.0271006 0.312765 0.0698005
0.0472261 0.506845 0.0855115
0.499561 0.263693 0.54448
0.501736 0.330277 0.515379
0.227586 0.523688 0.520333
0.500452 0.514901 0.546634
0.0611741 0.0557805 0.0497236
0.0633028 0.529622 0.525561
0.0625741 0.498351 0.541646
0.203223 0.479758 0.30412
0.200933 0.565432 0.338762
0.5131 0.206554 0.323442
0.0661183 0.301019 0.532305
0.523169 0.496634 0.453695
0.122166 0.565432 0.401843
0.0542306 0.542287 0.125686
0.0375809 0.200673 0.433955
0.537973 0.525633 0.0652475
0.472706 0.535399 0.520334
0.53753 0.770998 0.0630297
0.318406 0.479758 0.204146
0.0260549 0.46257 0.537975
0.375646 0.89852 0.0428273
0.200407 0.342479 0.0586668
0.0637879 0.186464 0.526678
0.174396 0.479758 0.358254
0.498948 0.880883 0.0722767
0.533546 0.937508 0.0759342
0.523166 0.531802 0.311199
0.421472 0.565432 0.496691
0.519163 0.479758 0.496985
0.350213 0.565432 0.425244
0.0614116 0.489177 0.296163
0.140036 0.565432 0.491142
0.257095 0.541724 0.0727068
0.414062 0.565432 0.434292
0.0542301 0.544082 0.312596
0.522718 0.84368 0.0458347
0.504482 0.706543 0.0611489
0.0633567 0.152573 0.525637
0.0524235 0.189652 0.469403
0.532358 0.117362 0.0505459
0.460274 0.479758 0.378861
0.308406 0.565432 0.33579
0.0589354 0.536591 0.252557
0.150811 0.517974 0.541646
0.053454 0.203295 0.206358
0.501849 0.508604 0.124602
0.0589259 0.520429 0.520333
0.0293662 0.263593 0.0541862
0.437499 0.202696 0.0422829
0.501172 0.479758 0.538681
0.0662561 0.0522063 0.0675174
0.5056 0.919804 0.0811561
0.521116 0.206554 0.338602
0.251896 0.336495 0.52941
0.026519 0.364369 0.0683961
0.481909 0.565432 0.129923
0.221068 0.565432 0.492929
0.512156 0.323651 0.0454757
0.327386 0.890264 0.0271794
0.266063 0.752534 0.0257412
0.0889043 0.516748 0.541646
0.0308705 0.568108 0.0505541
0.515217 0.0395172 0.08514
0.0400979 0.489434 0.346874
0.129388 0.565432 0.250439
0.344479 0.479758 0.183149
0.102994 0.483359 0.0585698
0.307472 0.479758 0.263681
0.447852 0.867209 0.045708
0.500446 0.318356 0.524379
0.0684654 0.849131 0.0581119
0.175364 0.348632 0.517953
0.084619 0.510328 0.520333
0.50155 0.792487 0.0785614
0.420113 0.565432 0.246575
0.497341 0.52135 0.0799032
0.304431 0.330271 0.524448
0.0669399 0.702534 0.0658666
0.0624957 0.479758 0.228229
0.106552 0.565432 0.157866
0.0304507 0.060742 0.0515677
0.449702 0.565432 0.501321
0.371526 0.479758 0.461704
0.347261 0.565432 0.344717
0.0663931 0.372425 0.0671866
0.406476 0.341919 0.511334
0.499939 0.423893 0.545393
0.283762 0.717473 0.0251017
0.0556278 0.479758 0.118343
0.409903 0.708142 0.0477482
0.389732 0.488422 0.541647
0.38807 0.902215 0.0338709
0.438495 0.484824 0.541647
0.301695 0.479758 0.491613
0.0308526 0.22355 0.0788598
0.364156 0.565432 0.294567
0.43105 0.193074 0.0579345
0.521615 0.206554 0.34796
0.361298 0.858775 0.0300252
0.498444 0.479758 0.526289
0.10413 0.846772 0.0593495
0.37956 0.480834 0.541647
0.439437 0.727258 0.0436717
0.0621418 0.633215 0.0774497
0.29831 0.479758 0.41224
0.461379 0.513057 0.520334
0.518445 0.259835 0.0852829
0.121738 0.479758 0.372548
0.210971 0.563551 0.521425
0.0616475 0.422782 0.0786429
0.270222 0.479758 0.417208
0.476898 0.897954 0.0527371
0.469931 0.714391 0.0619659
0.241849 0.565432 0.34313
0.412287 0.525359 0.0798986
0.519188 0.967896 0.0833257
0.32878 0.479758 0.3609
0.0499669 0.552766 0.0843764
0.144337 0.565432 0.506838
0.0614142 0.528808 0.202034
0.0528403 0.190376 0.250928
0.0372333 0.194677 0.417624
0.212946 0.565432 0.319325
0.338776 0.565432 0.391847
0.21183 0.856401 0.0286062
0.0623571 0.78852 0.0769298
0.0852082 0.479758 0.283671
0.42747 0.565432 0.299188
0.0398036 0.332313 0.491951
0.538172 0.770484 0.0645794
0.523168 0.528666 0.395103
0.026024 0.080437 0.062256
0.0364832 0.338033 0.0705223
0.452351 0.536591 0.531879
0.48555 0.750853 0.0663227
0.0584299 0.561904 0.350639
0.0647972 0.358213 0.0710392
0.369392 0.531783 0.520334
0.0431732 0.330276 0.465518
0.318735 0.479758 0.508189
0.0545083 0.193267 0.079424
0.284455 0.337718 0.530116
0.34398 0.762624 0.0279698
0.311626 0.479758 0.178234
0.520417 0.522388 0.0844658
0.263962 0.508379 0.520333
0.384731 0.565093 0.519078
0.51708 0.348636 0.318546
0.226567 0.479758 0.392383
0.0656815 0.153369 0.539804
0.499719 0.871362 0.0552095
0.519657 0.113306 0.555622
0.0279675 0.195612 0.542592
0.496309 0.72597 0.069692
0.18641 0.479758 0.33212
0.106473 0.479758 0.157734
0.351421 0.479758 0.26964
0.397706 0.479758 0.282239
0.153116 0.479758 0.165305
0.0542297 0.525922 0.482086
0.517024 0.34864 0.470709
0.257299 0.885017 0.0261585
0.53403 0.373136 0.0545829
0.0268601 0.591263 0.0602373
0.523165 0.514176 0.287282
0.409914 0.565432 0.459779
0.0758627 0.536591 0.521275
0.51879 0.479758 0.448293
0.500891 0.500238 0.0523803
0.198502 0.479758 0.333199
0.444675 0.565432 0.0968597
0.0268181 0.191873 0.539817
0.400458 0.752269 0.0463914
0.357216 0.835591 0.03203
0.154142 0.347903 0.526236
0.271981 0.88908 0.0361154
0.252033 0.711445 0.0264093
0.412719 0.869096 0.0481527
0.327753 0.188824 0.0554823
0.532222 0.194525 0.050218
0.0494358 0.493813 0.0448614
0.0401048 0.510602 0.102796
0.192058 0.522859 0.520333
0.0949321 0.479758 0.330153
0.204041 0.518714 0.541646
0.0883983 0.479758 0.424666
0.264367 0.479758 0.138693
0.277805 0.479758 0.428387
0.534566 0.518894 0.0734704
0.0598205 0.543598 0.53102
0.25164 0.479758 0.435603
0.272531 0.348635 0.0508913
0.0307414 0.83716 0.0785913
0.241081 0.565432 0.253972
0.498464 0.509601 0.541647
0.331148 0.560431 0.525105
0.175793 0.549857 0.0727043
0.142462 0.859079 0.039159
0.501859 0.498752 0.52684
0.191177 0.565432 0.279159
0.101843 0.565432 0.502377
0.501852 0.502151 0.252019
0.351818 0.521254 0.0585832
0.511057 0.347562 0.410648
0.216096 0.536591 0.534036
0.0830897 0.330264 0.0486337
0.13242 0.528972 0.520333
0.0400993 0.509291 0.297812
0.0556811 0.938583 0.0820099
0.35713 0.565432 0.22842
0.107743 0.479758 0.302324
0.217012 0.50912 0.520333
0.0715623 0.479758 0.312813
0.227675 0.479758 0.145045
0.353947 0.479758 0.293006
0.0401015 0.48006 0.219204
0.192316 0.536591 0.53046
0.311092 0.559034 0.52547
0.0392933 0.191101 0.305318
0.328092 0.495782 0.520334
0.217559 0.3378 0.510864
0.524436 0.191925 0.464326
0.133624 0.732659 0.0412975
0.339494 0.479758 0.41066
0.287958 0.551556 0.527419
0.529181 0.574927 0.0485116
0.0394845 0.327867 0.553932
0.523167 0.517019 0.363515
0.127352 0.348631 0.517708
0.0614131 0.482293 0.239619
0.0749362 0.893134 0.067188
0.509026 0.523946 0.165294
0.500106 0.698091 0.0542761
0.535646 0.241972 0.529206
0.465847 0.92084 0.0605091
0.250502 0.479758 0.12702
0.0532299 0.500833 0.517213
0.0494526 0.536591 0.462163
0.0436269 0.871968 0.0848666
0.302251 0.479823 0.520334
0.504264 0.92084 0.0641628
0.525592 0.951804 0.0823229
0.108667 0.190983 0.527432
0.0425567 0.177499 0.555204
0.142067 0.734916 0.0501692
0.4912 0.479758 0.395561
0.247571 0.525807 0.520333
0.0542302 0.549753 0.292943
0.501854 0.50046 0.323383
0.040102 0.51682 0.200358
0.0392384 0.228333 0.0830488
0.489706 0.876715 0.0565219
0.0400979 0.485702 0.344622
0.040105 0.529763 0.0957468
0.0320698 0.216561 0.520193
0.523161 0.525052 0.130234
0.280108 0.479758 0.297064
0.0614096 0.529564 0.366773
0.0662565 0.252967 0.532639
0.0653421 0.245282 0.540624
0.192376 0.884766 0.0421417
0.0617818 0.495937 0.541646
0.260118 0.752138 0.0260243
0.0621281 0.563979 0.0955898
0.192792  0.554 0.0734281
0.285915 0.348635 0.0481698
0.273351 0.565432 0.269626
0.526619 0.380818 0.518258
0.0998474 0.870661 0.0603859
0.46634 0.89328 0.0610969
0.0548156 0.335876 0.455661
0.288945 0.194316 0.0586532
0.420432 0.527637 0.0798991
0.501241 0.105684 0.0778137
0.517464 0.206553 0.269466
0.0906467 0.536591 0.0677318
0.323286 0.859781 0.0376401
0.485131 0.565432 0.386153
0.0954779 0.875151 0.0505285
0.491157 0.348641 0.0450617
0.211372 0.339904 0.530855
0.508015 0.200216 0.101557
0.281196 0.341271 0.510962
0.420535 0.565432 0.349095
0.0299057 0.358025 0.523787
0.155547 0.565432 0.272387
0.411846 0.479758 0.36673
0.202661 0.919977 0.0406643
0.448057 0.479758 0.483062
0.0614107 0.517234 0.326155
0.279196 0.480158 0.541646
0.197046 0.565432 0.319972
0.404427 0.206187 0.515001
0.0994534 0.479758 0.39944
0.0542296 0.543995 0.500384
0.509027 0.549693 0.217925
0.14947 0.346513 0.527039
0.506756 0.196698 0.185563
0.129254 0.340211 0.510352
0.0336726 0.515706 0.551524
0.0428297 0.9319 0.0845364
0.056469 0.940091 0.0816835
0.0649542 0.967896 0.0673062
0.517875 0.211434 0.0438289
0.0614118 0.527927 0.287694
0.289768 0.479758 0.308055
0.106634 0.536591 0.540559
0.376301 0.536591 0.527664
0.0823857 0.479758 0.418148
0.380484 0.546372 0.527504
0.111225 0.565432 0.140599
0.159671 0.565432 0.32148
0.424604 0.479758 0.522641
0.282742 0.484826 0.0798917
0.516637 0.348631 0.155604
0.404259 0.837231 0.0469374
0.479816 0.348641 0.0483024
0.387601 0.194417 0.52941
0.204583 0.206551 0.0516191
0.351585 0.479758  0.196
0.511352 0.273641 0.0458089
0.196966 0.479758 0.181348
0.136002 0.522629 0.0798839
0.118689 0.919107 0.0558266
0.510222 0.0827432 0.517119
0.453759 0.846846 0.0471375
0.0364002 0.340709 0.454694
0.345493 0.479758 0.238043
0.0403809 0.189225 0.402245
0.352327 0.716833 0.0394776
0.0401043 0.484963 0.119583
0.115191 0.907466 0.056673
0.537244 0.262292 0.0623393
0.0944925 0.479758 0.19248
0.415914 0.734824 0.0488943
0.0762414 0.332898 0.0429913
0.100523 0.479758 0.360457
0.0993568 0.841756 0.0495899
0.0568489 0.696243 0.0815262
0.333946 0.333393 0.527617
0.516722 0.536591 0.377589
0.461957 0.479758 0.299348
0.312065 0.190492 0.513883
0.0556493 0.154218 0.082023
0.439169 0.700089 0.0545218
0.235832 0.479758 0.170304
0.277305 0.503111 0.520333
0.486056 0.565432 0.468285
0.523162 0.536071 0.177506
0.523162 0.527485 0.149218
0.0394135 0.190903 0.444344
0.521541 0.0896275 0.554842
0.175745 0.482038 0.520333
0.0587589 0.562088 0.279861
0.358576 0.479758 0.428399
0.53257 0.233622 0.0782888
0.300781 0.479758 0.120603
0.129065 0.479758 0.412118
0.50903 0.525384 0.348146
0.179526 0.528947 0.541646
0.0614108 0.5245 0.322076
0.220347 0.565432 0.456898
0.041677 0.359381 0.0453979
0.49616 0.58777 0.0655446
0.508977 0.536591 0.423323
0.289775 0.565432 0.164437
0.271841 0.479758 0.458097
0.0485486 0.479758 0.195845
0.509809 0.256085 0.517289
0.0629655 0.352726 0.524693
0.51353 0.330268 0.205047
0.0623843 0.131452 0.547763
0.115052 0.565432 0.301592
0.50495 0.454646 0.0484612
0.0273526 0.389828 0.0704088
0.51421 0.392581 0.0446248
0.521706 0.818573 0.0454158
0.0982346 0.529642 0.520333
0.0367591 0.726248 0.0820218
0.461446 0.733929 0.0599126
0.478226 0.856858 0.0530585
0.444496 0.199805 0.529715
0.0352325 0.229579 0.552171
0.500291 0.0278007 0.524753
0.188077 0.205178 0.0437191
0.479804 0.565432 0.110779
0.282814 0.506491 0.541647
0.300145 0.866811 0.025882
0.108901 0.335557 0.528871
0.268866 0.479758 0.233268
0.41062 0.90937 0.0478511
0.431626 0.201326 0.0581345
0.0375784 0.624884 0.0823612
0.0441142 0.348629 0.0895481
0.178479 0.536591 0.538663
0.253058 0.479758 0.531394
0.0614097 0.493469 0.362385
0.191254 0.498895 0.520333
0.486754 0.565432 0.272785
0.237384 0.481056 0.520333
0.224673 0.338881 0.0600878
0.122208 0.204291 0.527119
0.349316 0.866523 0.039045
0.0369868 0.477831 0.0473409
0.332615 0.479758 0.526308
0.502851 0.479758 0.233646
0.525843 0.879443 0.0822187
0.496989 0.479758 0.511078
0.497067 0.860158 0.0616115
0.0549775 0.553667 0.125363
0.102892 0.523708 0.0798821
0.0668433 0.332996 0.0660997
0.228851 0.333524 0.527694
0.522379 0.71911 0.0456945
0.536013 0.891197 0.0699781
0.0781426 0.565432 0.446759
0.178487 0.84808 0.0441368
0.079518 0.479758 0.178852
0.0541592 0.156062 0.553456
0.501938 0.524542 0.0498522
0.508591 0.335614 0.339342
0.0655731 0.411647 0.069166
0.0748977 0.330264 0.0510761
0.167478 0.91998 0.0349771
0.497151 0.565432 0.123369
0.442195 0.479758 0.100324
0.180835 0.565432 0.328469
0.444505 0.479758 0.525761
0.0486734 0.536591 0.14957
0.0614077 0.513074 0.434903
0.168232 0.189122 0.0439713
0.0726357 0.892978 0.0679084
0.136056 0.479758 0.504305
0.511487 0.188517 0.340976
0.534868 0.157259 0.0566043
0.295708 0.908224 0.0256706
0.465742 0.565432 0.298292
0.0542301 0.534691 0.316826
0.0939397 0.702512 0.0618154
0.523169 0.52689 0.423517
0.521187 0.125091 0.084147
0.0649706 0.234338 0.0706205
0.145737 0.556658 0.526093
0.299963 0.869552 0.0365293
0.339226 0.52692 0.0585825
0.42217 0.861089 0.0504081
0.0663328 0.35626 0.532823
0.389848 0.528138 0.520334
0.0368811 0.437765 0.552853
0.0449395 0.220588 0.514863
0.33975 0.512159 0.520334
0.115739 0.479758 0.515637
0.133259 0.565432 0.159613
0.152067 0.348079 0.526135
0.535601 0.262538 0.0583728
0.389828 0.196639 0.0599929
0.498604 0.407824 0.0714477
0.0265558 0.944206 0.060972
0.289743 0.565432 0.266328
0.0822783 0.479758 0.157336
0.0614076 0.522711 0.439456
0.508063 0.554383 0.315264
0.498112 0.494254 0.54098
0.168851 0.516137 0.520333
0.0379943 0.343475 0.139023
0.123354 0.85734 0.0437829
0.0552205 0.554464 0.41676
0.189488 0.198023 0.0395887
0.447276 0.331855 0.0560284
0.0311329 0.0888806 0.550233
0.211209 0.505464 0.520333
0.0928586 0.565432 0.0884136
0.520814 0.479758 0.393537
0.335237 0.479758 0.289234
0.459924 0.565432 0.222733
0.525218 0.967896 0.0751499
0.0598163 0.536591 0.338841
0.0755516 0.565432 0.214606
0.522874 0.415955 0.0834484
0.0478379 0.184217 0.514979
0.515921 0.854647 0.043916
0.506029 0.653035 0.0813337
0.508519 0.552881 0.17987
0.255279 0.340072 0.0395689
0.335939 0.565432 0.274808
0.172249 0.534335 0.520333
0.477478 0.492023 0.541647
0.448241 0.918963 0.0567172
0.103772 0.479758 0.248152
0.465742 0.531922 0.0799015
0.334688 0.720934 0.0275272
0.48117 0.565432 0.218719
0.33667 0.565432 0.305516
0.386484 0.479758 0.456916
0.133177 0.479758 0.184014
0.0404613 0.331166 0.384532
0.48211 0.479758 0.0947482
0.261652 0.479758 0.321435
0.323653 0.479758 0.232239
0.245716 0.835591 0.0320399
0.161062 0.330266 0.515462
0.52316 0.523409 0.0920786
0.181613 0.750853 0.0436877
0.310325 0.565432 0.467718
0.345983 0.339679 0.530988
0.507757 0.833438 0.0820498
0.428418 0.479758 0.441602
0.0266747 0.499672 0.0606848
0.0401022 0.517637 0.193459
0.191058 0.565432 0.500154
0.0774501 0.191441 0.0426301
0.514455 0.34863 0.118388
0.35808 0.527121 0.07271
0.0269891 0.299784 0.0695311
0.530019 0.462986 0.0488587
0.0615928 0.898297 0.0713665
0.0611804 0.634372 0.0797323
0.445893 0.190629 0.513806
0.500366 0.446177 0.0536481
0.102405 0.750748 0.0488522
0.276223 0.699844 0.0320187
0.22492 0.479758 0.499544
0.232345 0.483422 0.520333
0.53595 0.119339 0.52994
0.435564 0.532759 0.541647
0.464429 0.835591 0.0547079
0.0575032 0.231823 0.518984
0.125233 0.479758 0.472601
0.427915 0.536591 0.532845
0.233468 0.479758 0.420564
0.124736 0.565432 0.373967
0.220521 0.565432 0.363727
0.13348 0.565432 0.346186
0.515277 0.188182 0.0759378
0.0384829 0.192489 0.0918525
0.457373 0.518162 0.541647
0.0760329 0.479758 0.488812
0.529579 0.273624 0.551512
0.433616 0.479758 0.371425
0.509026 0.542595 0.18577
0.0744174 0.479758 0.285615
0.255666 0.857246 0.0368923
0.523162 0.483684 0.158163
0.344074 0.479758 0.538881
0.37895 0.534495 0.541647
0.485365 0.565432 0.245495
0.508449 0.536494 0.548866
0.248537 0.479758 0.107273
0.0605645 0.971174 0.0529221
0.532798 0.0805649 0.0516091
0.0433363 0.188184 0.155879
0.482855 0.504594 0.0799024
0.0528862 0.564357 0.0462906
0.508622 0.479758 0.384894
0.426415 0.565432 0.204077
0.243677 0.536591 0.531346
0.501026 0.623613 0.0772942
0.204422 0.486293 0.541646
0.509031 0.544412 0.422829
0.112292 0.333202 0.0428166
0.52317 0.523684 0.465001
0.225593 0.479758 0.536888
0.30286 0.480752 0.541647
0.523168 0.530775 0.385809
0.126409 0.333248 0.51349
0.501856 0.526512 0.386774
0.264228 0.532473 0.0585785
0.312818 0.479758 0.520118
0.078522 0.565432 0.206366
0.0400998 0.521335 0.279942
0.402219 0.872405 0.0359033
0.525838 0.194355 0.202845
0.31477 0.565432 0.304708
0.420418 0.47993 0.541647
0.523166 0.534663 0.312114
0.0311321 0.14627 0.520826
0.512854 0.536494 0.538534
0.0601045 0.0778201 0.550994
0.236001 0.843996 0.0271728
0.157281 0.479758 0.133514
0.124503 0.484874 0.520333
0.059345 0.204344 0.048966
0.05303  0.975 0.0640306
0.0289079 0.24555 0.544862
