0.0723242 0.385962 0.549232
0.0695404 0.244765 0.372304
0.350641 0.545915 0.549437
0.427957 0.543515 0.491295
0.304649 0.548793 0.0955223
0.445747 0.935358 0.0853642
0.484323 0.529972 0.53375
0.0389579 0.228324 0.5552
0.42588 0.584344 0.282772
0.0723242 0.175205 0.537305
0.45801 0.906273 0.110533
0.449062 0.206691 0.0765464
0.0840421 0.584344 0.324739
0.0398468 0.52358 0.296403
0.484323 0.395031 0.515843
0.0538198 0.465242 0.0287117
0.0445999 0.482294 0.164753
0.387127 0.966202 0.063074
0.255608 0.543515 0.393035
0.171567 0.520878 0.0945944
0.037063 0.0875533 0.497696
0.0433759 0.697711 0.0981236
0.482467 0.538362 0.426523
0.376731 0.584344 0.424132
0.45768 0.554918 0.292787
0.480999 0.474446 0.556867
0.0510667 0.555578 0.148007
0.140892 0.533044 0.0945944
0.0714943 0.386616 0.553819
0.451845 0.19394 0.446268
0.449062 0.196351 0.522039
0.346338 0.859735 0.0699219
0.467366 0.338836 0.0924553
0.449062 0.774404 0.086043
0.278042 0.543515 0.320524
0.037063 0.876017 0.0419555
0.266021 0.541259 0.541326
0.481763 0.35226 0.479907
0.484323 0.595385 0.0368519
0.325564 0.830962 0.0474302
0.0524309 0.0250186 0.0666188
0.106224 0.543515 0.378096
0.147997 0.543515 0.371339
0.037063 0.378617 0.0767473
0.320415 0.543515 0.378953
0.0425544 0.265923 0.0324996
0.0572852 0.888386 0.0948368
0.0461459 0.924421 0.120336
0.373771 0.584344 0.252862
0.0723242 0.574091 0.525218
0.449459 0.606917 0.0884961
0.0719157 0.694414 0.081259
0.383492 0.584344 0.209107
0.472521 0.0509229  0.025
0.0723242 0.129882 0.491641
0.037063 0.476145 0.536806
0.0487567 0.284034 0.559485
0.0398468 0.218744 0.0941309
0.414623 0.584344 0.220032
0.180858 0.543515 0.139817
0.0416255 0.399338 0.477904
0.053387 0.25493 0.325645
0.046102 0.434793 0.10085
0.0723242 0.256542 0.0791269
0.0468064 0.190725 0.0287117
0.482467 0.235424 0.428543
0.346226 0.543515 0.482891
0.451845 0.50315 0.47213
0.367974 0.584344 0.179381
0.0570082 0.0407221 0.0949951
0.449062 0.183008 0.0387057
0.387817 0.910654 0.0806749
0.456874 0.308232 0.559485
0.449062 0.117991 0.545064
0.0578454 0.542959 0.0602611
0.0423927 0.195283 0.559207
0.242489 0.543515 0.187657
0.0751119 0.850905 0.103855
0.484323 0.0536941 0.0644721
0.119414 0.543515 0.223202
0.336415 0.584344 0.244922
0.122204 0.543515 0.156782
0.0723242 0.0783683 0.0795322
0.0516242 0.36751 0.476899
0.249846 0.543515 0.209348
0.449062 0.054856 0.0421331
0.0687942 0.492769 0.538432
0.0688766 0.525271 0.0330658
0.0480878 0.481344 0.111808
0.473649 0.559219 0.0890279
0.0723242 0.750631 0.0550653
0.449062 0.341141 0.492029
0.398502 0.543515 0.364398
0.220893 0.933022 0.0627027
0.037063 0.783867 0.0537916
0.0378875 0.701373 0.0371664
0.0434818 0.252998 0.381553
0.150619 0.966879 0.0746143
0.0695404 0.202339 0.320318
0.228636 0.820858 0.044595
0.235884 0.852948 0.0617788
0.0512861 0.566413 0.476899
0.365276 0.83975 0.056723
0.0695404 0.243634 0.13079
0.0631205 0.439148 0.0915023
0.482467 0.514616 0.114869
0.202751 0.584344 0.501294
0.382998 0.543515 0.452894
0.0723242 0.307908 0.496996
0.133394 0.505294 0.0945944
0.0952441 0.552442 0.53972
0.303721 0.842752 0.0452858
0.0738267 0.490623 0.10069
0.484323 0.324195 0.0417021
0.47788 0.569673 0.559485
0.037063 0.735118 0.0464815
0.0695404 0.491261 0.418682
0.347715 0.846735 0.0702444
0.387051 0.490623 0.521909
0.484323 0.399243 0.540508
0.108655 0.543515 0.192911
0.0403858 0.186653 0.408748
0.4391 0.897713 0.0999063
0.449062 0.0821079 0.540952
0.185783 0.510397 0.0945944
0.451845 0.242318 0.347383
0.214273 0.543515 0.527718
0.253991 0.543515 0.316727
0.449062 0.576089 0.483926
0.0695404 0.523514 0.473449
0.037063 0.310036 0.514791
0.469995 0.181259 0.227204
0.3233 0.878654 0.0645308
0.48171 0.468845 0.0813185
0.0723242 0.0839654 0.507795
0.0484271 0.0250186 0.0752633
0.46861 0.498003 0.476899
0.0723242 0.177412 0.529064
0.341716 0.546299 0.102046
0.449062 0.803581 0.0787506
0.0457809 0.403709 0.476899
0.0723242 0.116083 0.544218
0.482467 0.497556 0.195164
0.0695404 0.231401 0.426744
0.0721002 0.951764 0.087647
0.360971 0.914766 0.0733463
0.461614 0.403594  0.025
0.0683832 0.600152 0.0323609
0.0723242 0.385565 0.482855
0.449062 0.413663 0.520736
0.0685353 0.81378 0.0860881
0.347539 0.543515 0.238499
0.141231 0.584344 0.323726
0.460705 0.484673 0.0602611
0.298193 0.4938 0.0969851
0.037063 0.0384456 0.499511
0.484323 0.10515 0.510482
0.392314 0.49952 0.541854
0.0695404 0.541575 0.171848
0.35833 0.584344 0.199273
0.291924 0.582667 0.0981052
0.384385 0.54612 0.549847
0.037063 0.782915 0.0803116
0.0623895 0.517503 0.0945944
0.231019 0.799622 0.0597748
0.0658634 0.157942 0.476929
0.0695404 0.207538 0.246817
0.0723242 0.548801 0.375092
0.0723242 0.579429 0.500706
0.458707 0.387478  0.025
0.408649 0.949202 0.088487
0.0695404 0.547437 0.457694
0.451845 0.195156 0.257014
0.172514 0.543515 0.432335
0.484323 0.795141 0.0569696
0.331657 0.543515 0.166026
0.0723242 0.466281 0.0545839
0.109791 0.945353 0.0715287
0.471281 0.10336  0.025
0.451845 0.546316 0.227082
0.246435 0.516532 0.0945944
0.259215 0.829263 0.0427104
0.0695404 0.19075 0.149482
0.336597 0.584344 0.258671
0.350151 0.543515 0.411715
0.46279 0.21921  0.025
0.037063 0.270658 0.508746
0.251326 0.807551 0.0608271
0.449062 0.560412 0.323095
0.186413 0.52812 0.541854
0.156794 0.584344 0.135244
0.0514233 0.18135 0.185633
0.449062 0.571282 0.304099
0.0695404 0.23177 0.29196
0.0593336 0.555578 0.293591
0.0398468 0.224688 0.165007
0.0723242 0.579035 0.34656
0.0398341 0.0560983 0.0352198
0.384727 0.584344 0.107414
0.260185 0.584344 0.194922
0.0398468 0.205491 0.376648
0.304605 0.860445 0.0629706
0.16769 0.543515 0.172392
0.449062 0.550618 0.205624
0.0398468 0.237583 0.226905
0.482467 0.528309 0.230499
0.377349 0.543515 0.374021
0.245313 0.85924 0.0611977
0.463337 0.270061 0.476899
0.0538862 0.481344 0.441654
0.484323 0.504837 0.0350638
0.373933 0.537256 0.51216
0.316333 0.544855 0.0988916
0.0654757 0.483098 0.152599
0.037063 0.805348 0.0841702
0.148153 0.584344 0.351593
0.037063 0.492656 0.0782759
0.037063 0.0778551 0.518993
0.482467 0.495777 0.173623
0.102821 0.531546 0.51216
0.403458 0.800753 0.0865402
0.449062 0.165523 0.0596709
0.449062 0.383364 0.518602
0.371119 0.584344 0.377326
0.454599 0.133956 0.47772
0.318865 0.579369 0.550205
0.30074 0.904233 0.0451026
0.0375022 0.0906845 0.0375517
0.372549 0.490623 0.530654
0.253914 0.546299 0.111781
0.393934 0.543515 0.496091
0.0845604 0.564443 0.529036
0.453914 0.220686 0.478308
0.0677396 0.685103 0.0314415
0.482467 0.210225 0.371322
0.18597 0.92009 0.0672814
0.0592908 0.682021 0.0936907
0.0619317 0.806248 0.092103
0.449062 0.847788 0.0376907
0.482467 0.522436 0.196209
0.0398468 0.537497 0.183157
0.451845 0.190247 0.230014
0.459853 0.503649 0.476899
0.152473 0.818588 0.0573928
0.0500248 0.309753 0.476899
0.180202 0.584344 0.382325
0.0973316 0.950964 0.0941703
0.478993 0.11493 0.0254358
0.037063 0.476563 0.499349
0.0695404 0.225288 0.342775
0.0617783 0.275709 0.559485
0.484323 0.238522 0.491153
0.0723242 0.0292296 0.493299
0.0723242 0.745943 0.0475401
0.449062 0.353179 0.545323
0.0623147 0.633868 0.0919627
0.0398468 0.538284 0.443593
0.459134 0.188471  0.025
0.45892 0.897054 0.076642
0.346408 0.882238 0.0523078
0.1998 0.584344 0.384486
0.470075 0.481344 0.29747
0.0723242 0.831661 0.0604991
0.0796977 0.490623 0.102206
0.240717 0.543515 0.258033
0.39422 0.893936 0.0652296
0.037063 0.211426 0.543458
0.296228 0.584344 0.386125
0.0723242 0.850006 0.0606051
0.0695982 0.284549 0.48013
0.238192 0.574134 0.0955223
0.465286 0.196017 0.559485
0.04125 0.16776 0.0338039
0.482467 0.241116 0.416627
0.449062 0.067203 0.511288
0.484323 0.358294 0.0374598
0.0406724 0.681741 0.09542
0.263364 0.584344 0.144563
0.450008 0.0880457 0.481656
0.482467 0.520583 0.264299
0.0723242 0.421101 0.509024
0.474546 0.806867 0.102621
0.375499 0.543515 0.185652
0.037063 0.626447 0.0393532
0.349221 0.543515 0.234081
0.481925 0.200502 0.0602611
0.268406 0.493852 0.0969328
0.29687 0.546299 0.534723
0.184537 0.49503 0.0957556
0.0695404 0.523454 0.375942
0.387338 0.540402 0.541854
0.279988 0.820762 0.061458
0.36824 0.543515 0.384183
0.101213 0.543515 0.202946
0.0422972 0.484981 0.400935
0.0723242 0.108942 0.50947
0.448579 0.546092 0.421545
0.449062 0.270747 0.0622838
0.175316 0.584344 0.277382
0.480611 0.521505 0.523688
0.474416 0.481344 0.261793
0.0423274 0.931151 0.103779
0.482467 0.215509 0.363204
0.0723242 0.602311 0.0733604
0.449062 0.80892 0.0359197
0.037063 0.469321 0.0860005
0.037063 0.602153 0.052053
0.365945 0.584344 0.423702
0.339712 0.920396 0.0683716
0.0373576 0.473703 0.0921052
0.446945 0.565762 0.126811
0.462999 0.180848 0.415008
0.451845 0.507449 0.125107
0.0695404 0.246514 0.447414
0.225193 0.91033 0.0448072
0.39728 0.546299 0.529651
0.0773247 0.528974 0.124288
0.417277 0.560276 0.0971433
0.0678142 0.599871 0.0871183
0.345555 0.543515 0.40713
0.262001 0.584344 0.201381
0.0443199 0.75017 0.0990676
0.248955 0.584344 0.542073
0.201764 0.546615 0.550205
0.04369 0.253206 0.476441
0.403592 0.799622 0.0841936
0.0695404 0.246897 0.484055
0.373421 0.799622 0.0750027
0.482467 0.526655 0.468674
0.305948 0.513132 0.0945944
0.0723242 0.0764836 0.53518
0.449062 0.424643 0.538566
0.129014 0.869784 0.082101
0.0398468 0.222945 0.186434
0.465438 0.79878  0.025
0.0568231 0.422631 0.0287117
0.037063 0.804185 0.0802585
0.119558 0.543515 0.494914
0.478898 0.331094 0.559319
0.451845 0.504797 0.389847
0.484323 0.764243 0.0399588
0.0808111 0.8008 0.100612
0.484323 0.546082 0.495365
0.268138 0.521745 0.541854
0.449062 0.372075 0.0653491
0.39266 0.924293 0.0648604
0.0723242 0.546355 0.331411
0.484323 0.248581 0.0681599
0.0695404 0.528143 0.231481
0.0398468 0.204566 0.202945
0.482467 0.521093 0.287781
0.482467 0.49061 0.164835
0.227175 0.584344 0.214055
0.482467 0.534374 0.212979
0.0704747 0.545045 0.516474
0.0459237 0.19968 0.476899
0.0695404 0.191755 0.25063
0.449062 0.228835 0.521267
0.449062 0.807811 0.0825211
0.329414 0.584344 0.538347
0.482467 0.201562 0.144159
0.449571 0.490623 0.535328
0.449062 0.259614 0.532039
0.152692 0.564356 0.0955223
0.265379 0.584344 0.358199
0.219915 0.497692 0.124288
0.183666 0.506677 0.51216
0.0723242 0.135779 0.0381779
0.0723242 0.480856 0.524757
0.484323 0.228996 0.505857
0.037063 0.542642 0.548723
0.0585426 0.119128 0.0941183
0.0723242 0.0731218 0.0397303
0.0695404 0.501423 0.138437
0.216438 0.584344 0.224802
0.472281 0.0250069 0.501302
0.451845 0.511052 0.0853488
0.0723242 0.0856516 0.492655
0.0583118 0.555578 0.323262
0.0398468 0.521174 0.137312
0.265155 0.543515 0.129475
0.0723242 0.0658732 0.0513842
0.458693 0.616937  0.025
0.472926 0.119131  0.025
0.0431035 0.679931 0.0978512
0.273621 0.543184 0.0970469
0.449062 0.555268 0.0489926
0.483586 0.672972 0.0781921
0.449062 0.548258 0.335841
0.143073 0.827548 0.0595654
0.482467 0.204854 0.138297
0.037063 0.550492 0.532452
0.037063 0.812652 0.0380524
0.0492114 0.397066 0.0994505
0.40579 0.543515 0.354523
0.359744 0.514717 0.541854
0.465462 0.555578 0.377536
0.038758 0.895118 0.05804
0.484323 0.347911 0.522415
0.0723242 0.714096 0.0381985
0.0955443 0.572134 0.105707
0.0398468 0.512602 0.431969
0.34773 0.537075 0.0945944
0.484323 0.207875 0.491291
0.0545574 0.5052 0.484323
0.159978 0.541778 0.0956412
0.46979 0.555578 0.420715
0.052949 0.181087 0.305809
0.465582 0.383222 0.0934286
0.0676542 0.251249 0.374869
0.037063 0.258121 0.509626
0.135994 0.543515 0.501216
0.058083 0.180748 0.460393
0.451845 0.201052 0.334744
0.449062 0.0900269 0.0441823
0.484323 0.302497 0.0394527
0.037063 0.551591 0.0684168
0.233178 0.543515 0.319743
0.0695404 0.23335 0.0742093
0.0623702 0.500851 0.124288
0.343902 0.543515 0.430146
0.189282 0.543515 0.425655
0.2764 0.543515 0.474351
0.484323 0.279159 0.547578
0.145843 0.584344 0.478455
0.358861 0.546086 0.0999489
0.0695404 0.509758 0.235939
0.264403 0.584344 0.177975
0.0723242 0.449891 0.544627
0.454461 0.485224 0.219038
0.449062 0.0889437 0.524163
0.14832 0.584344 0.255001
0.484323 0.480546 0.0421779
0.38862 0.490623 0.528561
0.275102 0.501824 0.51216
0.291768 0.537825 0.51216
0.421656 0.543515 0.283807
0.107035 0.521947 0.541854
0.449062 0.560976 0.203436
0.0723242 0.28009 0.508118
0.0723242 0.550992 0.166656
0.22744 0.584344 0.279911
0.0684981 0.391989 0.479187
0.451845 0.188284 0.164672
0.0398468 0.194615 0.384347
0.0490761 0.915415 0.118669
0.33219 0.583674 0.100456
0.138947 0.584344 0.272767
0.484323 0.413715 0.540732
0.449062 0.508902 0.551733
0.060522 0.814496 0.0929931
0.451845 0.491292 0.104452
0.426287 0.584344 0.141924
0.109108 0.584344 0.181304
0.060204 0.214499 0.0602611
0.482608 0.392705 0.0318124
0.471161 0.181101 0.299246
0.300579 0.829435 0.0450927
0.037063 0.409869 0.540039
0.0695404 0.491762 0.204195
0.0695404 0.532596 0.260808
0.0723242 0.56084 0.163079
0.0474225 0.25493 0.409656
0.449062 0.548739 0.176556
0.092098 0.543515 0.377003
0.482467 0.524736 0.423738
0.45602 0.310395 0.0273207
0.0695404 0.545727 0.166089
0.451845 0.51255 0.326859
0.453174 0.742298 0.0305209
0.343207 0.584344 0.40381
0.31951 0.490623 0.530957
0.482467 0.212924 0.32977
0.0398468 0.248543 0.368928
0.0695404 0.521084 0.28318
0.477633 0.0250058 0.509844
0.0970623 0.543515 0.399915
0.449062 0.552648 0.454874
0.222884 0.494167 0.0966187
0.252993 0.584344 0.43969
0.0695404 0.22622 0.33278
0.0535698 0.272887 0.559485
0.478265 0.183358 0.166498
0.478872 0.376747 0.559348
0.189891 0.911115 0.0487446
0.154951 0.584344 0.487436
0.273556 0.490623 0.529838
0.484323 0.204784 0.0740623
0.0398468 0.224145 0.27538
0.329318 0.543515 0.325236
0.144334 0.584344 0.498544
0.0723242 0.416882 0.0415909
0.469897 0.407962 0.559485
0.0667818 0.188998 0.0300733
0.0515024 0.555578 0.326584
0.0695404 0.216871 0.0782063
0.0398468 0.519306 0.124676
0.0653152 0.48291 0.132361
0.482467 0.510599 0.0808792
0.480221 0.551329 0.221339
0.454139 0.250784 0.484323
0.037063 0.576459 0.504454
0.248875 0.909219 0.0433476
0.188907 0.543515 0.48141
0.360246 0.543515 0.232817
0.0695404 0.202346 0.0670876
0.183046 0.584344 0.51008
0.482467 0.494621 0.116528
0.304815 0.584344 0.104279
0.0711329 0.582071 0.52156
0.0656259 0.500361 0.0602611
0.0449671 0.144147 0.0300869
0.482467 0.229729 0.250375
0.484323 0.753723 0.0555721
0.217091 0.543515 0.194198
0.451845 0.198434 0.468563
0.449062 0.0550797 0.542606
0.196582 0.543515 0.469057
0.461646 0.481344 0.093252
0.454577 0.467415 0.477739
0.476876 0.181818 0.326406
0.127371 0.543515 0.141807
0.451845 0.240366 0.10561
0.481286 0.250375 0.310597
0.463892 0.801605 0.0943503
0.363327 0.957687 0.0562671
0.468002 0.481344 0.262557
0.037063 0.297687 0.497458
0.0398468 0.496474 0.414507
0.0610119 0.555578 0.0832279
0.451845 0.219006 0.344564
0.0723242 0.563538 0.0702882
0.18186 0.584344 0.372745
0.0723242 0.84557 0.0781676
0.449062 0.24258 0.0412369
0.484323 0.0905556 0.0501458
0.286522 0.543515 0.187502
0.0608739 0.196531 0.092786
0.046897 0.481344 0.171862
0.47799 0.584344 0.541959
0.131677 0.799622 0.0798064
0.0737947 0.956711 0.0867557
0.171635 0.543515 0.418901
0.0398468 0.518903 0.159691
0.484323 0.475813 0.502304
0.471285 0.411035  0.025
0.409831 0.912678 0.0710789
0.482467 0.501731 0.439512
0.0398468 0.225577 0.158063
0.0723242 0.0890274 0.502797
0.360928 0.914349 0.0733362
0.037063 0.208535 0.537819
0.456746 0.482939 0.294381
0.462537 0.469387  0.025
0.482467 0.540823 0.306723
0.037063 0.268461 0.522864
0.449062 0.237837 0.0741263
0.170222 0.543515 0.538039
0.0393735 0.34178 0.0356804
0.0432205 0.553019 0.472924
0.482467 0.509637 0.104375
0.475237 0.25493 0.211961
0.480516 0.246092 0.47866
0.0776853 0.543618 0.443491
0.467723 0.0650763 0.476899
0.484323 0.487759 0.047288
0.483969 0.861185 0.106014
0.230917 0.517537 0.124288
0.0723242 0.709625 0.0730655
0.067954 0.291171 0.0317478
0.26069 0.801908 0.0602722
0.179995 0.543515 0.407793
0.47453 0.177049 0.476899
0.0577588 0.595212 0.0287117
0.314308 0.954059 0.0459363
0.343152 0.521439 0.51216
0.469324 0.25493 0.132702
0.0908868 0.584344 0.18901
0.433725 0.799622 0.0951052
0.0555787 0.100839 0.476899
0.458134 0.52331 0.0602611
0.0655157 0.0250008 0.545615
0.449062 0.547898 0.501548
0.391906 0.532067 0.541854
0.0580881 0.0579548 0.559485
0.302456 0.543515 0.513051
0.255424 0.584344 0.532551
0.250724 0.807796 0.0432337
0.0723242 0.484411 0.505137
0.201594 0.584344 0.490553
0.304792 0.49667 0.51216
0.449062 0.561475 0.430621
0.205141 0.584344 0.37496
0.405505 0.831071 0.087308
0.037063 0.36348 0.0439438
0.0723242 0.161135 0.498924
0.037063 0.405351 0.0828958
0.484323 0.177232 0.538766
0.417367 0.584344 0.273477
0.0564306 0.165162 0.559485
0.0723242 0.56065 0.142696
0.0723242 0.158589 0.0758745
0.463797 0.897054 0.0381767
0.0488138 0.543065 0.514494
0.354693 0.490623 0.528478
0.161623 0.546299 0.534454
0.342057 0.584344 0.367609
0.0723242 0.49329 0.543245
0.0695404 0.204604 0.454406
0.334824 0.543515 0.238349
0.0374878 0.0277244 0.534432
0.0723242 0.572384 0.466743
0.449062 0.0792547 0.0513924
0.0723242 0.0308158 0.541413
0.466466 0.0732616 0.0929462
0.453143 0.459395 0.0302526
0.268449 0.584344 0.275267
0.372875 0.946347 0.0585014
0.0392154 0.305555 0.480314
0.19932 0.817531 0.0641959
0.037063 0.325277 0.543161
0.0723242 0.286364 0.0788049
0.484323 0.457308 0.530565
0.0723242 0.563683 0.548613
0.423444 0.828666 0.075732
0.0695404 0.511703 0.125887
0.037063 0.327052 0.487967
0.0449596 0.245659 0.0997073
0.430968 0.490623 0.11773
0.369453 0.584344 0.265847
0.255315 0.512799 0.124288
0.0421475 0.717782 0.0329065
0.388804 0.543515 0.484309
0.328595 0.964234 0.06577
0.0675632 0.12784 0.55775
0.0612227 0.57484 0.476899
0.451855 0.187183 0.284042
0.0472702 0.544377 0.120579
0.275168 0.848276 0.0611618
0.482467 0.497926 0.160458
0.0391858 0.938395 0.105479
0.037063 0.114474 0.491304
0.0448538 0.225549 0.559485
0.0695404 0.246927 0.161616
0.0612702 0.555578 0.388091
0.337502 0.497178 0.124288
0.151324 0.96812 0.0591535
0.451845 0.24451 0.183631
0.458378 0.45878 0.559485
0.473932 0.181038 0.328167
0.0378406 0.19775 0.0925882
0.0723242 0.0892838 0.0402364
0.056656 0.25493 0.191549
0.0526204 0.18135 0.185559
0.25479 0.86471 0.0606136
0.327908 0.584344 0.162334
0.139942 0.833007 0.0603051
0.0691467 0.549542 0.433477
0.384312 0.945951 0.0617299
0.482467 0.499212 0.376434
0.037063 0.666151 0.0669122
0.482467 0.193838 0.119855
0.0723242 0.139659 0.521733
0.22232 0.543515 0.36073
0.101539 0.502653 0.124288
0.494435 0.89923 0.125508
0.058868 0.481344 0.378596
0.0667889 0.252114 0.354618
0.471319 0.383571 0.0902992
0.240823 0.543515 0.372216
0.0695404 0.209714 0.204375
0.0690063 0.677256 0.0854153
0.447683 0.582151 0.344853
0.0673486 0.288815 0.0308829
0.474656 0.0343548 0.088479
0.0723242 0.552577 0.199679
0.100494 0.543515 0.528166
0.449062 0.652861 0.0504115
0.0667176 0.252185 0.101332
0.453661 0.25092 0.160571
0.349978 0.543515 0.366829
0.484323 0.806094 0.0472419
0.147595 0.528677 0.51216
0.037063 0.739138 0.0894431
0.0695404 0.234999 0.346655
0.484323 0.561013 0.534795
0.214351 0.490623 0.5194
0.479261 0.0269378 0.0300436
0.413106 0.810557 0.0720167
0.449062 0.0841632 0.515696
0.376398 0.584344 0.323745
0.173825 0.55215 0.0955223
0.0398468 0.234099 0.0671621
0.0723242 0.746211 0.0543413
0.037063 0.16364 0.0763226
0.4648 0.481344 0.239677
0.0851255 0.543515 0.249058
0.037063 0.0549183 0.074835
0.482467 0.227402 0.32688
0.472553 0.270308 0.559485
0.334482 0.943002 0.0495171
0.107562 0.511475 0.0945944
0.484323 0.531339 0.509811
0.452594 0.487091 0.326855
0.451845 0.508833 0.46696
0.037063 0.296604 0.54692
0.0719193 0.0829627 0.553394
0.482467 0.494827 0.0819175
0.450797 0.313552 0.0898339
0.0493732 0.883073 0.099358
0.449062 0.479305 0.492292
0.421373 0.543515 0.197789
0.121047 0.584344 0.386778
0.0400872 0.477218 0.556518
0.484323 0.335991 0.531667
0.132801 0.490623 0.107779
0.037063 0.121419 0.0402645
0.0418287 0.551395 0.3826
0.0463152 0.473317 0.559485
0.454397 0.471645 0.558325
0.4736 0.0769743  0.025
0.0723242 0.568334 0.430128
0.037063 0.842192 0.0380993
0.0984981 0.522306 0.51216
0.380674 0.553721 0.0955223
0.0723242 0.206329 0.0555975
0.451845 0.198887 0.20499
0.449062 0.0738246 0.494469
0.142992 0.814402 0.0595841
0.0855148 0.543515 0.218723
0.484323 0.0595923 0.546971
0.310755 0.543515 0.205241
0.037063 0.483938 0.0838343
0.371621 0.584344 0.471414
0.0533318 0.0253103 0.0919435
0.479472 0.497505 0.0945944
0.484323 0.859639 0.052892
0.467782 0.868183 0.0922285
0.0713037 0.206671 0.481592
0.0723242 0.804973 0.0434889
0.429475 0.584344 0.448045
0.302717 0.584344 0.347383
0.181377 0.584344 0.25201
0.037063 0.259656 0.512704
0.131734 0.861363 0.0633017
0.0464013 0.0979987 0.0287117
0.469692 0.25493 0.0666986
0.0631474 0.0264222 0.479792
0.362173 0.543515 0.216763
0.356469 0.543515 0.205514
0.0479692 0.26487 0.559485
0.482467 0.24061 0.0717145
0.146616 0.584344 0.260828
0.0695404 0.524489 0.0746919
0.481346 0.180055 0.0294805
0.452988 0.832347 0.107675
0.32723 0.502407 0.124288
0.243426 0.584344 0.150236
0.143412 0.543515 0.349059
0.464762 0.400832 0.559485
0.466725 0.5295 0.484323
0.0395922 0.0530241 0.55594
0.484323 0.0880195 0.51782
0.337268 0.493092 0.121189
0.449062 0.0772435 0.0615914
0.186183 0.584344 0.372222
0.482467 0.520061 0.323566
0.449062 0.495456 0.0391138
0.32294 0.543515 0.308678
0.466215 0.481344 0.233561
0.228844 0.584344 0.34231
0.300592 0.875812 0.0450935
0.253061 0.836837 0.0430896
0.385071 0.494415 0.0963704
0.037063 0.0662042 0.0731463
0.283916 0.584344 0.176409
0.341871 0.584344 0.419819
0.464608 0.516378 0.541854
0.0723242 0.175408 0.0727096
0.037063 0.377686 0.534706
0.117263 0.860756 0.0865774
0.118907 0.584344 0.460542
0.0647396 0.182146 0.172321
0.276994 0.543515 0.428613
0.449062 0.680368 0.0379476
0.122064 0.584344 0.393129
0.351679 0.543515 0.39731
0.484323 0.510172 0.516545
0.27941 0.543515 0.340427
0.452563 0.517282 0.484323
0.473493 0.25493 0.105859
0.477224 0.282457 0.087078
0.391767 0.567309 0.550205
0.0723242 0.56188 0.398936
0.0398468 0.522471 0.11458
0.327203 0.584344 0.289541
0.455674 0.252644 0.368654
0.461925 0.23018 0.484323
0.0712391 0.0480974 0.554074
0.0723242 0.56409 0.219608
0.451845 0.5351 0.317092
0.0390181 0.422104 0.0360358
0.0616156 0.481344 0.481006
0.397111 0.840455 0.0662683
0.0695404 0.510845 0.223659
0.0398468 0.206862 0.39926
0.0420601 0.119905 0.558819
0.0668809 0.552186 0.177387
0.068829 0.895345 0.0813727
0.037063 0.538393 0.0584666
0.451995 0.249492 0.38652
0.187731 0.539394 0.124288
0.451845 0.198257 0.355841
0.351043 0.543515 0.490327
0.0679131 0.856466 0.107951
0.451845 0.548503 0.402542
0.254288 0.584344 0.435507
0.037063 0.593421 0.0701338
0.037063 0.544748 0.500951
0.247731 0.584344 0.340456
0.221802 0.584344 0.461568
0.144753 0.878209 0.0591771
0.127685 0.584344 0.405892
0.481683 0.250035 0.472292
0.123665 0.584344 0.169502
0.48238 0.0269216 0.540694
0.0557775 0.919896 0.096331
0.037063 0.783046 0.0476168
0.203137 0.526045 0.0945944
0.285012 0.94114 0.0617667
0.45503 0.361438 0.477351
0.184012 0.577464 0.550205
0.465338 0.481344 0.151146
0.474025 0.555578 0.19078
0.0691649 0.29927 0.0851887
0.0398468 0.531721 0.286094
0.471528 0.25493 0.437868
0.449062 0.885538 0.0754648
0.123374 0.55127 0.0955223
0.482467 0.23771 0.283101
0.0422851 0.429052 0.559082
0.483469 0.376812 0.0783862
0.165863 0.545897 0.0964599
0.454573 0.0414376 0.0936104
0.451845 0.224833 0.392049
0.19769 0.584344 0.143335
0.484323 0.858762 0.062596
0.0448733 0.481975 0.152279
0.198201 0.543515 0.333973
0.170679 0.515194 0.124288
0.45486 0.251947 0.158879
0.443001 0.500657 0.0945944
0.451845 0.500035 0.43563
0.4031 0.918277 0.0687326
0.0678992 0.512268 0.0316696
0.127974 0.543515 0.405686
0.0410713 0.486411 0.248153
0.45249 0.295694 0.0308515
0.0695404 0.537119 0.328114
0.355648 0.543515 0.294489
0.037063 0.324107 0.521751
0.342316 0.492611 0.538274
0.0589605 0.17494 0.476899
0.48183 0.455705 0.479974
0.0598505 0.827945 0.0287117
0.482467 0.52988 0.168493
0.463332 0.180927 0.378705
0.0387669 0.474303 0.554977
0.481874 0.549676 0.258261
0.449062 0.22839 0.0789386
0.0695404 0.221074 0.192866
0.198673 0.828647 0.046715
0.0695404 0.518089 0.475742
0.207574 0.543515 0.33518
0.0493624 0.590502 0.0993642
0.423815 0.528758 0.541854
0.156301 0.936713 0.0741388
0.120113 0.811271 0.0675443
0.484323 0.357572 0.515227
0.471335 0.370869 0.476899
0.468729 0.1816 0.0713706
0.0367915 0.851818 0.113495
0.451845 0.515117 0.28747
0.451845 0.237833 0.320039
0.466643 0.181306 0.205538
0.449062 0.737756 0.0637368
0.066003 0.470589 0.559311
0.412469 0.543515 0.33575
0.484323 0.0751248 0.512918
0.0723242 0.568268 0.0541993
0.0523129 0.529668 0.0602611
0.131205 0.543515 0.127786
0.155725 0.543515 0.210411
0.350939 0.543515 0.342024
0.0696113 0.440448 0.0845511
0.062055 0.181371 0.175986
0.0477038 0.879285 0.100498
0.226173 0.584344 0.523372
0.484323 0.303928 0.501272
0.451845 0.220558 0.218186
0.464523 0.279805 0.476899
0.0723242 0.498877 0.513663
0.0404032 0.549732 0.433173
0.278316 0.503167 0.0945944
0.0605571 0.350416 0.0929671
0.0445962 0.554624 0.251443
0.0398468 0.53606 0.202322
0.0398468 0.504651 0.286521
0.037063 0.499692 0.0396213
0.0723242 0.550068 0.500681
0.142905 0.584344 0.278495
0.449062 0.0658923 0.0689882
0.302947 0.544598 0.537987
0.196484 0.584344 0.220531
0.312984 0.543515 0.196433
0.476791 0.815342 0.103132
0.243363 0.543515 0.374256
0.462312 0.803004 0.095212
0.0398468 0.540346 0.152251
0.0459254 0.135889 0.0291285
0.484323 0.401272 0.485409
0.037063 0.538714 0.546465
0.0645209 0.84835 0.109881
0.482467 0.540697 0.0650157
0.340478 0.490623 0.11184
0.112724 0.543515 0.105415
0.479403 0.384068 0.558729
0.0402703 0.186768 0.412867
0.448111 0.581968 0.340978
0.449062 0.512586 0.037973
0.471553 0.188478 0.559485
0.482238 0.210055 0.0804387
0.337607 0.584344 0.43265
0.480915 0.18564 0.379007
0.323787 0.543515 0.490468
0.451845 0.235822 0.205314
0.0695404 0.242209 0.261205
0.067095 0.184339 0.33586
0.377618 0.584344 0.518563
0.037063 0.562891 0.548649
0.259572 0.5499 0.0955223
0.205871 0.553929 0.550205
0.449062 0.298308 0.493133
0.477849 0.5537 0.20539
0.037063 0.261648 0.508383
0.410565 0.945637 0.0715748
0.096419 0.543515 0.512059
0.0573494 0.0434523 0.476899
0.478826 0.857951 0.122338
0.0723242 0.565412 0.341801
0.0723242 0.223537 0.0590414
0.438444 0.885897 0.0811227
0.0723242 0.511238 0.0442829
0.438793 0.543515 0.243498
0.0398468 0.541457 0.478545
0.0514304 0.0771972 0.476899
0.39972 0.584344 0.150035
0.449062 0.319758 0.51573
0.407008 0.584344 0.361331
0.456233 0.363632 0.476899
0.0723242 0.421304 0.528711
0.439091 0.584344 0.329877
0.328124 0.543515 0.46872
0.0723242 0.579862 0.230797
0.317114 0.543515 0.256183
0.406304 0.509437 0.541854
0.037063 0.562297 0.54775
0.253032 0.543515 0.209896
0.484323 0.533721 0.540606
0.0537973 0.550813 0.559485
0.480769 0.250818 0.116857
0.391844 0.565896 0.550205
0.0666678 0.552434 0.0622229
0.483364 0.196712 0.554107
0.0465692 0.0475413 0.10096
0.0695404 0.191249 0.24067
0.0706578 0.445171 0.554656
0.361905 0.569343 0.0955223
0.465837 0.151004  0.025
0.0493013 0.0381459 0.0287117
0.2785 0.546276 0.536309
0.125604 0.584344 0.435638
0.0584849 0.0250186 0.0472172
0.23141 0.584344 0.300509
0.116914 0.543515 0.177497
0.0695404 0.504821 0.410904
0.0695404 0.221493 0.274364
0.472274 0.555578 0.34769
0.484323 0.47862 0.486177
0.350779 0.500642 0.51216
0.0667106 0.0257082 0.0392086
0.0516924 0.584344 0.548028
0.145042 0.540779 0.512208
0.0477419 0.525835 0.124288
0.0698141 0.0493323 0.555499
0.137647 0.900959 0.061143
0.037063 0.231821 0.501058
0.45426 0.856613 0.0294484
0.416612 0.543515 0.136929
0.0398468 0.200982 0.32621
0.0507359 0.12605 0.476899
0.042499 0.484746 0.47256
0.107251 0.940471 0.0903916
0.482467 0.203654 0.264565
0.0723242 0.572522 0.26271
0.0723242 0.18104 0.549975
0.0695404 0.545088 0.172798
0.480851 0.222578 0.55704
0.470841 0.481344 0.271904
0.310786 0.584344 0.295578
0.101963 0.949655 0.0924061
0.037063 0.150825 0.52497
0.0614114 0.0929649 0.0924789
0.0723242 0.568869 0.311445
0.449062 0.093547 0.0417825
0.457061 0.240144 0.484323
0.0837355 0.543515 0.236649
0.335573 0.584344 0.406814
0.484323 0.164823 0.49064
0.0398468 0.532999 0.366237
0.0574853 0.480589 0.0947225
0.364845 0.543515 0.16808
0.240582 0.543515 0.457943
0.0701354 0.89508 0.106687
0.484323 0.397088 0.511156
0.0420077 0.789195 0.0330462
0.037063 0.175016 0.0685361
0.451845 0.496682 0.141621
0.373206 0.584344 0.216304
0.451845 0.19975 0.112946
0.0628797 0.430276 0.559485
0.451845 0.240901 0.363173
0.166289 0.971847 0.0579219
0.482467 0.503475 0.16035
0.410154 0.543515 0.381095
0.449062 0.113995 0.0845296
0.484323 0.34019 0.497757
0.297535 0.545395 0.516824
0.0531642 0.211631 0.476899
0.0723242 0.369211 0.0688095
0.0398468 0.535287 0.16839
0.451845 0.502228 0.302289
0.427595 0.961695 0.095592
0.100471 0.543515 0.171992
0.037063 0.472904 0.518326
0.0667531 0.382167 0.0886341
0.148084 0.584344 0.366926
0.482467 0.495756 0.397141
0.161052 0.543515 0.142017
0.348286 0.512809 0.51216
0.0723242 0.557787 0.0598444
0.037063 0.32391 0.498736
0.32437 0.543515 0.293632
0.47551 0.415357 0.559485
0.3449 0.584344 0.26075
0.0952696 0.963171 0.0772921
0.0723242 0.649178 0.0443129
0.478357 0.252885 0.147905
0.0695404 0.509019 0.137268
0.449062 0.304893 0.520522
0.417159 0.49499 0.513361
0.484323 0.435198 0.54097
0.210572 0.819966 0.0633388
0.306657 0.584344 0.512654
0.186204 0.584344 0.2735
0.037063 0.306212 0.487994
0.459681 0.481344 0.454014
0.468808 0.275284  0.025
0.352819 0.584344 0.323167
0.473398 0.181342 0.189331
0.037063 0.424475 0.50427
0.071779 0.155408 0.0814544
0.0773193 0.584058 0.409183
0.357406 0.584344 0.343741
0.187553 0.584344 0.418936
0.0398468 0.223711 0.476123
0.482168 0.549382 0.387553
0.140649 0.952998 0.0777562
0.186347 0.504655 0.541854
0.198216 0.543515 0.161904
0.444418 0.58355 0.26153
0.0663513 0.730949 0.0892082
0.037063 0.541497 0.534399
0.0723242 0.643955 0.0782542
0.48076 0.791818 0.0829013
0.263955 0.546299 0.524818
0.205126 0.584344 0.322301
0.296163 0.543515 0.450653
0.475902 0.584344 0.544508
0.449062 0.30933 0.0407796
0.0590017 0.748752 0.0938559
0.0419862 0.413372 0.477543
0.308567 0.584344 0.449793
0.484323 0.48656 0.0692318
0.457473 0.326094 0.559485
0.482467 0.209349 0.254872
0.0688728 0.49162 0.556441
0.468866 0.892622  0.025
0.1459 0.584344 0.166863
0.321031 0.584344 0.271532
0.36123 0.490779 0.517572
0.145486 0.543515 0.53457
0.46674 0.625586  0.025
0.0576181 0.368171 0.0946465
0.0747073 0.545107 0.35767
0.476736 0.273939  0.025
0.120476 0.543515 0.261259
0.288982 0.497022 0.124288
0.311099 0.543515 0.418125
0.114757 0.866589 0.0875319
0.451845 0.528429 0.329878
0.451984 0.187073 0.088427
0.192565 0.5677 0.0955223
0.314368 0.501057 0.541854
0.313953 0.91762 0.0459145
0.472353 0.0816581 0.476899
0.364678 0.584344 0.300101
0.183882 0.584344 0.41882
0.449062 0.335429 0.0626133
0.0857766 0.936975 0.0985722
0.328426 0.963204 0.0657305
0.478929 0.524529 0.0859523
0.470515 0.917843 0.0987333
0.482467 0.194742 0.221692
0.471206 0.25493 0.304819
0.100571 0.546299 0.106555
0.192768 0.89115 0.0657101
0.195919 0.543515 0.46284
0.449062 0.0437322 0.509372
0.232318 0.546299 0.520505
0.037063 0.849926 0.0907097
0.105277 0.584344 0.216445
0.0596595 0.716239 0.09348
0.484323 0.678954 0.0658863
0.303138 0.584344 0.290721
0.037063 0.115896 0.540626
0.476654 0.270445 0.476899
0.317127 0.799622 0.0490648
0.0656457 0.483296 0.396582
0.306851 0.543515 0.452536
0.482467 0.208442 0.36194
0.037063 0.252092 0.0446178
0.449062 0.488335 0.519752
0.450194 0.894599 0.0350582
0.037063 0.342295 0.0840314
0.037063 0.254496 0.0751375
0.0521621 0.0821043 0.559485
0.294647 0.584344 0.430837
0.471473 0.555578 0.45454
0.449062 0.031846 0.0567471
0.321607 0.543515 0.130673
0.484323 0.426502 0.516795
0.067075 0.234849 0.0304921
0.055599 0.284679 0.0287117
0.390307 0.543515 0.115867
0.204584 0.584344 0.348508
0.188419 0.563578 0.550205
0.366726 0.877107 0.0746931
0.478638 0.897054 0.0639654
0.0690268 0.249877 0.389161
0.457377 0.761931 0.0259643
0.362789 0.543515 0.315904
0.312724 0.847575 0.045839
0.403304 0.871823 0.0684942
0.0453634 0.380581 0.100111
0.0723242 0.253984 0.540391
0.0695404 0.512838 0.221415
0.242901 0.938323 0.0613463
0.246967 0.543515 0.260949
0.0398468 0.526188 0.225784
0.41815 0.514299 0.51216
0.244601 0.543515 0.333279
0.377345 0.546299 0.103203
0.484323 0.36225 0.532645
0.392369 0.490623 0.528753
0.0546194 0.631174 0.0963601
0.0695404 0.24261 0.478007
0.451988 0.670017 0.0910246
0.0723242 0.354782 0.0650741
0.037063 0.267225 0.0592759
0.219981 0.543515 0.362796
0.0723242 0.570276 0.353989
0.449062 0.219579 0.0730465
0.0522769 0.343362 0.0976987
0.0398468 0.206189 0.18979
0.449062 0.234841 0.541269
0.480058 0.251427 0.147514
0.472498 0.182446 0.0602611
0.466915 0.320729 0.476899
0.412761 0.546299 0.102528
0.484323 0.518676 0.0607306
0.452756 0.690308 0.0917933
0.298481 0.842134 0.0449638
0.196299 0.543515 0.163694
0.196456 0.543515 0.52029
0.0398468 0.18762 0.476721
0.455985 0.553222 0.284475
0.451845 0.236545 0.254705
0.482808 0.887577 0.0794887
0.449062 0.370837 0.507221
0.264357 0.584344 0.201276
0.112177 0.584344 0.537677
0.480483 0.53694 0.541854
0.449062 0.420077 0.492322
0.11368 0.543515 0.361792
0.037063 0.581207 0.0649568
0.418218 0.584344 0.364294
0.0978348 0.926776 0.0758422
0.372668 0.897461 0.058453
0.151571 0.961796 0.0752319
0.202319 0.584344 0.174164
0.373804 0.543515 0.188687
0.0398468 0.53844 0.0939791
0.0723242 0.881659 0.0754939
0.029009 0.916465 0.110984
0.0398468 0.514501 0.166113
0.480761 0.854721 0.0286781
0.24733 0.815623 0.0434429
0.0398468 0.526504 0.440891
0.0804722 0.584344 0.427544
0.484323 0.153376 0.510269
0.451845 0.538233 0.357922
0.0680104 0.0775232 0.478769
0.396732 0.490623 0.518775
0.482467 0.215973 0.269461
0.34485 0.543515 0.537608
0.219252 0.584344 0.420855
0.277797 0.543515 0.530546
0.27706 0.521081 0.0945944
0.151236 0.864467 0.0753094
0.0474437 0.546299 0.530083
0.0702789 0.895147 0.053074
0.0695404 0.517851 0.38756
0.0695404 0.229534 0.122015
0.0627485 0.155422 0.0287117
0.081359 0.543515 0.134906
0.0398468 0.213007 0.203803
0.185832 0.523353 0.0945944
0.390224 0.543515 0.334668
0.037063 0.741316 0.0457413
0.260481 0.85214 0.0602628
0.0693126 0.487574 0.474411
0.276922 0.584344 0.135224
0.0398468 0.507749 0.248228
0.381611 0.543515 0.288092
0.0467386 0.25493 0.307652
0.479672 0.22732 0.0602611
0.0695404 0.241331 0.383261
0.473487 0.555578 0.418984
0.348198 0.584344 0.369503
0.449062 0.577516 0.435246
0.312418 0.584344 0.255983
0.0694932 0.489287 0.0847198
0.353285 0.506354 0.51216
0.180006 0.902031 0.0686597
0.459147 0.555578 0.125958
0.0695404 0.198778 0.331765
0.484323 0.294406 0.0584664
0.458523 0.5832 0.555659
0.115636 0.584344 0.430761
0.372427 0.543515 0.118653
0.0566713 0.506806 0.0287117
0.0424748 0.92167 0.103699
0.049401 0.0250186 0.0564359
0.470791 0.30806 0.476899
0.403184 0.529397 0.0945944
0.314981 0.543515 0.30149
0.449062 0.497799 0.491532
0.382595 0.584344 0.521404
0.0515899 0.212002 0.0602611
0.172375 0.584344 0.373202
0.451845 0.21083 0.112414
0.037063 0.0736342 0.0899641
0.449062 0.548611 0.0525972
0.38225 0.490623 0.105125
0.478934 0.300896 0.0253275
0.103699 0.546017 0.547423
0.426408 0.501901 0.124288
0.277549 0.543515 0.35874
0.0371523 0.426833 0.482378
0.462351 0.388419  0.025
0.478865 0.183864 0.170166
0.339292 0.584344 0.165641
0.290214 0.584344 0.288285
0.412818 0.882244 0.0900504
0.0398468 0.542726 0.39703
0.397773 0.567275 0.0955223
0.484323 0.116012 0.551104
0.482467 0.545677 0.228068
0.390052 0.543515 0.318132
0.471014 0.172054 0.559485
0.151668 0.551139 0.550205
0.453113 0.47598 0.0921501
0.367859 0.518373 0.124288
0.449062 0.119766 0.0586636
0.0638129 0.555578 0.389056
0.345932 0.543515 0.32263
0.30812 0.584344 0.277788
0.0398468 0.197321 0.360924
0.280982 0.88026 0.0438886
0.0550415 0.890931 0.115275
0.482467 0.534285 0.165423
0.16286 0.584344 0.323118
0.449062 0.548251 0.406411
0.0796998 0.543515 0.151254
0.32739 0.543515 0.178338
0.311264 0.584344 0.132656
0.482018 0.326823 0.0307577
0.481656 0.525266 0.4798
0.137706 0.584344 0.290854
0.24795 0.584344 0.268662
0.0723242 0.316543 0.521917
0.0488362 0.481344 0.400378
0.454798 0.178637 0.47755
0.478679 0.252609 0.0764166
0.037063 0.602965 0.0423239
0.214952 0.923229 0.0630689
0.0398468 0.520052 0.157593
0.037063 0.380758 0.526966
0.449062 0.561748  0.314
0.452092 0.54933 0.197371
0.457118 0.554355 0.243809
0.037063 0.355757 0.489853
0.450151 0.58168 0.089188
0.0574702 0.25493 0.457401
0.195688 0.513803 0.51216
0.374374 0.543515 0.528346
0.451845 0.495937 0.11824
0.484323 0.226609 0.0370837
0.368987 0.584344 0.462668
0.037063 0.805386 0.0640661
0.449062 0.225532 0.526054
0.360971 0.543515 0.472617
0.0695404 0.245666 0.27867
0.482467 0.543851 0.330847
0.0398468 0.494118 0.316324
0.449062 0.520566 0.486195
0.451845 0.539129 0.0824925
0.103255 0.800282 0.0919139
0.289538 0.826255 0.0620448
0.269127 0.535775 0.51216
0.482467 0.202711 0.366058
0.484323 0.773587 0.0683736
0.0695404 0.189591 0.151512
0.22901 0.928093 0.0622024
0.0871395 0.537251 0.0945944
0.307304 0.818283 0.0631365
0.449787 0.144232 0.553715
0.049213 0.572676 0.0994496
0.391696 0.907276 0.0821296
0.451025 0.49167 0.0991153
0.44076 0.557889 0.120626
0.482467 0.537336 0.174455
0.149739 0.584344 0.39539
0.0697249 0.214151 0.480239
0.30069 0.543515 0.243907
0.0675372 0.217633 0.0602611
0.0681979 0.363687 0.557116
0.228804 0.526049 0.541854
0.0448866 0.554962 0.418067
0.185566 0.543515 0.288739
0.0695404 0.212184 0.0790529
0.037063 0.576991 0.0913222
0.449062 0.554224 0.198221
0.127227 0.562845 0.0955223
0.312812 0.870512 0.0458444
0.0509816 0.58309 0.555915
0.037063 0.17636 0.522108
0.449062 0.0878971 0.498211
0.484323 0.557334 0.483651
0.037063 0.490099 0.508228
0.484323 0.676524 0.0660774
0.0421761 0.108694 0.477354
0.037063 0.565056 0.0776952
0.451845 0.245058 0.465738
0.0431031 0.0550531 0.0319509
0.11992 0.546299 0.528853
0.0766693 0.544126 0.200801
0.484323 0.13589 0.521296
0.256436 0.893415 0.0605121
0.0713699 0.233511 0.0820388
0.451845 0.247526 0.292615
0.0398468 0.23246 0.334651
0.483064 0.74691 0.0790612
0.183225 0.827418 0.0679157
0.196352 0.543515 0.238689
0.484323 0.086216 0.069143
0.463793 0.25493 0.33932
0.374374 0.543515 0.378467
0.148643 0.521033 0.541854
0.358773 0.584344 0.487337
0.141741 0.863844 0.0775039
0.45352 0.594816 0.0925572
0.0443029 0.265112 0.476899
0.277393 0.527556 0.51216
0.449887 0.548714 0.0889243
0.118275 0.543515 0.247581
0.095383 0.942079 0.0769749
0.402326 0.495634 0.0951517
0.464366 0.821888  0.025
0.0697275 0.746913 0.0342813
0.192094 0.874425 0.0482355
0.155994 0.546299 0.103007
0.410962 0.889523 0.0712461
0.222824 0.523744 0.541854
0.0723242 0.574851 0.424711
0.484323 0.338525 0.5444
0.476692 0.535431 0.51216
0.410659 0.543515 0.356472
0.479067 0.225716 0.559121
0.252153 0.86993 0.0431456
0.20502 0.932823 0.0460505
0.358464 0.584344 0.485323
0.482467 0.542227 0.12909
0.255514 0.543515 0.414914
0.464142 0.783989 0.0942137
0.0458917 0.575252 0.559485
0.467433 0.25493 0.379362
0.296452 0.584344 0.240753
0.281628 0.543515 0.485023
0.164445 0.960131 0.0722563
0.114249 0.584344 0.32802
0.449891 0.744703 0.0889281
0.376162 0.551486 0.0955223
0.040205 0.925398 0.104927
0.462189 0.047165 0.0952792
0.468694 0.25493 0.259646
0.449062 0.138238 0.0605485
0.480311 0.860086 0.0836505
0.455112 0.252162 0.293839
0.266747 0.584344 0.428773
0.449062 0.0431964 0.523247
0.0398468 0.528119 0.450337
0.451845 0.540322 0.151913
0.0401102 0.131428 0.47942
0.0723242 0.539114 0.0460539
0.484323 0.0578622  0.492
0.0479775 0.555578 0.393311
0.186042 0.543515 0.381498
0.449062 0.276472 0.0782331
0.116295 0.543515 0.476185
0.0723242 0.365268 0.508592
0.27351 0.951299 0.06106
0.484323 0.344448 0.545453
0.0723242 0.138581 0.040018
0.449062 0.0353291 0.0682732
0.162205 0.584344 0.373572
0.0695404 0.194725 0.274292
0.484323 0.437609 0.522079
0.0695404 0.226268 0.116245
0.0723242 0.0522071 0.0438126
0.451803 0.556726 0.55573
0.331202 0.543515 0.179236
0.462428 0.161575 0.559485
0.458291 0.548552 0.484323
0.0855261 0.543515 0.403202
0.478307 0.553242 0.41386
0.393114 0.875938 0.0826614
0.381704 0.543515 0.382079
0.0967635 0.543515 0.421466
  0.47 0.881115 0.117355
0.037063 0.0544526 0.074041
0.484323 0.210071 0.524945
0.451845 0.511136 0.17962
0.476571 0.182072 0.0905756
0.037063 0.431303 0.0714945
0.449062 0.148551 0.0692564
0.480276 0.163093 0.0837074
0.0695404 0.542705 0.183339
0.433296  0.975 0.0867356
0.205848 0.584344 0.487916
0.452457 0.487228 0.0886549
0.0398468 0.491576 0.252248
0.0596626 0.491059 0.0602611
0.482467 0.493132 0.0840701
0.462176 0.20283 0.559485
0.330395 0.584344 0.505039
0.449062 0.210415 0.485583
0.0622233 0.801137 0.0920149
0.037063 0.343339 0.0797954
0.133389 0.517662 0.124288
0.451702 0.755945 0.032155
0.46112 0.181585 0.0782226
0.484323 0.375579 0.526168
0.117693 0.584344 0.185952
0.414733 0.843888 0.0907685
0.0723242 0.384616 0.0512288
0.450651 0.230034 0.0896874
0.406029 0.879042 0.0875046
0.278159 0.96588 0.0612344
0.037063 0.276678 0.516028
0.484323 0.176488 0.0718277
0.484323 0.318895 0.0656855
0.482467 0.547271 0.336081
0.0695404 0.519995 0.104084
0.0481764 0.740541 0.100042
0.0723242 0.0344587 0.0698948
0.0695404 0.542846 0.153543
0.0508548 0.802072 0.0985114
0.0562962 0.125002 0.0954019
0.482467 0.208066 0.11039
0.482467 0.544551 0.461865
0.466774 0.180899 0.391652
0.0723242 0.110257 0.524779
0.451845 0.20561 0.193607
0.34691 0.584344 0.203418
0.281207 0.584344 0.318888
0.293396 0.546299 0.520958
0.482467 0.516924 0.0880624
0.449062 0.490339 0.0638354
0.27751 0.543515 0.386734
0.451845 0.211879 0.340281
0.0723242 0.451648 0.545902
0.396815 0.544752 0.516181
0.33315 0.584344 0.182389
0.467545 0.65797 0.0923578
0.484323 0.364186 0.541338
0.037063 0.142825 0.0876611
0.245995 0.543515 0.286114
0.0375014 0.418379 0.0375525
0.482467 0.530992 0.245382
0.454325 0.6578 0.0933622
0.353433 0.867297 0.0715823
0.484323 0.417021 0.540901
0.449062 0.172174 0.0518955
0.449062 0.562784 0.142388
0.455184 0.33383 0.477218
0.449062 0.23331 0.0401477
0.0745788 0.582687 0.191549
0.0398468 0.506428 0.330766
0.108607 0.932869 0.0718175
0.262563 0.926228 0.0603873
0.1479 0.502069 0.51216
0.482467 0.225142 0.187924
0.441582 0.584344 0.332451
0.438834 0.543515 0.311157
0.0712002 0.096642 0.0363852
0.449062 0.769346 0.0813522
0.449062 0.110528 0.0391905
0.0320057 0.974001 0.122699
0.338878 0.584344 0.448952
0.219032 0.799622 0.0501698
0.0670662 0.551969 0.378605
0.463586 0.181554 0.092124
0.305429 0.867289 0.0453907
0.451845 0.206331 0.118548
0.0398468 0.215138 0.273184
0.482467 0.543237 0.383427
0.103534 0.584344 0.334767
0.20713 0.814957 0.0635509
0.463656 0.481344 0.474429
0.449062 0.560786 0.466759
0.482467 0.222503 0.202391
0.455017 0.203303 0.477362
0.0398468 0.494978 0.416184
0.461456 0.25493 0.403116
0.455592 0.896101 0.0341684
0.0695404 0.494379 0.355932
0.0800442 0.584344 0.378337
0.278126 0.584344 0.104746
0.451845 0.498569 0.204259
0.475532 0.481344 0.104062
0.18873 0.79965 0.049013
0.449062 0.553826 0.387193
0.287096 0.584344 0.456917
0.0695404 0.493755 0.385205
0.459764 0.25493 0.363299
0.0736009 0.582198 0.133048
0.318327 0.847727 0.0461833
0.482467 0.239775 0.115052
0.449062 0.197162 0.491284
0.479192 0.705493 0.0855144
0.449062 0.242897 0.0678732
0.0606452 0.359433 0.559485
0.478215 0.101081  0.025
0.0712172 0.546299 0.110143
0.449062 0.498701 0.519048
0.126633 0.541963 0.123056
0.0555535 0.180933 0.375899
0.0398468 0.242655 0.134119
0.0609226 0.532733 0.484323
0.0723242 0.423961 0.545243
0.247148 0.93274 0.043454
0.198123 0.818843 0.046842
0.422061 0.861253 0.0935165
0.037063 0.226083 0.48305
0.314528 0.525092 0.51216
0.0429145 0.831048 0.115345
0.0381644 0.85125 0.120749
0.449062 0.594451 0.0454315
0.328128 0.501923 0.51216
0.0914096 0.543515 0.273548
0.432942 0.543515 0.423175
0.0723242 0.161699 0.504956
0.326348 0.524295 0.0945944
0.0486903 0.322996 0.0287117
0.256963 0.584344 0.23555
0.314614 0.584344 0.513454
0.482331 0.487704 0.42865
0.427593 0.584344 0.253722
0.124883 0.892616 0.0836747
0.363687 0.909379 0.0563513
0.393993 0.957562 0.0829911
0.0694136 0.24949 0.254856
0.037063 0.28028 0.497432
0.211202 0.968579 0.0612922
0.0693738 0.326974 0.0337761
0.448668 0.581729 0.174291
0.122588 0.546299 0.109147
0.0442495 0.296685 0.0989972
0.482467 0.243941 0.08757
0.0675356 0.251368 0.474621
0.0715842 0.487844 0.0817326
0.474142 0.115074 0.0887594
0.039895 0.487784 0.120507
0.382571 0.519159 0.124288
0.0915798 0.543515 0.176172
0.0767497 0.546299 0.528517
0.0398468 0.541844 0.08115
0.484323 0.370226 0.0539755
0.195658 0.543515 0.156693
0.344456 0.529444 0.124288
0.329278 0.584344 0.459838
0.328158 0.490623 0.532045
0.4635 0.389473 0.559485
0.450312 0.518302 0.481396
0.0999765 0.584344 0.306591
0.161435 0.880635 0.072952
0.261568 0.951972 0.0603262
0.377973 0.55759 0.550205
0.0695404 0.231139 0.0892874
0.449062 0.802135 0.0359892
0.470194 0.544669 0.537916
0.484323 0.279027 0.0611533
0.287028 0.584344 0.170844
0.449062 0.554969 0.17923
0.32622 0.835158 0.0652141
0.164754 0.49325 0.0975356
0.479882 0.251578 0.458513
0.0695404 0.219466 0.164976
0.0433926 0.340545 0.0981403
0.483246 0.461584 0.032949
0.211318 0.543515 0.272687
0.480572 0.185297 0.342916
0.248267 0.850012 0.0433851
0.364575 0.546299 0.117489
0.046565 0.25493 0.166982
0.122094 0.543515 0.435593
0.0417018 0.355676 0.477828
0.384066 0.543515 0.2126
0.0723242 0.318653 0.509941
0.0723242 0.566297 0.212426
0.480891 0.524684 0.0289151
0.037063 0.268264 0.51965
0.0512102 0.546299 0.534746
0.414887 0.799622 0.0729339
0.0695404 0.519457 0.284384
0.0514238 0.0250086 0.488459
0.484323 0.226444 0.0571932
0.0509658 0.484389 0.0287117
0.464245 0.273034 0.476899
0.0585935 0.303574 0.559485
0.0673391 0.251564 0.475151
0.204687 0.584344 0.25466
0.0421329 0.251649 0.0795764
0.101827 0.543515 0.405858
0.451845 0.529139 0.42853
0.0398468 0.221157 0.410025
0.451845 0.49576 0.366774
0.0645686 0.482039 0.20264
0.037063 0.650856 0.0598161
0.135041 0.536499 0.541854
0.279467 0.536186 0.51216
0.0432033 0.179196 0.559485
0.0900359 0.868514 0.0969496
0.454688 0.2518 0.0977541
0.439817 0.530265 0.124288
0.484323 0.111492 0.506766
0.157126 0.916005 0.0563175
0.188088 0.805028 0.0491614
0.313691 0.543515 0.523834
0.0695404 0.502651 0.210618
0.449062 0.185876 0.0749583
0.451845 0.207827 0.212281
0.452472 0.549709 0.284584
0.458813 0.481344 0.32991
0.0413476 0.292587 0.478182
0.400438 0.850426 0.0674641
0.037063 0.170663 0.552631
0.0695404 0.206079 0.168335
0.449062 0.418792 0.0835268
0.482467 0.51961 0.152178
0.459396 0.596404 0.0968029
0.0642898 0.459995 0.559485
0.0517457 0.503877 0.0602611
0.464056 0.181352 0.184523
0.482467 0.226537 0.126687
0.037063 0.118712 0.492433
0.46222 0.959851 0.0945935
0.457951 0.558152 0.476899
0.467903 0.584344 0.517608
0.037063 0.426573 0.541189
0.452802 0.830865 0.0888605
0.379446 0.866373 0.0600391
0.037063 0.570334 0.517666
0.259907 0.543515 0.277654
0.363442 0.83756 0.056294
0.484323 0.524175 0.545915
0.316021 0.584344 0.198295
0.311205 0.934149 0.0457456
0.451845 0.54834 0.417632
0.037177 0.867467 0.0919246
0.209087 0.857171 0.0457998
0.0695404 0.51578 0.484287
0.122208 0.539697 0.124288
0.293249 0.584344 0.474365
0.0776409 0.799622 0.0866016
0.484323 0.477549 0.541666
0.481193 0.845004 0.02947
0.482467 0.225858 0.211909
0.454766 0.484919 0.232321
0.0695404 0.198817 0.408185
0.451845 0.231606 0.358193
0.455095 0.420276 0.559023
0.0723242 0.556604 0.0439265
0.449062 0.847124 0.0836131
0.037063 0.401074 0.49172
0.449062 0.712698 0.0845721
0.0371652 0.234274 0.0919128
0.0723242 0.822303 0.0791603
0.458028 0.860047 0.110543
0.0723242 0.88943 0.0478753
0.06786 0.490623 0.526369
0.238155 0.584344 0.395007
0.390685 0.543515 0.132514
0.451845 0.520851 0.447916
0.0398468 0.510597 0.374683
0.201952 0.543515 0.218566
0.0695404 0.511966 0.375474
0.482467 0.529153 0.377378
0.449062 0.313582 0.528965
0.0723242 0.112095 0.0539366
0.451845 0.532847 0.253174
0.0276304 0.964146 0.129812
0.107461 0.950519 0.0903116
0.369194 0.543515 0.487497
0.482467 0.54119 0.113149
0.451845 0.498941 0.461209
0.202856 0.584344 0.29283
0.149924 0.922357 0.0756125
0.333523 0.543515 0.317216
0.414895 0.543515 0.242384
0.0715254 0.536772 0.553788
0.298284 0.892173 0.0625822
0.384387 0.542179 0.0960422
0.0398468 0.234078 0.277808
0.323544 0.491709 0.537372
0.481333 0.250335 0.303752
0.464084 0.584344 0.531646
0.0695404 0.209476 0.415661
0.414708 0.801702 0.0725922
0.346203 0.543515 0.473518
0.2886 0.490623 0.52384
0.455362 0.820255 0.0943991
0.270342 0.584344 0.267712
0.482467 0.519523 0.279377
0.482467 0.525814 0.219973
0.0614846 0.800199 0.111481
0.461535 0.180895 0.393165
0.238644 0.584344 0.493669
0.449062 0.36452 0.497257
0.275695 0.584344 0.492782
0.0595956 0.181225 0.242404
0.449062 0.665669 0.071979
0.47561 0.332582 0.0879585
0.463812 0.368309 0.559485
0.0695404 0.533389 0.30102
0.312374 0.543515 0.146209
0.484323 0.411397 0.075127
0.0723242 0.224542 0.525545
0.28762 0.543515 0.217332
0.14845 0.578979 0.0955223
0.479113 0.207927 0.0602611
0.0294883 0.909799 0.110725
0.473877 0.427376 0.476899
0.187843 0.890003 0.0668484
0.0723242 0.462341 0.0637077
0.0398468 0.193653 0.107589
0.194604 0.584344 0.485912
0.0520735 0.582113 0.478005
0.451845 0.187838 0.419179
0.449062 0.577242 0.387477
0.077436 0.566465 0.123816
0.0377072 0.523471 0.481823
0.131895 0.920922 0.0810033
0.449062 0.568933 0.324135
0.45224 0.452766 0.0912768
0.449062 0.25455 0.086178
0.455757 0.252716 0.372565
0.483931 0.44879 0.553447
0.0398468 0.198909 0.183757
0.432854 0.951431 0.079856
0.037063 0.171344 0.0659985
0.253215 0.584344 0.287366
0.493713 0.938662 0.130078
0.0397186 0.0566473 0.0944662
0.445226 0.583204 0.211335
0.0659884 0.123491 0.0897266
0.425699 0.491909 0.537572
0.461547 0.603207 0.0956295
0.263779 0.512609 0.541854
0.471809 0.477369 0.0900315
0.0695404 0.199092 0.438674
0.449062 0.785265 0.0876932
0.401506 0.543515 0.489274
0.0373468 0.49002 0.55332
0.462093 0.897054 0.0724264
0.471393 0.555578 0.117479
0.253471 0.543515 0.334174
0.0440487 0.203528 0.484323
0.0407242 0.52824 0.478806
0.41013 0.842306 0.0709473
0.105477 0.95743 0.0733289
0.298335 0.584344 0.138319
0.314802 0.811742 0.0459667
0.449062 0.336013 0.0643244
0.037063 0.525524 0.528673
0.123375 0.541209 0.541376
0.0723242 0.337744 0.541677
0.0723242 0.360706 0.505886
0.0398468 0.537536 0.337176
0.037063 0.496094 0.0716404
0.475136 0.555578 0.427254
0.449062 0.426026 0.551962
0.469327 0.481344 0.110518
0.233963 0.543515 0.268886
0.342974 0.543515 0.408879
0.0723242 0.0509646 0.549424
0.037063 0.449258 0.0562165
0.0695404 0.529038 0.345259
0.0402226 0.140059 0.0348314
0.0723242 0.228977 0.0586254
0.0545314 0.174818 0.0287117
0.449062 0.332656 0.0544025
0.459245 0.162445 0.0968851
0.0765584 0.533895 0.124288
0.354174 0.543515 0.429263
0.387279 0.543515 0.315059
0.467157 0.265769 0.476899
0.484323 0.514474 0.484347
0.0472702 0.541709 0.0987662
0.482467 0.248351 0.27605
0.0723242 0.878503 0.0462166
0.037063 0.287836 0.0786643
0.037063 0.532725 0.492335
0.451845 0.200429 0.247915
0.0326813 0.971385 0.112521
0.037063 0.267708 0.0516679
0.342836 0.494138 0.0966468
0.0695404 0.232744 0.431685
0.328376 0.525279 0.0945944
0.417903 0.584344 0.30595
0.0923761 0.543515 0.268197
0.449062 0.571452 0.478247
0.0695404 0.491628 0.167081
0.404774 0.584344 0.276777
0.063875 0.208333 0.0602611
0.175957 0.584344 0.356686
0.434282 0.543515 0.23648
0.484323 0.481218 0.49499
0.0421325 0.184906 0.297308
0.038905 0.367495 0.480625
0.243069 0.823617 0.061336
0.449062 0.557219 0.376692
0.342389 0.915525 0.068998
0.189245 0.584344 0.382877
0.149735 0.543515 0.278309
0.451845 0.191868 0.238922
0.15425 0.52766 0.541854
0.41162 0.543515 0.254333
0.0656907 0.514244 0.559485
0.0695404 0.548389 0.367601
0.449062 0.586347 0.0387627
0.251033 0.543515 0.118709
 0.141 0.584344 0.323234
0.451845 0.192906 0.223571
0.478978 0.552571 0.242074
0.264325 0.543515 0.228707
0.449062 0.288821 0.482565
0.449062 0.242468 0.0817217
0.463252 0.541469 0.0953322
0.484323 0.771977 0.0384328
0.366904 0.578775 0.0955223
0.449062 0.836455 0.0471527
0.354477 0.865238 0.0541961
0.449062 0.101091 0.538061
0.037063 0.229553 0.54624
0.0639954 0.146509 0.476899
0.467783 0.651463  0.025
0.484323 0.186989 0.0698994
0.0695404 0.245415 0.139325
0.233431 0.543515 0.399243
0.449062 0.164432 0.0830789
0.0534041 0.555578 0.224782
0.237867 0.511908 0.51216
0.486596 0.876874 0.126779
0.037063 0.0437108 0.0611189
0.339382 0.543515 0.154249
0.0712331 0.766348 0.0364323
0.416604 0.584344 0.255164
0.449062 0.313434 0.511025
0.267275 0.832518 0.0430463
0.453149 0.550386 0.412206
0.449062 0.0311665 0.0879988
0.342665 0.505636 0.0945944
0.237541 0.834642 0.0440462
0.484212 0.319876 0.482356
0.037063 0.226849 0.0473621
0.0398468 0.218894 0.111786
0.484323 0.378369 0.498029
0.430116 0.908539 0.0965372
0.263831 0.543515 0.44544
0.142202 0.916008 0.0597667
0.0723242 0.388189 0.0642177
0.451845 0.537868 0.334328
0.0723242 0.0958405 0.495008
0.469922 0.153681 0.0910609
0.449062 0.313629 0.492747
0.482467 0.536813 0.254051
0.200045 0.799622 0.0465108
0.0499628 0.555578 0.114809
0.424038 0.864806 0.0759452
0.0540722 0.312789 0.0966728
0.037063 0.101837 0.0808146
0.0468833 0.0658426 0.0287117
0.0613935 0.180957 0.365041
0.0488304 0.49324 0.559485
0.119618 0.526783 0.541854
0.037063 0.221523 0.0526555
0.0678991 0.583457 0.517896
0.117777 0.934029 0.0863817
0.205508 0.584344 0.104692
0.470456 0.803297  0.025
0.484323 0.273253 0.519098
0.037063 0.10724 0.491548
0.476127 0.488454  0.025
0.037063 0.12023 0.489657
0.443345 0.58401 0.490034
0.125737  0.975 0.0733998
0.0480825 0.220828 0.484323
0.0695404 0.23758 0.400127
0.225235 0.813249 0.0624351
0.0695404 0.246676 0.165276
0.201668 0.543515 0.427383
0.400165 0.580868 0.0955223
0.451845 0.511466 0.308688
0.037063 0.40817 0.493939
0.482467 0.546913 0.374953
0.378221 0.502393 0.51216
0.0398468 0.523213 0.446844
0.0723242 0.110679 0.496771
0.037063 0.0560688 0.0660897
0.140843 0.543515 0.335786
0.0718084 0.290583 0.0372541
0.0452391 0.254755 0.226991
0.301843 0.514825 0.0945944
0.130779 0.584344 0.487015
0.037063 0.237912 0.0671992
0.255721 0.543959 0.515388
0.467198 0.711386  0.025
0.0988551 0.543515 0.195401
0.037063 0.406457 0.0722789
0.10873 0.543515 0.306916
0.318804 0.543515 0.150751
0.484323 0.308506 0.535462
0.484323 0.128834 0.536811
0.482467 0.228833 0.132787
0.0606225 0.472534 0.0929297
0.354405 0.546299 0.101818
0.482467 0.192023 0.303522
0.205467 0.814207 0.0636534
0.213579 0.584344 0.506859
0.41907 0.543515 0.495599
0.186453 0.532619 0.51216
0.425981 0.584344 0.44056
0.0695404 0.512708 0.117359
0.17938 0.543515 0.500524
0.047598 0.476273 0.559485
0.037063 0.24735 0.492564
0.484323 0.272687 0.503549
0.121945 0.584344 0.18278
0.0644137 0.717472 0.0907633
0.160002 0.57275 0.550205
0.0723242 0.356848 0.51518
0.0695404 0.494522 0.206988
0.471078 0.480047 0.476899
0.037063 0.814803 0.0577731
0.484323 0.351815 0.535422
0.154906 0.543515 0.212777
0.0416597 0.485725 0.156733
