0.150775 0.490885 0.172483
0.250352 0.90461 0.696657
0.184815 0.47625 0.449475
0.072396 0.466444 0.339274
0.480812 0.47625 0.0902001
0.389513 0.51269 0.587805
0.294827 0.52375 0.401966
0.325986 0.737426 0.652579
0.177411 0.4525 0.501405
0.0993001 0.4525 0.377887
0.217562 0.52375 0.349593
0.183664 0.516569 0.484212
0.46954 0.107137 0.0564383
0.359366 0.52375 0.478224
0.272867 0.52375 0.180604
0.161946 0.494366 0.431616
0.568072 0.480135 0.170662
0.383763 0.52375 0.134608
0.167472    0.5 0.208965
0.6582 0.229438 0.513335
0.0544303 0.484098 0.263655
0.6445 0.715657 0.521058
0.505001 0.52375 0.302986
0.399102 0.504031 0.583846
0.481389  0.025 0.0720968
0.191701 0.52375 0.318116
0.374799 0.819571 0.606728
0.096378 0.4525 0.290424
0.251224 0.52375 0.436141
0.380079 0.945924 0.630243
0.345943 0.484281 0.0918949
0.367164 0.47625 0.268602
0.499025 0.937321 0.555433
0.560279 0.940356 0.555835
0.03297 0.0696867 0.221127
0.408095 0.47625 0.415201
0.322418 0.476273 0.101609
0.262826 0.182307 0.675926
0.264417 0.851443 0.679781
0.0285338 0.442498 0.232976
0.214148 0.52375 0.252611
0.412579 0.832942 0.591128
0.51142  0.025 0.0668585
0.18705 0.52375 0.406606
0.270207 0.71375 0.66732
0.220192 0.52375 0.482127
0.478449 0.47625 0.183401
0.67256 0.859644 0.485883
0.21798 0.492723 0.658634
0.254865 0.258122 0.656647
0.0744779 0.189099 0.219787
0.688438 0.639923 0.464374
0.271146 0.75207 0.675223
0.252034 0.301245 0.695963
0.705436 0.621999 0.503275
0.480362 0.47625 0.113677
0.471909 0.913813 0.592324
0.619389 0.95125 0.522071
0.697145 0.516234 0.483196
0.616082 0.805409 0.507098
0.215965 0.52375 0.204223
0.123092    0.5 0.186093
0.209198 0.52375 0.509183
0.430455 0.4525 0.602215
0.414303 0.4525 0.58475
0.21678 0.568384 0.688868
0.683783 0.859655 0.517686
0.626419 0.479736 0.436279
0.452064 0.863815 0.574824
0.261309 0.131851 0.672254
0.364385 0.52375 0.50061
0.321907 0.95125 0.635985
0.594128    0.5 0.295057
0.443109 0.52375 0.47421
0.525176 0.52375 0.45602
0.208054 0.467033 0.543223
0.499346 0.921891 0.580995
0.55528 0.459861 0.264096
0.232571 0.175986 0.65261
0.0380382 0.468652 0.255994
0.593639 0.4629 0.503518
0.513339 0.47625 0.478569
0.654294 0.459338 0.478475
0.227547 0.799036 0.654684
0.660143  0.975 0.509098
0.509147 0.496254 0.538406
0.18006 0.47625 0.404302
0.0831146 0.487497 0.251811
0.54244 0.47625 0.408563
0.705975 0.359455 0.50458
0.222711 0.459099 0.703233
0.12879    0.5 0.352621
0.699122 0.794493 0.511352
0.299113 0.482393 0.676523
0.476608   0.34 0.037941
0.474904 0.407745 0.0694306
0.352862 0.799053 0.615786
0.137806 0.454156 0.229228
0.0718109    0.5 0.244885
0.477381 0.47625 0.130204
0.703271 0.802324 0.49803
0.207598 0.902886 0.666633
0.208652 0.440513 0.662486
0.275094 0.856737 0.647898
0.20304 0.486144 0.150902
0.458145 0.47625 0.17419
0.667959  0.025 0.481384
0.607505 0.909908 0.51064
0.423823 0.767989 0.586485
0.524841 0.211656 0.0659122
0.401469    0.5 0.0743889
0.317256 0.52375 0.4107
0.123729 0.509244 0.339061
0.493621 0.47625 0.532249
0.487373 0.52375 0.181099
0.409481 0.52375 0.117877
0.461921 0.855463 0.596449
0.47708 0.871079 0.590189
0.339804 0.465377 0.659721
0.475007 0.31362 0.0696784
0.485844 0.395538 0.0341272
0.557122 0.476369 0.518597
0.353441 0.47625 0.566836
0.126591 0.52375 0.323052
0.329606 0.52375 0.455259
0.21216 0.52375 0.504719
0.704653 0.680661 0.509068
0.226548 0.793698 0.706486
0.079474    0.5 0.203191
0.222058 0.465404 0.57712
0.144488 0.47625 0.366096
0.312249 0.802936 0.658251
0.235984 0.940818 0.70259
0.658732 0.780221 0.489487
0.361651 0.789794 0.637852
0.444993    0.5 0.59813
0.406847 0.736501 0.61919
0.469463 0.326657 0.0562522
0.288442 0.485367 0.629539
0.0504073    0.5 0.26753
0.249546 0.730266 0.69699
0.649234 0.708751 0.491621
0.44347 0.718671 0.578373
0.651992 0.458172 0.498298
0.695711 0.454059 0.479722
0.220399 0.52375 0.367814
0.645323 0.842414 0.495024
0.494993 0.52375 0.517322
0.0305444 0.242671 0.222129
0.155104 0.4525 0.177621
0.245265 0.287203 0.647368
0.228075 0.281807 0.654466
0.173417    0.5 0.491114
0.349942 0.47625 0.389281
0.402381 0.49399 0.119981
0.551031 0.95125 0.551693
0.565796 0.488341 0.165155
0.54456 0.736823 0.536631
0.204601 0.489026 0.534919
0.444884 0.88511 0.603484
0.0880417 0.478299 0.252635
0.262122 0.704151 0.674221
0.513207 0.103659 0.0742188
0.217665 0.344692 0.691012
0.667005 0.538649 0.524614
0.419792 0.47625 0.319548
0.653002    0.5 0.400121
0.662366 0.503353 0.523422
0.10288 0.490356 0.413057
0.707256 0.388321 0.507682
0.318464 0.52375 0.335306
0.596217 0.4525 0.354404
0.0829844 0.4525 0.339669
0.473948 0.47625 0.245664
0.190632 0.469392 0.501057
0.685735 0.187471 0.51688
0.486804 0.47625 0.458382
0.428468 0.52375 0.558111
0.557753 0.52375 0.470436
0.222728 0.437104 0.703273
0.0866721 0.460967 0.373828
0.0798354 0.048737 0.232761
0.680723 0.897911 0.467559
0.690625 0.327173 0.467404
0.671264 0.40961 0.522855
0.34087 0.931445 0.646433
0.509761 0.443866 0.0756417
0.298029 0.47625 0.581201
0.580515 0.798229 0.521784
0.581896 0.51389 0.328541
0.643615 0.782844 0.495729
0.266777 0.52375 0.253875
0.23548 0.570541 0.702798
0.22603 0.47625 0.516288
0.178039 0.465055 0.470578
0.046435 0.15385 0.266957
0.494345  0.025 0.0786062
0.566325 0.773777 0.527643
0.482845 0.493261 0.0887759
0.120702    0.5 0.357419
0.58914 0.494509 0.556766
0.222101 0.47625 0.468732
0.46356 0.733178 0.570077
0.670571 0.790469 0.523141
0.624553 0.4525 0.404173
0.470148 0.47625 0.444185
0.243763 0.52375 0.295952
0.222128 0.758824 0.70182
0.227055 0.516461 0.589297
0.501108 0.239239 0.0278242
0.042079 0.405041 0.265779
0.0846617 0.394108 0.251172
0.0732967 0.482129 0.216926
0.260776 0.446577 0.670963
0.243541 0.52375 0.451496
0.45259    0.5 0.0577613
0.240811 0.792008 0.684839
0.661888 0.262101 0.522266
0.542658 0.800278 0.563111
0.634057 0.481731 0.454767
0.0345927 0.417306 0.247649
0.526058 0.216966 0.0688576
0.211249 0.252029 0.675474
0.40209 0.935054 0.621154
0.0767389 0.291918 0.225262
0.693215 0.867398 0.513791
0.6541 0.481841 0.378885
0.407113 0.52375 0.162597
0.687696 0.47798 0.46468
0.252179 0.766509 0.65736
0.336918 0.52375 0.475648
0.216584 0.587308 0.688394
0.190335 0.47625 0.377511
0.470413 0.47621 0.60579
0.522056 0.723974 0.571618
0.0411781 0.180982 0.263598
0.0619188 0.172085 0.260563
0.486666 0.510016 0.0979149
0.654225 0.512995 0.503708
0.678561 0.852595 0.519842
0.610201 0.4525 0.311775
0.658315 0.456438 0.513612
0.475631 0.0327331 0.0383442
0.673394 0.812611 0.487902
0.482288 0.941456 0.588039
0.289301 0.767852 0.642031
0.256991 0.470405 0.661796
0.463545 0.497144 0.0947251
0.681901 0.736268 0.467073
0.534678 0.454304 0.527864
0.620606    0.5 0.341051
0.440536 0.4525 0.605789
0.253265 0.89264 0.682607
0.646346 0.446805 0.484627
0.256772 0.52375 0.470956
0.627441 0.461363 0.540951
0.558129    0.5 0.269846
0.0746844 0.192797 0.255292
0.259344 0.52375 0.635738
0.70589 0.955803 0.504373
0.0295858 0.306163 0.235524
0.241785 0.716637 0.687197
0.164564 0.52375 0.358755
0.162877 0.486771 0.43387
0.10479    0.5 0.241893
0.240568 0.349629 0.649307
0.19716 0.452944 0.516857
0.494743 0.327208 0.0304526
0.339571 0.52375 0.252698
0.656015 0.4525 0.511984
0.585688 0.896056 0.545343
0.570568 0.486656 0.176703
0.227732 0.47625 0.264302
0.259804 0.720047 0.668609
0.669146 0.755393 0.47234
0.0918129 0.4525 0.34068
0.223257 0.47625 0.369856
0.217254 0.52375 0.292859
0.533554 0.498624 0.528329
0.107804    0.5 0.306185
0.406202 0.47625 0.208866
0.208693 0.346027 0.669283
0.338523 0.47625 0.439915
0.646328 0.459331 0.360074
0.331897 0.47625 0.311466
0.522343 0.240875 0.0704462
0.248844 0.52375 0.370934
0.304025 0.52375 0.173471
0.216282    0.5 0.649485
0.0534359 0.209106 0.264066
0.307179 0.473161 0.621803
0.432953 0.52375 0.149165
0.122257 0.47572 0.235649
0.625225 0.78715 0.529017
0.213191 0.52375 0.399145
0.51302 0.460954 0.161811
0.265283 0.52375 0.271795
0.579678 0.95125 0.535288
0.191683 0.47625 0.224682
0.516465 0.935893 0.573926
0.299657 0.52375 0.56121
0.314787 0.4525 0.622874
0.245928 0.492629 0.184583
0.220044 0.694531 0.696774
0.430371 0.47625 0.235237
0.207494 0.47625 0.303636
0.230697 0.201965 0.704773
0.69945 0.0989541 0.488778
0.28109 0.755004 0.671117
0.635452 0.4941 0.458244
0.302928 0.747693 0.6621
0.0428686 0.341274 0.267691
0.467296 0.240297 0.0417859
0.047447 0.151467 0.266539
0.664148 0.938334 0.512945
0.623833 0.52375 0.459983
0.0796096 0.389642 0.253258
0.578288 0.52375 0.422058
0.218779 0.0321378 0.693709
0.501052 0.502562 0.132753
0.238174 0.916031 0.650296
0.661916 0.726981 0.475325
0.207805 0.687415 0.667133
0.317459 0.52375 0.381073
0.261299 0.459541 0.672229
0.66372 0.177669 0.474581
0.476264 0.52375 0.335757
0.248925 0.867114 0.697246
0.256897 0.477467 0.180054
0.0864601 0.481707 0.373315
0.655042 0.211064 0.505686
0.142677 0.45587 0.384986
 0.402 0.898659 0.621191
0.667121 0.135912 0.473176
0.519056 0.4525 0.141961
0.262541 0.834752 0.675237
0.215415 0.483074 0.685563
0.248516 0.47625 0.279721
0.510178 0.257734 0.0304009
0.625717 0.738314 0.50312
0.481016 0.52375 0.163396
0.218978 0.864784 0.694193
0.396572 0.752808 0.597738
0.493862 0.95125 0.568371
0.196823 0.52375 0.399576
0.44868 0.498282 0.614764
0.113289    0.5 0.339624
0.472526 0.0339237 0.0636714
0.414838 0.458495 0.577348
0.294099 0.497199 0.164692
0.220653 0.803177 0.657531
0.061546 0.176393 0.260717
0.560742 0.474484 0.152921
0.347798 0.520657 0.142519
0.533515 0.71375 0.553792
0.253988 0.487327 0.643766
0.209021    0.5 0.165993
0.390657 0.52375 0.420049
0.483099 0.920508 0.587704
0.0284156 0.29582 0.23269
0.59419 0.734864 0.541832
0.486548 0.930434 0.58628
0.052019 0.0971266 0.213261
0.57779 0.47625 0.335621
0.223851 0.234334 0.705992
0.438139    0.5 0.617424
0.29471 0.748498 0.639798
0.318312 0.77893 0.655748
0.451577 0.47625 0.292638
0.455052 0.727061 0.599285
0.697715 0.554648 0.484576
0.52108 0.4525 0.138861
0.274407 0.743856 0.648181
0.663466 0.512769 0.474685
0.206856 0.837361 0.663228
0.393816 0.466275 0.637418
0.520761 0.47625 0.390223
0.148911    0.5 0.508272
0.421507    0.5 0.0684507
0.506572 0.233011 0.0769585
0.210743 0.93109 0.674249
0.207679 0.120517 0.662888
0.318301 0.488878 0.6686
0.177362 0.52375 0.383818
0.234702 0.898201 0.70312
0.480939 0.165534 0.0840441
0.703966 0.525887 0.499715
0.25189 0.584313 0.649442
0.0979038    0.5 0.324209
0.370325 0.495583 0.133217
0.685819 0.709174 0.516845
0.0638956 0.0735925 0.259747
0.704559 0.192857 0.501149
0.135716 0.52375 0.246362
0.488193 0.52375 0.184182
0.296067    0.5 0.144668
0.600911 0.809894 0.539057
0.516932 0.740153 0.573734
0.36007 0.52375 0.364801
0.333176 0.52375 0.578435
0.329172 0.8033 0.625568
0.543602 0.47625 0.466163
0.706385 0.505098 0.508353
0.701116 0.373746 0.492812
0.349803 0.47625 0.262909
0.498487 0.234898 0.0289066
0.518187 0.185077 0.0721623
0.40988 0.47625 0.46323
0.41818 0.47625 0.242242
0.229146 0.47625 0.344488
0.698371 0.500393 0.486164
0.237062 0.753242 0.67576
0.229618 0.451487 0.653829
0.476953 0.45977 0.60309
0.222996 0.52375 0.270578
0.164949 0.45953 0.21802
0.526506 0.47625 0.446765
0.397659 0.821211 0.597289
0.255218 0.520459 0.180747
0.212297 0.52375 0.403027
0.50817    0.5 0.130618
0.366106 0.52375 0.431838
0.221069 0.441566 0.657359
0.258253 0.47625 0.639524
0.380502    0.5 0.0978898
0.289218 0.923726 0.667761
0.694722 0.798881 0.513169
0.551831    0.5 0.55536
0.223923 0.662168 0.656181
0.663551    0.5 0.411871
0.265522 0.468601 0.690393
0.653151 0.60875 0.501106
0.17527 0.455207 0.588269
0.212271 0.774453 0.677949
0.1694    0.5 0.192082
0.112381    0.5 0.400761
0.0948662 0.4525 0.219191
0.252037 0.928319 0.657418
0.0303641 0.420042 0.237409
0.26149 0.47625 0.537675
0.517549 0.44026 0.0482525
0.259595 0.708905 0.668104
0.335259    0.5 0.616022
0.279461 0.736308 0.67179
0.239581 0.445753 0.649715
0.157608 0.463365 0.54552
0.4016 0.47625 0.408831
0.372591 0.95125 0.618185
0.587133    0.5 0.338346
0.703962 0.0591362 0.509354
0.26745 0.488102 0.687124
0.273744 0.52375 0.24819
0.211254 0.0299116 0.675486
0.0828 0.305515 0.239941
0.35468 0.52375 0.447024
0.692954 0.184021 0.473046
0.576266 0.470339 0.314891
0.251006 0.0725781 0.647302
0.516954 0.4525 0.0836603
0.169962 0.498328 0.451026
0.65403 0.254175 0.478582
0.703551 0.158556 0.498709
0.529903 0.491136 0.202624
0.252434 0.701134 0.65076
0.482349 0.369586 0.0355706
0.662639 0.724993 0.475027
0.559359 0.47625 0.339856
0.6986 0.527617 0.486719
0.51424 0.790873 0.54915
0.47282 0.47625 0.267914
0.6549 0.645969 0.505341
0.481273 0.118828 0.0848543
0.651479 0.0925607 0.497058
0.449003 0.47625 0.231041
0.210369 0.528762 0.673344
0.667167 0.0527768 0.524547
0.244545 0.817059 0.686207
0.572663 0.47625 0.391655
0.222804 0.660597 0.703458
0.232307 0.487832 0.602017
0.544135 0.717935 0.562501
0.511641 0.501133 0.158398
0.514295 0.27769 0.0737696
0.453347 0.764579 0.599989
0.316293 0.52375 0.447552
0.566284 0.4525 0.269593
0.391868 0.47625 0.351546
0.586227 0.934152 0.54512
0.56068 0.452606 0.152771
0.512897 0.479701 0.0743467
0.285634 0.52375 0.531071
0.0378338    0.5 0.235671
0.500779 0.47625 0.251744
0.268485 0.52375 0.486164
0.681976 0.872223 0.518432
0.0270241 0.341178 0.22932
0.264501 0.221783 0.690815
0.27006 0.52375 0.499802
0.247475 0.14174 0.646455
0.695999 0.489264 0.512642
0.378934 0.52375 0.508672
0.585981 0.484955 0.338436
0.0683293 0.0641045 0.257916
0.416243 0.47625 0.142686
0.0931626 0.494159 0.265143
0.181167    0.5 0.185656
0.235183 0.317847 0.702921
0.683287 0.491758 0.466501
0.264029 0.207542 0.69101
0.33174 0.95125 0.630195
0.638564 0.4525 0.366203
0.0803894 0.0696465 0.252936
0.601375 0.52375 0.407025
0.233076 0.930443 0.666108
0.587482 0.772976 0.518907
0.410581 0.52375 0.239184
0.119298 0.512235 0.328333
0.449718 0.89505 0.601487
0.265236 0.961277 0.690511
0.449987 0.47625 0.387517
0.512534 0.156566 0.0361064
0.577562 0.496872 0.318045
0.0292597 0.0569824 0.222659
0.0843984 0.0955468 0.251281
0.674129 0.615356 0.521672
0.233758 0.4639 0.652119
0.136114 0.52375 0.261665
0.516592 0.52375 0.411992
0.302672 0.80588 0.662206
0.443629 0.52375 0.548172
0.606985 0.846442 0.510854
0.68682 0.0991714 0.516432
0.49738 0.52375 0.40932
0.305658 0.4525 0.673465
0.508796 0.47625 0.204541
0.65807 0.765847 0.513019
0.30691 0.4525 0.142718
0.0278077 0.323953 0.231218
0.552719 0.465551 0.133501
0.611481 0.4525 0.331856
0.412549 0.492317 0.0643922
0.124044 0.47625 0.268166
0.699566 0.485091 0.489059
0.648218 0.784317 0.519523
0.26338 0.63273 0.67727
0.461251 0.884214 0.57103
0.438156 0.744586 0.580567
0.214956 0.4525 0.644259
0.361476 0.4525 0.608775
0.259767 0.563266 0.668519
0.533502 0.937173 0.541197
0.257457 0.719208 0.662926
0.372233 0.797149 0.607788
0.0697255 0.457946 0.332811
0.377307 0.4525 0.625188
0.648765 0.768363 0.480756
0.124733 0.491931 0.341556
0.318629 0.52375 0.347295
0.262114 0.47625 0.448916
0.674556 0.717155 0.508648
0.416161 0.47625 0.22277
0.557737 0.52375 0.287728
0.455959 0.788578 0.573215
0.0511361 0.178346 0.265016
0.243085 0.478836 0.648369
0.681958 0.570069 0.518439
0.461348 0.47625 0.539213
0.0334816 0.320503 0.244958
0.184757 0.47625 0.367064
0.292046 0.52375 0.434799
0.265141 0.7771 0.681533
0.383922    0.5 0.111635
0.221873 0.694012 0.657027
0.495457 0.52375 0.236602
0.314739 0.79066 0.631528
0.220921 0.760735 0.698896
0.405314 0.481169 0.11877
0.280675 0.808034 0.671289
0.216084 0.618749 0.659418
0.0727855 0.479895 0.215688
0.0845589 0.414304 0.251215
0.586202 0.747341 0.519436
0.266206 0.0865282 0.684113
0.516296 0.4525 0.553662
0.211999 0.193501 0.67729
0.025504 0.202035 0.225639
0.115932 0.52375 0.290137
0.33166 0.52375 0.50814
0.504432 0.52375 0.284975
0.219474 0.47283 0.570864
0.251114 0.52375 0.520251
0.516569 0.51866 0.535342
0.56354 0.488777 0.159693
0.211539 0.948656 0.661294
0.430632 0.469443 0.570827
0.271719 0.4525 0.65124
0.514523 0.296938 0.040923
0.530188 0.919265 0.542565
0.533906 0.866489 0.566725
0.20389 0.483501 0.533147
0.581989 0.52375 0.466854
0.327815 0.477675 0.15077
0.602286 0.846172 0.512795
0.659564 0.404464 0.516636
0.523389 0.921611 0.545373
0.370388 0.46923 0.0818011
0.328122 0.722493 0.626002
0.230512 0.0354676 0.70485
0.316582 0.46104 0.61792
0.23941 0.213897 0.701175
0.438741    0.5 0.101776
0.0451163 0.216604 0.267501
0.214343 0.614832 0.682967
0.106697    0.5 0.208376
0.167169 0.48731 0.165714
0.471871 0.490476 0.062083
0.595442 0.47625 0.42015
0.181564 0.47625 0.396404
0.653947 0.584059 0.478616
0.558396 0.4525 0.239827
0.489907 0.52375 0.518161
0.631921 0.477032 0.449595
0.298276 0.47625 0.378218
0.0330024 0.0861527 0.221114
0.521446 0.498573 0.533328
0.421734 0.52375 0.136113
0.173976 0.47625 0.286186
0.263471 0.774975 0.69124
0.267922 0.820873 0.688269
0.650924 0.329801 0.479864
0.226219 0.47625 0.458473
0.494844    0.5 0.0530136
0.250779 0.47625 0.200937
0.214085 0.232748 0.682341
0.580546 0.7659 0.547466
0.33538 0.52375 0.470255
0.180459    0.5 0.571038
0.214356 0.33871 0.682998
0.265407 0.069341 0.682178
0.700037 0.337148 0.490199
0.246135  0.975 0.692223
0.446018 0.866755 0.57732
0.35139 0.745106 0.642089
0.553086    0.5 0.525548
0.473558 0.164839 0.0661689
0.033317 0.38286 0.24456
0.0543531 0.461155 0.295604
0.465623 0.487298 0.0469527
0.339156 0.47625 0.416078
0.423042 0.858011 0.586808
0.603528 0.839095 0.537977
0.0831151 0.466585 0.365219
0.0638426  0.025 0.211058
0.340258 0.845451 0.62099
0.0739291 0.441912 0.218458
0.5014 0.395904 0.0277039
0.474137 0.327591 0.0675721
0.112225    0.5 0.361747
0.599163    0.5 0.360463
0.211138 0.178616 0.66146
0.467646 0.220061 0.0518515
0.0804755 0.445212 0.234311
0.344471 0.894049 0.619251
0.409549 0.4525 0.593388
0.301882 0.752248 0.662532
0.26658 0.744175 0.677109
0.195211 0.47625 0.441943
0.62618 0.492578 0.435702
0.605444 0.489202 0.385511
0.654128 0.454972 0.378953
0.424448 0.47625 0.484161
0.276223 0.52375 0.475563
0.580748    0.5 0.52916
0.489824 0.415732 0.0324837
0.513246 0.0616477 0.0378306
0.435812 0.937464 0.581535
0.518982 0.778669 0.547192
0.653258 0.68931 0.501366
0.420337 0.807221 0.613619
0.236069 0.47625 0.277977
0.354436 0.769683 0.640831
0.363347 0.489682 0.649999
0.68632 0.284175 0.465248
0.214595 0.601434 0.683578
0.188596    0.5 0.194504
0.25262 0.694911 0.695721
0.501221    0.5 0.0449818
0.234628    0.5 0.155657
0.427239 0.50321 0.109716
0.4764 0.482346 0.089417
0.504651    0.5 0.103467
0.0276554 0.032402 0.230849
0.497949 0.47625 0.250361
0.26544 0.295265 0.682257
0.256563 0.804586 0.694092
0.683354 0.474214 0.449691
0.696867 0.296422 0.512283
0.25975 0.58872 0.668478
0.540601 0.80051 0.538265
0.691398 0.889943 0.469277
0.695219 0.0447169 0.512964
0.254838 0.903293 0.656582
0.706788 0.0960194 0.508187
0.704373 0.107006 0.509184
0.516102 0.415352 0.0447474
0.433363 0.52375 0.43191
0.0762451 0.464037 0.224066
0.0925799 0.4525 0.298458
0.578771 0.95125 0.533234
0.126902 0.493424 0.182341
  0.35 0.910034 0.642663
0.467651 0.761054 0.594083
0.36108 0.945328 0.638088
0.0387541 0.0571491 0.218739
0.182102    0.5 0.511782
0.314272 0.47625 0.363203
0.146355 0.488621 0.518284
0.324324 0.733935 0.653265
0.512428 0.52375 0.409611
0.465608 0.0707773 0.0424829
0.260871 0.47625 0.496737
0.251295 0.591053 0.648001
0.703383 0.921108 0.498303
0.0282383 0.126189 0.223081
0.617192 0.476529 0.414022
0.567174 0.481814 0.168488
0.427118 0.47625 0.313395
0.260936 0.472088 0.640897
0.188727    0.5 0.618071
0.140035 0.4627 0.502988
0.0601733 0.478072 0.309691
0.525946 0.442336 0.0689585
0.651168 0.367917 0.479764
0.592689 0.478808 0.230247
0.585973 0.491016 0.506684
0.145848 0.481526 0.392662
0.343936 0.47625 0.555196
0.545694 0.47625 0.265429
0.26619 0.52375 0.527101
0.250038 0.91099 0.645397
0.183836 0.47625 0.458692
0.348185 0.4525 0.628976
0.0339649 0.401255 0.246129
0.527254 0.47625 0.362704
0.572276 0.784631 0.525186
0.459605 0.47625 0.10822
0.585339 0.869749 0.545487
0.0820708 0.131182 0.238175
0.520854 0.18413 0.071061
0.245221 0.860598 0.698776
0.257304 0.52375 0.316592
0.25721 0.833618 0.662326
0.241698 0.536122 0.700231
0.483751 0.772078 0.587435
0.031788 0.34282 0.240857
0.296669 0.52375 0.345353
0.702867 0.582309 0.497053
0.541318 0.460382 0.576512
0.205029 0.487772 0.660298
0.671272 0.595861 0.522852
0.281491 0.47625 0.580471
0.152836 0.4525 0.46646
0.691862 0.357227 0.470401
0.283238 0.47625 0.306178
0.585791 0.721193 0.519606
0.556565 0.864049 0.531673
0.662965 0.166275 0.524874
0.209208 0.0723359 0.662257
0.0859517 0.0378726 0.247574
0.0660636 0.0258895 0.207462
0.0272758 0.0787837 0.229929
0.459778 0.47625 0.123394
0.129046 0.478862 0.351994
0.684118 0.935689 0.466158
0.555086 0.52375 0.358642
0.494558 0.920135 0.582972
0.372491 0.46964 0.646224
0.217923 0.883756 0.691636
0.0898886    0.5 0.301342
0.252143 0.647251 0.650056
0.653838 0.463546 0.378251
0.286214 0.52375 0.409306
0.460068 0.847353 0.597214
0.233883 0.738568 0.664915
0.690473 0.048098 0.514923
0.652106 0.949045 0.498576
0.35894 0.47625 0.354521
0.606544 0.4525 0.361223
0.500949  0.025 0.051475
0.157755    0.5 0.18716
0.506015 0.403532 0.0257981
0.292191 0.856958 0.666533
0.283976 0.453955 0.168872
0.07799 0.402137 0.228292
0.672409 0.490994 0.470991
0.672954 0.826153 0.486837
0.156065 0.4525 0.210053
0.239679 0.86938 0.662521
0.207862 0.496045 0.662922
0.189967 0.469877 0.499446
0.214155 0.409126 0.682511
0.305385 0.476873 0.160032
0.166956 0.485998 0.443752
0.42339 0.52375 0.370637
0.026709 0.451401 0.228557
0.531631 0.47625 0.445537
0.2041 0.472257 0.533654
0.403989 0.52375 0.418923
0.683305 0.293254 0.466493
0.660147 0.498618 0.518048
0.455536 0.52375 0.391511
0.257699 0.805634 0.680776
0.159709 0.4525 0.507527
0.264836 0.918598 0.652134
0.202885 0.514505 0.530762
0.422193 0.473092 0.574311
0.242027 0.52375 0.229295
0.489487 0.904456 0.559371
0.542385 0.888481 0.537529
0.379628 0.918254 0.604734
0.211989 0.677902 0.661108
0.40962 0.858951 0.59235
0.418223 0.924554 0.614492
0.47868 0.384321 0.0370853
0.0574243 0.483311 0.303037
0.122036 0.484901 0.335027
0.461655 0.52375 0.50421
0.467621 0.0418681 0.0416517
0.321893 0.52375 0.279278
0.696359 0.495058 0.512493
0.107381 0.497342 0.299471
0.368801 0.47625 0.483961
0.66585 0.608149 0.473701
0.605593 0.95125 0.532171
0.521494 0.797403 0.57185
0.658599 0.377281 0.514299
0.247314 0.171843 0.697912
0.601604 0.83429 0.513076
0.234552    0.5 0.167109
0.299701 0.783464 0.663432
0.524729 0.51741 0.190096
0.517834 0.449429 0.0489426
0.439548 0.480885 0.567145
0.398752 0.47625 0.261691
0.487203 0.4525 0.565135
0.388627 0.773876 0.626713
0.249323 0.496994 0.645792
0.0364674 0.276385 0.252189
0.68844 0.619603 0.515763
0.0852259 0.0926863 0.245816
0.583852 0.80116 0.546101
0.19743 0.459661 0.153218
0.0786615 0.48286 0.354439
0.358743 0.52375 0.598193
0.691896 0.553219 0.470483
0.617996    0.5 0.31364
0.111926    0.5 0.214268
0.641612 0.497264 0.535099
0.290502 0.501218 0.166177
0.265775 0.192178 0.683069
0.369906 0.879572 0.608748
0.668528 0.929704 0.511137
0.236735 0.546934 0.65089
0.23872 0.476093 0.617447
0.414584 0.52375 0.449757
0.0460905 0.174905 0.267099
0.243076 0.264951 0.699662
0.706092 0.898417 0.508474
0.557472 0.52375 0.32667
0.704153 0.453996 0.500167
0.490288 0.824678 0.55904
0.573467 0.780796 0.524694
0.692134 0.501735 0.47106
0.192853 0.455268 0.155109
0.373112 0.47625 0.405982
0.158863 0.477626 0.548559
0.508725 0.260408 0.026882
0.61739 0.95125 0.51626
0.340789 0.52375 0.364362
0.210906 0.47625 0.304176
0.651247 0.945074 0.492578
0.287786 0.771342 0.642657
0.20676 0.485018 0.149366
0.231287 0.505664 0.599546
0.380676 0.766565 0.629996
0.701289 0.353585 0.493231
0.529282 0.52375 0.231079
0.657377 0.817919 0.4772
0.443781 0.948204 0.603939
0.251784 0.163293 0.649187
0.263651 0.153334 0.677924
0.687087 0.26769 0.516322
0.477921 0.915029 0.564147
0.253689 0.47625 0.277938
0.442522 0.47625 0.359031
0.306766 0.481862 0.159462
0.528518 0.47218 0.530408
0.657125 0.828664 0.490151
0.0312757 0.129324 0.239616
0.0737092 0.137518 0.217925
0.660916 0.429141 0.519912
0.587536    0.5 0.537304
0.499715 0.399481 0.0797898
0.700887 0.622493 0.492257
0.0885793 0.488177 0.198165
0.675693 0.816325 0.508178
0.313519 0.52375 0.377753
0.698551 0.214902 0.486599
0.0653024 0.104384 0.259166
0.518659 0.326687 0.0509403
0.421491 0.52375 0.441292
0.457895 0.798602 0.598111
0.706063 0.818132 0.508486
0.534084 0.4525 0.0901047
0.412508 0.745931 0.616852
0.422339 0.480752 0.11174
0.435148 0.47625 0.561239
0.661356 0.870898 0.514098
0.170779 0.496892 0.453007
0.479748 0.47625 0.383907
0.244624 0.52375 0.369161
0.570524 0.460513 0.300991
0.705746 0.431306 0.504025
0.24544 0.928844 0.647296
0.670516 0.710552 0.471774
0.158203    0.5 0.47136
0.265487 0.52375 0.290835
0.539775 0.48945 0.52576
0.35772 0.4525 0.625943
0.590398 0.897124 0.517703
0.655819 0.0443914 0.477843
0.297114 0.52375 0.393124
0.229069 0.47625 0.258307
0.232408 0.47625 0.350931
0.232874  0.975 0.665273
0.274168 0.52375 0.458755
0.506216 0.52375 0.455834
0.0334734 0.45348 0.220919
0.62432 0.803808 0.503696
0.684644 0.532274 0.465941
0.229121 0.4525 0.170188
0.516806    0.5 0.556971
0.395915 0.52375 0.349293
0.332335 0.52375 0.567826
0.280786 0.47625 0.445995
0.633247 0.507989 0.487164
0.2165    0.5 0.178108
0.233753 0.52375 0.585645
0.545203 0.940065 0.536365
0.649412 0.230062 0.492052
0.0733753 0.218262 0.217116
0.621047 0.454775 0.423278
0.385846 0.47625 0.506747
0.486926 0.72642 0.586124
0.539568 0.4525 0.177782
0.439679    0.5 0.613849
0.613187 0.513118 0.495447
0.487012 0.193445 0.033645
0.532375 0.495813 0.208657
0.0475643 0.402075 0.266491
0.704979 0.885846 0.502166
0.246684 0.28018 0.698172
0.401882 0.484679 0.120187
0.0599457 0.464152 0.261378
0.405209 0.47625 0.447696
0.545996 0.82967 0.561733
0.600308 0.47879 0.500765
0.684926 0.973968 0.517214
0.0623354 0.0857659 0.209001
0.400101 0.47625 0.197731
0.229309 0.214351 0.705346
0.476954 0.465398 0.0891884
0.260127 0.600765 0.66939
0.0358721    0.5 0.242586
0.377009 0.47625 0.501183
0.237853 0.558768 0.650428
0.696943 0.531012 0.512252
0.462247 0.95125 0.575335
0.0324267 0.33469 0.242404
0.590384 0.47154 0.224667
0.69644 0.212024 0.481487
0.226586 0.18223 0.706471
0.352596 0.761527 0.641591
0.28312 0.723167 0.644584
0.0383427 0.496381 0.256731
0.476309 0.822591 0.564813
0.296041 0.47625 0.583655
0.576286 0.4525 0.297536
0.627741 0.879027 0.527979
0.63963 0.486037 0.343862
0.474481 0.4525 0.0801066
0.222696 0.371586 0.656687
0.22962 0.52375 0.308479
0.14818    0.5 0.22227
0.348712 0.52375 0.391528
0.518243 0.417492 0.0499333
0.506042 0.927418 0.57823
0.511933 0.880396 0.575798
0.470323 0.349189 0.0583346
0.482739 0.8352 0.562158
0.650216 0.4525 0.418512
0.239539 0.817631 0.681758
0.542486 0.47625 0.358175
0.472342 0.0894478 0.0397025
0.334981 0.496057 0.0964215
0.308947 0.52375 0.323584
0.500128 0.47625 0.151293
0.432283 0.88837 0.582992
0.365647 0.52375 0.464261
0.578533 0.459264 0.320377
0.479216 0.47625 0.416847
0.299058 0.47625 0.435615
0.230601 0.47476 0.704813
0.172488 0.480719 0.457142
0.491616 0.770189 0.558492
0.509465 0.4525 0.589277
0.465337 0.323615 0.0462613
0.1612 0.454739 0.168178
0.678154 0.622728 0.468621
0.68386 0.944942 0.466264
0.327483 0.47625 0.589859
0.432733 0.52375 0.30071
0.284766 0.799921 0.643904
0.705045 0.89177 0.502327
0.223197 0.857474 0.70441
0.282872 0.52375 0.61689
0.184552 0.455721 0.610736
0.697888 0.0454913 0.484994
0.437988 0.47625 0.183372
0.657689 0.779434 0.512097
0.490065 0.47625 0.366182
0.662238 0.932715 0.523113
0.690223 0.259764 0.515027
0.445381 0.52375 0.332737
0.0334115 0.0961352 0.220945
0.217317 0.301089 0.658908
0.15027 0.47625 0.253203
0.529826 0.47625 0.230685
0.632387 0.758876 0.52606
0.498858 0.47625 0.326038
0.158669 0.510451 0.220613
0.328256 0.47625 0.170072
0.623972 0.522373 0.430442
0.344909 0.47625 0.196276
0.27605 0.458047 0.634656
0.264733 0.169879 0.690719
0.139156 0.468617 0.228671
0.4671 0.204604 0.0505301
0.236722 0.492486 0.612709
0.262717 0.360633 0.675664
0.606602    0.5 0.532375
0.555784 0.47625 0.441785
0.210721 0.785515 0.674195
0.222204 0.869779 0.65689
0.159349 0.461972 0.549734
0.606248 0.95125 0.517744
0.277087 0.47625 0.355633
0.56077 0.52375 0.401835
0.155354 0.47625 0.40379
0.692522  0.975 0.488818
0.220518 0.519004 0.697922
0.512611 0.47625 0.217473
0.392915 0.52375 0.401158
0.516682 0.47625 0.354769
0.0818705 0.482626 0.23769
0.6503 0.477868 0.494201
0.197447 0.47625 0.343685
0.689709 0.659946 0.465188
0.323583 0.510679 0.615029
0.343522 0.498709 0.606796
0.250032 0.52375 0.25827
0.350231 0.466284 0.604025
0.301163 0.52375 0.374262
0.0823929 0.148276 0.238955
0.283298 0.52375 0.327937
0.392413 0.889399 0.599455
0.655312 0.646224 0.478053
0.465325 0.370484 0.0462321
0.383715 0.47625 0.362496
0.663071 0.744227 0.525131
0.471317 0.0557544 0.0607421
0.668587 0.457345 0.472571
0.645758 0.12883 0.481998
0.687963 0.464101 0.46457
0.519416 0.358554 0.0527719
0.629469 0.7493 0.50157
0.540597 0.52375 0.495726
0.705974 0.225285 0.508523
0.247477 0.47625 0.225727
0.286329 0.47625 0.582779
0.562057 0.464081 0.280499
0.65283 0.463044 0.530467
0.259431 0.52375 0.367772
0.674763 0.810681 0.491218
0.441083 0.52375 0.133529
0.135289 0.504528 0.230268
0.523494 0.478669 0.187162
0.406924 0.47625 0.371129
0.217078 0.954189 0.659007
0.695967 0.285957 0.512655
0.2519 0.4691 0.649467
0.0830442 0.4525 0.260088
0.231978 0.212789 0.652855
0.0499268    0.5 0.271748
0.221688 0.208495 0.700754
0.242016 0.518459 0.62553
0.129053 0.498863 0.232842
0.411548 0.47625 0.194489
0.213705 0.413688 0.681422
0.69578 0.708408 0.479889
0.687561 0.392873 0.464736
0.353608 0.4525 0.129066
0.245338 0.971146 0.647338
0.533924    0.5 0.534012
0.487877 0.795018 0.585731
0.663682 0.834232 0.474596
0.180206 0.4525 0.505589
0.466827 0.721659 0.568728
0.267415 0.47625 0.24516
0.563399 0.929466 0.528852
0.242945 0.475803 0.648326
0.281168 0.47625 0.318351
0.219738 0.167994 0.696033
0.174475 0.4525 0.178195
0.0748272 0.312131 0.220633
0.173899 0.52375 0.44261
0.30447 0.52375 0.185721
0.523598 0.52375 0.40817
0.510614 0.47625 0.309492
0.215043 0.665025 0.684662
0.67318 0.696902 0.522064
0.0317126 0.304045 0.221646
0.26081 0.284397 0.692339
0.0910273 0.477603 0.259866
0.641046 0.769728 0.49679
0.41586 0.47625 0.286638
0.460719 0.47625 0.210506
0.472082 0.0910595 0.0625947
0.31135 0.4525 0.1203
0.553533 0.95125 0.550679
0.170695 0.503768 0.452805
0.293145 0.52375 0.602056
0.306028 0.52375 0.29655
0.185095 0.52375 0.325118
0.24055 0.899184 0.684207
0.410787 0.762506 0.617563
0.22813 0.505854 0.705833
0.65467 0.45182 0.504786
0.66997 0.869865 0.52339
0.388529 0.859487 0.626754
0.59261 0.888459 0.51679
0.598441 0.935177 0.540077
0.579601 0.47625 0.342578
0.418677 0.4525 0.611327
0.312546 0.491176 0.619586
0.51384 0.455248 0.163795
0.657099 0.4525 0.520476
0.166295 0.472504 0.566547
0.523791 0.106178 0.0633686
0.0621606 0.0579848 0.260463
0.618154 0.49595 0.416352
0.510724 0.4525 0.554835
0.33721 0.52375 0.51935
0.084479 0.103805 0.251248
0.240022 0.867715 0.700923
0.163279 0.474576 0.434851
0.559074 0.47625 0.405108
0.263837 0.52375 0.444154
0.686647 0.12274 0.465114
0.541823 0.47625 0.367277
0.372357 0.46403 0.0809879
0.224004 0.0712805 0.656147
0.143645 0.481535 0.175427
0.238153 0.715014 0.663151
0.533583 0.47625 0.293645
0.30276 0.900972 0.636474
0.237187 0.380999 0.650704
0.506187 0.47625 0.305776
0.0998023 0.473056 0.24492
0.217837 0.373928 0.691428
0.35172 0.739212 0.616258
0.696734 0.0486999 0.512338
0.279462 0.488802 0.119346
0.565445 0.484119 0.2887
0.579194 0.52375 0.463469
0.670772 0.875307 0.523058
0.652777 0.806268 0.500201
0.620837 0.461921 0.492288
0.399438 0.52375 0.162539
0.189227 0.465957 0.497656
0.190558 0.52375 0.333379
0.0455322 0.1564 0.26733
0.414305 0.52375 0.518378
0.511548 0.933044 0.575957
0.667986 0.633834 0.524209
0.47111 0.52375 0.393403
0.634957 0.518326 0.457045
0.446134 0.4525 0.583504
0.51631 0.876993 0.57399
0.190723 0.4525 0.600559
0.361707 0.75483 0.612134
0.666071 0.228115 0.47361
0.630748 0.511127 0.488195
0.3781 0.47625 0.350369
0.235898 0.717667 0.702626
0.659818 0.496219 0.517253
0.0822961 0.429066 0.252149
0.703295 0.563753 0.509629
0.0879033 0.521835 0.2523
0.0641478 0.474459 0.319311
0.484969 0.47625 0.226867
0.493213 0.48494 0.544986
0.652363 0.636917 0.47927
0.0511035 0.199983 0.213639
0.246952 0.52375 0.348833
0.376594 0.47625 0.166177
0.384415 0.47625 0.412829
0.415063 0.47625 0.394941
0.320256 0.52375 0.483613
0.324347 0.4525 0.661195
0.486592 0.52375 0.157163
0.178825 0.47625 0.420653
0.142198 0.464209 0.383828
0.0586395    0.5 0.275685
0.701055 0.10705 0.492664
0.525508 0.181633 0.0675259
0.471999 0.453606 0.605135
0.0728507 0.294537 0.215846
0.259927 0.52375 0.553677
0.578201 0.941752 0.52274
0.350587 0.778334 0.642421
0.214823 0.225849 0.684128
0.421301 0.47625 0.176504
0.230351    0.5 0.180632
0.502766 0.47625 0.283317
0.541209 0.818439 0.538014
0.260523    0.5 0.151471
0.218711 0.52375 0.340391
0.625253 0.493064 0.433543
0.621966 0.482495 0.543211
0.576146 0.797572 0.549283
0.253449 0.759051 0.653219
0.586338 0.476598 0.506533
0.13595    0.5 0.199543
0.31614 0.52375 0.233287
0.0430035 0.407062 0.216984
0.306434 0.52375 0.244069
0.605196 0.4525 0.287736
0.463892 0.896294 0.595635
0.181252    0.5 0.185098
0.541961 0.469884 0.107465
0.672794 0.360844 0.470834
0.671269 0.71375 0.487302
0.188079 0.515896 0.494906
0.439176 0.821081 0.580146
0.683175 0.423749 0.517937
0.0574584    0.5 0.263023
0.231537 0.463024 0.190525
0.472787 0.52375 0.243056
0.56081 0.4525 0.234823
0.572936 0.889925 0.524914
0.50342 0.0313958 0.0268697
0.070133 0.4525 0.333738
0.310512 0.95125 0.650694
0.489001 0.50655 0.546725
0.421026 0.755157 0.58764
0.241529    0.5 0.174241
0.216299 0.669041 0.659329
0.408269 0.52375 0.174967
0.70444 0.122576 0.509156
0.647365 0.466048 0.362583
0.234331 0.663627 0.651883
0.578088 0.945491 0.548481
0.552395    0.5 0.196176
0.598448 0.894387 0.514379
0.282236    0.5 0.140449
0.406725 0.4525 0.62041
0.557765 0.52375 0.443853
0.575699 0.487015 0.510926
0.413462 0.47625 0.488297
0.226814 0.47625 0.438154
0.446795 0.52375 0.544105
0.267475 0.540424 0.689587
0.666505 0.4525 0.430845
0.137146 0.471893 0.229501
0.238439 0.960188 0.701576
0.14456 0.52375 0.314205
0.123551 0.4525 0.215201
0.209808 0.133447 0.671984
0.393648 0.794096 0.62464
0.234588 0.905415 0.703167
0.525357 0.948195 0.54456
0.592418 0.843525 0.542564
0.629375 0.732283 0.527304
0.238365 0.760092 0.678914
0.479828 0.47625 0.121879
0.247667 0.95125 0.67695
0.506149 0.125337 0.025743
0.29507 0.853954 0.665345
0.652757 0.508854 0.479108
0.218728 0.83672 0.693586
0.406381 0.835661 0.593687
0.330645 0.52375 0.439942
0.24342 0.776465 0.64813
0.493549 0.40965 0.0309457
0.145929    0.5 0.455522
0.501739 0.740872 0.554312
0.0322953 0.0439364 0.242085
0.385312 0.47625 0.213485
0.385349 0.477698 0.589525
0.202599    0.5 0.594943
0.240907 0.790546 0.685069
0.385866 0.755702 0.627853
0.25368 0.845775 0.65674
0.392597 0.47625 0.370627
0.333174 0.931983 0.64961
0.664342 0.4525 0.470993
0.650697 0.638431 0.495163
0.172613 0.479753 0.457443
0.154372 0.466005 0.222388
0.134716 0.4525 0.39473
0.665167 0.778228 0.512525
0.0830079 0.251728 0.240444
0.309162 0.462629 0.107082
0.13784 0.47625 0.231869
0.294103 0.844668 0.640049
0.473706 0.873162 0.565888
0.578568 0.52375 0.361589
0.663168 0.851271 0.474808
0.586877    0.5 0.328598
0.142203 0.52375 0.230854
0.409133 0.47625 0.290617
0.152206 0.474159 0.40805
0.245792 0.480542 0.647251
0.654142 0.817292 0.503506
0.40021 0.4525 0.612107
0.559283 0.93302 0.530551
0.597955 0.479421 0.367384
0.666746 0.777648 0.486178
0.653655 0.562377 0.502326
0.260639 0.941607 0.69241
0.575436 0.763424 0.523881
0.67197 0.923628 0.509716
0.377284 0.4525 0.099746
0.262263 0.812265 0.691739
0.104879    0.5 0.410131
0.409936 0.728556 0.592219
0.24236 0.48919 0.648567
0.255907 0.47625 0.522527
0.262025 0.865046 0.691837
0.126482    0.5 0.387359
0.316185 0.874493 0.656626
0.434015 0.52375 0.26167
0.394033 0.504944 0.585939
0.171661 0.488997 0.455139
0.32347 0.925004 0.627923
0.561505 0.52375 0.32616
0.658627 0.853847 0.48953
0.500025 0.52375 0.314588
0.0482393 0.317396 0.214822
0.127573 0.4525 0.465436
0.651294 0.891953 0.496608
0.220297 0.172945 0.657678
0.702957 0.575047 0.49727
0.470361 0.52375 0.291603
0.522369 0.428543 0.0704357
0.291972 0.781569 0.640929
0.244536 0.838578 0.647669
0.394005 0.52375 0.420187
0.539841 0.494081 0.226728
0.651161 0.801854 0.496287
0.0692144 0.456188 0.206161
0.212116 0.52375 0.252971
0.154517 0.47625 0.324425
0.248321 0.488184 0.132205
0.429298 0.456126 0.622767
0.209137 0.482468 0.148384
0.478707 0.453593 0.602365
0.193631 0.52375 0.235755
0.646064 0.248619 0.481871
0.305736 0.47625 0.382378
0.679303 0.914455 0.502214
0.522572 0.153161 0.0604155
0.517331 0.85669 0.573569
0.550874    0.5 0.170356
0.40792 0.52375 0.55592
0.171968 0.4525 0.524914
0.405429 0.47625 0.399443
0.206492 0.324807 0.663953
0.506138 0.0893195 0.0771378
0.122832 0.4525 0.201017
0.485832 0.885254 0.56088
0.224627 0.61916 0.70728
0.65822 0.668957 0.476852
0.121165 0.4525 0.417576
0.158613 0.52375 0.240256
0.651207 0.158054 0.496399
0.109549 0.52375 0.278333
0.676513 0.300565 0.469298
0.50484 0.508412 0.540185
0.259833 0.962225 0.692742
0.220016 0.52375 0.210329
0.427248 0.47625 0.439023
0.267578 0.601296 0.687436
0.553595 0.468224 0.260017
0.666194 0.4525 0.463518
0.621767 0.4525 0.305756
0.515344 0.488856 0.167435
0.696453 0.300821 0.481518
0.539114 0.80602 0.53888
0.0959255 0.517642 0.271728
0.0448034 0.328869 0.267631
0.143938 0.485411 0.175306
0.0583657 0.496205 0.262137
0.467774 0.277702 0.052163
0.337052 0.486887 0.660857
0.323271 0.463518 0.666547
0.524925 0.927964 0.544738
0.198256 0.483027 0.519508
0.461995 0.47625 0.196651
0.308391 0.740609 0.659844
0.16078    0.5 0.517696
0.68871 0.553666 0.464261
0.0658448 0.480727 0.207552
0.347036 0.4525 0.612706
0.644681    0.5 0.518338
0.441565 0.52375 0.260995
0.431046 0.47625 0.536543
0.270213 0.856374 0.675608
0.598619 0.477517 0.369042
0.157454 0.4525 0.217905
0.543955 0.47625 0.377574
0.332171 0.47625 0.334507
0.570467 0.924205 0.551628
0.233201 0.820943 0.652349
0.575852 0.496998 0.313904
0.578174 0.47625 0.449485
0.234725 0.360903 0.70311
0.0986996 0.4525 0.230137
0.402886 0.869299 0.59513
0.45625 0.52375 0.251687
0.697625 0.316102 0.484358
0.42008 0.4525 0.0894477
0.466827 0.109665 0.0419796
0.487229 0.133749 0.0849457
0.0663616 0.357745 0.258729
0.0817226 0.422242 0.237332
0.341287 0.52375 0.190703
0.432673 0.8305 0.608526
0.326899 0.47625 0.391581
0.449004 0.875275 0.576087
0.467134 0.507913 0.555754
0.554342 0.872846 0.558286
0.582068 0.483592 0.328932
0.0307609 0.189733 0.23837
0.367468 0.47625 0.567438
0.0825728 0.37124 0.239391
0.384879 0.908273 0.628261
0.522285 0.722578 0.545828
0.524919 0.470613 0.531894
0.666323 0.0721326 0.524896
0.252254 0.803442 0.695872
0.653653 0.156443 0.478738
0.498047 0.267023 0.0804785
0.309249 0.52375 0.229316
0.377115 0.499474 0.592925
0.532508 0.47625 0.405551
0.511331    0.5 0.154624
0.543132 0.864794 0.53722
0.301551 0.47625 0.605838
0.665857  0.025 0.496588
0.692807 0.939342 0.47269
0.0564584 0.433964 0.211428
0.228725 0.606965 0.654198
0.672389 0.466275 0.471001
0.356358 0.47625 0.566638
0.426654 0.52375 0.330367
0.230133 0.75726 0.705006
0.261762 0.587733 0.691946
0.218178 0.928376 0.692255
0.279392 0.47625 0.227972
0.618478 0.4525 0.494253
0.412162 0.4525 0.0849048
0.558907 0.52375 0.427541
0.355494    0.5 0.0979847
0.649401 0.481035 0.492025
0.473064 0.866268 0.591847
0.510065 0.0576484 0.0755161
0.501769  0.025 0.0340841
0.0744903 0.253747 0.255372
0.274179    0.5 0.131523
0.209271 0.601428 0.662231
0.216622 0.616419 0.688485
0.473052 0.52375 0.412365
0.172802 0.52375 0.262907
0.173166    0.5 0.207944
0.446658 0.52375 0.545882
0.214115 0.47625 0.281485
0.658315 0.0507623 0.513612
0.582746 0.4525 0.257373
0.38464 0.52375 0.497043
0.458621 0.465111 0.0967582
0.101092 0.473178 0.244388
0.488693 0.0346949 0.0843412
0.668164 0.843455 0.511287
0.498104 0.47625 0.213275
0.474383 0.52375 0.272135
0.0262582 0.392944 0.227465
0.213244 0.52375 0.460302
0.0344398 0.307074 0.247279
0.536392    0.5 0.565234
0.703471 0.806899 0.498515
0.534856 0.52375 0.399238
0.314581 0.4525 0.156125
0.232458 0.47625 0.59922
0.478995 0.184144 0.0793367
0.429298 0.47625 0.196399
0.316926 0.775915 0.630625
0.0540108 0.495307 0.263829
0.479249 0.4525 0.556419
0.395464 0.47625 0.453192
0.242997 0.507133 0.648305
0.326733 0.4525 0.118189
0.618388 0.4525 0.308238
0.449602 0.805674 0.601535
0.420897 0.470075 0.060945
0.0646997 0.381241 0.208025
0.480918 0.47625 0.28445
0.208581 0.937007 0.669014
0.511398 0.718041 0.576019
0.518149 0.47625 0.403957
0.0255067 0.405961 0.225645
0.684739 0.405478 0.465901
0.301476 0.900966 0.662699
0.437355 0.925794 0.606592
0.22309 0.467549 0.142623
0.476029 0.95125 0.581724
0.313469 0.52375 0.604673
0.116773    0.5 0.190982
0.691548 0.28476 0.51448
0.50818 0.925136 0.551653
0.469279 0.0873741 0.0409671
0.257485 0.95125 0.659524
0.6059 0.822222 0.511302
0.657303 0.731863 0.47723
0.0388037 0.27587 0.257847
0.0799068 0.454766 0.357454
0.372374 0.47625 0.304852
0.659329 0.667255 0.516069
0.303902 0.830148 0.661697
0.414073 0.768792 0.616206
0.524706 0.375347 0.0694706
0.22066 0.47625 0.551547
0.674995 0.912453 0.469925
0.48749 0.872031 0.585891
0.514095 0.852022 0.574905
0.549399 0.452713 0.249862
0.571538 0.469545 0.303447
0.527479 0.4525 0.550393
0.225736 0.184854 0.655432
0.426898 0.47625 0.471158
0.648592 0.559432 0.490064
0.490203 0.52375 0.473384
0.518396 0.4525 0.15088
0.0265371 0.150974 0.223783
0.593516 0.47625 0.372711
0.568292 0.499868 0.171196
0.188779    0.5 0.536067
0.154625 0.462467 0.5383
0.251672 0.811939 0.648914
0.25026 0.229216 0.645495
0.336999 0.88926 0.648031
0.490078 0.47756 0.083769
0.653633 0.4525 0.518236
0.458608 0.475203 0.610665
0.643693    0.5 0.463964
0.566908 0.821261 0.527403
0.525837 0.505009 0.531515
0.628653 0.928276 0.501907
0.381676 0.52375 0.575974
0.482494 0.394942 0.0869007
0.0343129 0.241334 0.220573
0.341078 0.493256 0.145294
0.220408 0.598352 0.697654
0.491647 0.4525 0.590784
0.592979 0.4525 0.29752
0.471985 0.365535 0.0623608
0.298664 0.773269 0.66386
0.476721 0.446226 0.0738307
0.107421    0.5 0.37681
0.333085 0.47625 0.555034
0.224295 0.500651 0.582614
0.602318 0.490825 0.377946
0.0819101 0.461157 0.237786
0.512314 0.52375 0.402553
0.245009 0.879886 0.698863
0.116294 0.4525 0.211677
0.40075 0.903498 0.596012
0.210417 0.47625 0.392843
0.442351 0.47625 0.301044
0.312517 0.52375 0.306214
0.482903 0.490426 0.088801
0.218001 0.507009 0.691825
0.237722 0.150437 0.701872
0.100382 0.47505 0.282617
0.3615 0.4525 0.119919
0.505938 0.50676 0.144587
0.531954 0.47625 0.496931
0.195856 0.45577 0.205258
0.679521 0.591266 0.519446
0.332404 0.47625 0.260524
0.0416937 0.150433 0.217525
0.469693 0.52375 0.408717
0.293271 0.728727 0.640392
0.270245 0.948998 0.6499
0.262359 0.128637 0.691699
0.653479 0.221629 0.501899
0.465472 0.47625 0.43074
0.618101 0.759652 0.531959
0.512482 0.52375 0.192253
0.512706 0.52375 0.369605
0.579089 0.4525 0.286582
0.449332 0.49535 0.614495
0.0485641 0.451835 0.266078
0.244127 0.895816 0.660685
0.499795 0.47625 0.225608
0.349452 0.52375 0.348014
0.528346 0.47625 0.513716
0.453631 0.839158 0.599872
0.063975 0.198399 0.259714
0.240063 0.52375 0.411652
0.53327 0.480102 0.21078
0.457671 0.52375 0.199337
0.20963 0.52375 0.402435
0.454971 0.47625 0.196957
0.516766 0.449321 0.0463544
0.251781 0.55504 0.649178
0.266765 0.314555 0.685467
0.646312 0.4525 0.42706
0.414048    0.5 0.592117
0.662192 0.35446  0.523
0.6976 0.459092 0.484298
0.215496 0.824528 0.685759
0.473727 0.125784 0.0391304
0.150742 0.488449 0.404507
0.360449 0.4525 0.113425
0.288691 0.52375 0.194729
0.207477 0.47625 0.53774
0.431551 0.52375 0.370447
0.535838 0.811975 0.565927
0.339987 0.47625 0.210061
0.43661 0.52375 0.242907
0.655072 0.115884 0.478152
0.659037 0.523113 0.476514
0.254218 0.4525 0.16889
0.544624 0.47625 0.241346
0.0966098    0.5 0.319596
0.438717 0.71375 0.583377
0.269491 0.52375 0.180408
0.666835 0.472035 0.524684
0.472514 0.456639 0.604923
0.257621 0.448486 0.663322
0.406903 0.909932 0.593471
0.521104 0.204211 0.0568608
0.264157 0.361508 0.690957
0.0810082    0.5 0.31532
0.12273 0.478866 0.336706
0.487105 0.1407 0.0849969
0.669792 0.785843 0.472073
0.0418228 0.334622 0.217472
0.240144 0.308491 0.700872
0.116259    0.5 0.338846
0.469346 0.916836 0.567688
0.659749 0.345338 0.47622
0.304478 0.52375 0.280061
0.5088 0.138588 0.0270626
0.0310363 0.273925 0.239037
0.448158 0.499183 0.56359
0.47565 0.47625 0.50653
0.242535 0.890918 0.648495
0.615204 0.508372 0.494614
0.283181 0.489072 0.631712
0.696966 0.39569 0.482761
0.576743 0.52375 0.472724
0.100792 0.503813 0.244512
0.0679954 0.422869 0.206664
0.0316094 0.319712 0.240424
0.138655 0.4525 0.411968
0.533396 0.454676 0.0867326
0.338601 0.47625 0.350968
0.209587 0.323976 0.671449
0.0601575 0.471478 0.309653
0.0394892 0.424467 0.259508
0.69522 0.736062 0.478534
0.476097 0.920835 0.590595
0.697522 0.421968 0.484109
0.553658    0.5 0.193446
0.182293    0.5 0.189522
0.232995 0.902537 0.665912
0.604647 0.4525 0.36204
0.524269 0.805009 0.545009
0.0783188 0.0965477 0.253791
0.383422 0.507807 0.127809
0.683058 0.887471 0.517986
0.461237 0.47625 0.529628
0.517718 0.0325568 0.0486615
0.212778 0.498612 0.554658
0.160624 0.483003 0.219806
0.0692213 0.0908971 0.207056
0.658188 0.765721 0.476865
0.252982 0.306076 0.652088
0.685891 0.835812 0.516816
0.347863 0.857077 0.61785
0.681141 0.341398 0.518777
0.588925 0.47625 0.359506
0.470635 0.52375 0.292413
0.290853 0.870151 0.641391
0.22203 0.0837066 0.701584
0.0914171    0.5 0.263115
0.0358283 0.318335 0.250642
0.0815625 0.47517 0.252452
0.647364 0.935279 0.494181
0.258993 0.52375 0.449286
0.51392 0.918705 0.549282
0.203728 0.503212 0.202008
0.318302    0.5 0.123362
0.490853 0.886537 0.558807
0.334852 0.47625 0.355659
0.395445 0.943657 0.623898
0.654582 0.101205 0.504573
0.651407 0.897431 0.492511
0.063151 0.456847 0.260054
0.306082 0.4525 0.109451
0.557277 0.47625 0.413087
0.469155 0.184171 0.0410186
0.513098 0.46232 0.161998
0.370004 0.47625 0.400815
0.651559 0.453464 0.372734
0.0736063 0.432919 0.217676
0.297398 0.76245 0.664383
0.19234 0.47625 0.361556
0.660781 0.831356 0.519583
0.220797 0.111942 0.698597
0.0346887 0.355432 0.220417
0.31503 0.95125 0.652476
0.164794 0.485496 0.562913
0.284402 0.47625 0.343729
0.246012 0.52375 0.228034
0.451732 0.71375 0.593689
0.0869541 0.378935 0.250001
0.545584 0.52375 0.493168
0.569748 0.52375 0.376049
0.331657    0.5 0.616503
0.60495 0.4525 0.268876
0.48709 0.463888 0.0990497
0.578263 0.467115 0.319724
0.685692 0.844557 0.516898
0.582948 0.731146 0.546475
0.440421 0.897624 0.579631
0.354708 0.47625 0.530968
0.297496 0.745663 0.638648
0.210852 0.955626 0.661578
0.481304 0.802818 0.588445
0.191138 0.47625 0.353418
0.539402 0.896978 0.564455
0.66284 0.916882 0.513485
0.216477 0.932289 0.659255
0.4956 0.47625 0.228467
0.691738 0.278697 0.4701
0.220046 0.52375 0.53188
0.288802 0.499133 0.166879
0.507521 0.286051 0.0765667
0.213411 0.144801 0.680709
0.657515 0.461222 0.477144
0.499589 0.161404 0.0798419
0.652501 0.274137 0.479213
0.340468 0.853554 0.646599
0.222319 0.672034 0.702283
0.446531 0.937421 0.602803
0.250584 0.486926 0.64628
0.409926 0.52375 0.447289
0.703115 0.64207 0.497653
0.264277 0.162117 0.679441
0.662645 0.923103 0.524099
0.236483 0.781849 0.663841
0.253778 0.407739 0.654015
0.261583 0.315257 0.672917
0.52609 0.774083 0.544257
0.17875 0.47625 0.379538
0.598939 0.468421 0.369767
0.233803 0.487891 0.189589
0.512746 0.46499 0.0744068
0.575178 0.494066 0.187862
0.63387 0.752849 0.499753
0.237895 0.760646 0.677778
0.424539 0.925858 0.586189
0.0529179 0.372422 0.26428
0.66338 0.482755 0.474721
0.106829 0.4525 0.3397
0.232328 0.240765 0.7041
0.419269 0.491748 0.0616173
0.498563 0.450571 0.0802656
0.260748 0.665512 0.670894
0.14996 0.52375 0.389947
0.295815    0.5 0.647214
0.542751 0.47625 0.361503
0.524933 0.885634 0.544735
0.424756 0.52375 0.515433
0.613813    0.5 0.526414
0.665107 0.76727 0.474008
0.692217 0.22768 0.47126
0.508545    0.5 0.133017
0.0964826 0.49399 0.273179
0.324818 0.4525 0.656452
0.476964 0.0755966 0.0377939
0.508705 0.4525 0.145548
0.515935 0.52375 0.174288
0.321551 0.52375 0.482928
0.361268 0.52375 0.409749
0.118429    0.5 0.220726
0.676709 0.837857 0.507759
0.342812 0.52375 0.451404
0.335189 0.52375 0.182502
0.200274 0.4525 0.526079
0.13832 0.52375 0.342745
0.676879 0.719109 0.496342
0.661877 0.157805 0.522238
0.135588 0.478725 0.367784
0.155291 0.48983 0.415519
0.0929565    0.5 0.22563
0.161287 0.46148 0.430029
0.415191 0.902779 0.590049
0.404375 0.52375 0.540213
0.381332 0.52375 0.405768
0.232531 0.794055 0.704016
0.254763 0.52375 0.30219
0.484907 0.431248 0.0345142
0.238368 0.475978 0.616596
0.423215 0.47625 0.487541
0.151303 0.509021 0.223655
0.691317 0.408987 0.46908
0.578952 0.47625 0.473023
0.211057 0.039788 0.675009
0.227033 0.47625 0.564263
0.211567 0.156728 0.676245
0.286029 0.52375 0.572764
0.36477 0.951012 0.636564
0.255853 0.460519 0.129095
0.703053 0.330248 0.509729
0.465799 0.916046 0.569153
0.667019 0.746541 0.473218
0.461572 0.47625 0.478137
0.573894 0.903483 0.550213
0.679344 0.601899 0.519519
0.562769 0.715886 0.529112
0.549201    0.5 0.197295
0.280571 0.47625 0.459155
0.498032 0.47625 0.350633
0.591517 0.808606 0.517241
0.702742 0.889581 0.509857
0.26616 0.49488 0.176229
0.412896 0.47625 0.400557
0.0718628 0.053966 0.213454
0.356156 0.52375 0.42047
0.669651 0.2463 0.472132
0.642811 0.740883 0.496061
0.651925 0.535255 0.479451
0.229051 0.467557 0.654063
0.450923 0.47625 0.372876
0.222607 0.477583 0.65683
0.694727 0.477221 0.47734
0.644662 0.476648 0.356041
0.645515 0.496813 0.533487
0.264835 0.399002 0.680792
0.519245 0.52375 0.268041
0.0661636 0.126065 0.207421
0.53703 0.510955 0.219885
0.469126 0.52375 0.15129
0.575755 0.508621 0.313669
0.0581061 0.499391 0.262244
0.145624    0.5 0.431062
0.160201 0.464574 0.551796
0.148994 0.48725 0.400275
0.195579    0.5 0.164546
0.519737 0.47625 0.46814
0.683949 0.499625 0.451133
0.0647627 0.4525 0.306827
0.254635 0.464469 0.65609
0.414645 0.52375 0.560971
0.352372    0.5 0.10828
0.537352 0.52375 0.363069
0.575391 0.872312 0.549595
0.540263 0.52375 0.230457
0.208468 0.47625 0.418822
0.20693 0.48177 0.663197
0.532571 0.52375 0.445727
0.413204 0.47625 0.539643
0.375531 0.4525 0.0870973
0.439507 0.806047 0.580009
0.519074 0.337821 0.051944
0.0853901 0.453552 0.246213
0.50368 0.52375 0.458728
0.353502 0.476954 0.0887738
0.619918 0.4525 0.420364
0.393441 0.52375 0.424844
0.655699 0.520229 0.507276
0.480863 0.297525 0.0838604
0.280564 0.784658 0.645639
0.229899 0.951925 0.705103
0.499828 0.465211 0.0283529
0.104502    0.5 0.235097
0.466927 0.368139 0.0419384
0.219408 0.316649 0.695234
0.242268 0.47625 0.337476
0.0737047 0.251464 0.217914
0.41907 0.750176 0.614142
0.48525 0.477292 0.0944859
0.0747318 0.477884 0.255375
0.0334404 0.228582 0.220933
0.390525 0.755449 0.600235
0.646139 0.456811 0.481844
0.413521 0.937121 0.616434
0.12174 0.479978 0.334312
0.21457 0.0703189 0.683516
0.309531 0.495546 0.15832
0.512658 0.4697 0.0364054
0.0640886 0.17515 0.208278
0.256607 0.409918 0.694075
0.511726 0.726156 0.575883
0.311031 0.47625 0.517004
0.268373 0.52375 0.527094
0.668478 0.793514 0.485463
0.516283 0.305129 0.0451863
0.581765 0.52375 0.338501
0.345599 0.52375 0.332408
0.353202 0.787222 0.641341
0.624146 0.913794 0.529463
0.481079 0.0531591 0.0843836
0.455377 0.52375 0.467144
0.704851 0.512258 0.501858
0.46474 0.227531 0.0428416
0.383758 0.47625 0.314475
0.537025    0.5 0.201674
0.219667 0.965047 0.695861
0.444517 0.949632 0.603635
0.540263 0.462927 0.103353
0.699501 0.393394 0.511195
0.071757 0.382641 0.213197
0.214417 0.956777 0.660106
0.350084 0.844539 0.616933
0.242809 0.762055 0.686924
0.140977 0.456136 0.380872
0.230967 0.555556 0.653272
0.630212 0.729754 0.501263
0.230855 0.0896026 0.704708
0.582131 0.796074 0.521117
0.486435  0.025 0.0807495
0.0751294 0.0758835 0.221365
0.519441 0.144472 0.0528341
0.46534 0.220643 0.0425938
0.694303 0.851164 0.476312
0.491641 0.52375 0.144815
0.232712 0.68617 0.703941
0.0599863 0.384908 0.261361
0.163129 0.453201 0.167382
0.344252 0.47625 0.212599
0.0863557 0.288159 0.248552
0.127359 0.493237 0.472306
0.281331 0.891854 0.645322
0.431799 0.474154 0.0564432
0.516469 0.232327 0.0728718
0.316704 0.493248 0.617869
0.334098 0.52375 0.551054
0.0694797 0.445645 0.257441
0.626031 0.727309 0.528685
0.173241    0.5 0.194369
0.184863 0.495455 0.487117
0.251074 0.723324 0.647467
0.383402 0.487387 0.0764272
0.661351 0.236978 0.520965
0.469748 0.52375 0.496758
0.217612 0.519547 0.566428
0.281132 0.815819 0.645405
0.657019 0.224138 0.477348
0.220863 0.52375 0.494754
0.669609 0.954898 0.523539
0.26386 0.195507 0.67843
0.246666 0.47625 0.579859
0.237613 0.744317 0.701917
0.244524 0.502122 0.647674
0.334145 0.492774 0.610668
0.61092 0.4525 0.285293
0.193842 0.47625 0.479116
0.34109 0.74267 0.620647
0.600562 0.472151 0.373694
0.391103    0.5 0.108647
0.659658 0.76232 0.516864
0.499461 0.100623 0.0798945
0.655824 0.874044 0.477841
0.215392 0.290062 0.685508
