0.469087 0.43847 0.26648
0.243274 0.438474 0.113108
0.156062 0.438472 0.190387
0.345473 0.369592 0.32901
0.132936 0.140852 0.0785373
0.0789115 0.752208 0.0689901
0.274895 0.438471 0.223929
0.0316258 0.0419329 0.0833711
0.447894 0.304001 0.0924345
0.466001 0.438468 0.361132
0.205325 0.438472 0.198911
0.0379946 0.432123 0.505608
0.474163 0.437266 0.258624
0.377862 0.414453 0.0785444
0.117551 0.369592 0.322676
0.288649 0.369593 0.283589
0.0345028 0.0555309 0.0940741
0.153234 0.369593 0.274959
0.0386736 0.438468 0.343557
0.0664929 0.438061 0.0785452
0.390804 0.369596 0.188669
0.403609 0.369594 0.242232
0.198801 0.940499 0.0346995
0.196423 0.369594 0.271891
0.318965 0.36959 0.408909
0.0753414 0.369593 0.310919
0.481952 0.410637 0.440947
0.0298079 0.389701 0.314898
0.167925 0.164719 0.481885
0.114917 0.438468 0.350886
0.449471 0.265739 0.49097
0.0528295 0.668208 0.0898607
0.291166 0.142999 0.0785374
0.0840081 0.369593 0.297255
0.219015 0.369592 0.314311
0.334595 0.650745 0.0682013
0.473188 0.261775 0.439513
0.029812 0.405439 0.314743
0.46543 0.131516 0.169945
0.0257108 0.413218 0.469032
0.3184 0.511858 0.0768532
0.3533 0.369598  0.112
0.0256363 0.351058 0.0881991
0.362259 0.720481 0.0659923
0.123484 0.541203 0.0770493
0.269926 0.438474 0.113398
0.141173 0.316981 0.490308
0.0514974 0.438465 0.475346
0.237079 0.438468 0.347921
0.0268501 0.346696 0.480408
0.0965094 0.551398 0.0795302
0.0556363 0.450408 0.0959789
0.0952639 0.438467 0.374638
0.0432552 0.328901 0.102259
0.473692 0.369593 0.280125
0.477469 0.385467 0.267697
0.420348 0.555306 0.0856092
0.39089 0.164116 0.481885
0.145753 0.638746 0.0711294
0.0864385 0.316982 0.485881
0.039531 0.166371 0.0687141
0.390372 0.554113 0.0837158
0.480248 0.267518 0.479124
0.0303717 0.335296 0.0738068
0.0702422 0.369588 0.49112
0.407222 0.299717 0.0924344
0.0785696 0.369597 0.147686
0.0367144 0.915227 0.0569969
0.0500032 0.0618323 0.075954
0.313591 0.552614 0.0790084
0.13134 0.836085 0.0472621
0.045314 0.369593 0.275777
0.462718 0.624589 0.0998519
0.475717 0.792692 0.0717173
0.144305 0.300378 0.0785414
0.47653 0.0342689 0.491423
0.46439 0.240166 0.472063
0.459311 0.438467 0.398614
0.248816 0.369589 0.449796
0.03668 0.24304 0.505603
0.258068 0.369598 0.114471
0.207989 0.438469 0.314142
0.0286872 0.422129 0.357058
0.121196 0.529978 0.0772594
0.0830285 0.316981 0.493046
0.410494 0.160061 0.481884
0.426056 0.438472 0.192201
0.328689 0.438467 0.378911
0.215468 0.949109 0.0333357
0.0312511 0.323719 0.476007
0.464577 0.36959 0.404948
0.27818 0.369597 0.124221
0.053613 0.914307 0.0484691
0.322529 0.369598 0.110526
0.47275 0.303659 0.505605
0.48076 0.73149 0.0712469
0.431286 0.438466 0.417472
0.0266623 0.408707 0.433238
0.346272 0.438465 0.464413
0.18226 0.512814 0.0734796
0.473557 0.428368 0.116519
0.343025 0.438469 0.313556
0.307151 0.862133 0.0464933
0.466852 0.438464 0.485867
0.0510494 0.192623 0.100559
0.239658 0.316982 0.487865
0.443157 0.745952 0.0710356
0.347802 0.844946 0.0505376
0.0955675 0.134516 0.09243
0.134527 0.369596 0.175586
0.0476532 0.0362523 0.0760231
0.483012 0.372353 0.0891131
0.12698 0.438468 0.340599
0.443723 0.369595 0.213178
0.427361 0.513966 0.0809293
0.444681 0.925178 0.0404267
0.0545449 0.318191 0.477524
0.0469866 0.131511 0.371357
0.470359 0.369595 0.222711
0.409203 0.438474 0.103528
0.350315 0.133467 0.09243
0.0346661 0.327212 0.472592
0.470319 0.264751 0.44243
0.0971221 0.438473 0.152041
0.477207 0.527656 0.0727423
0.397693 0.297908 0.0785414
0.334253 0.397609 0.0785439
0.167068 0.369594 0.266976
0.0451819 0.369597 0.153793
0.228487 0.438474 0.0981384
0.410508 0.752965 0.0670997
0.473952 0.416479 0.131794
0.473188 0.260975 0.29105
0.0367877 0.315351 0.472064
0.243463 0.859344 0.0399494
0.0591769 0.454536 0.085423
0.430705 0.438473 0.151141
0.479424 0.804903 0.0598536
0.482667 0.220337 0.496125
0.339885 0.369588 0.469857
0.466843 0.263146 0.505604
0.0539431 0.175776 0.476918
0.232172 0.652212 0.0724982
0.310219 0.422361 0.0785447
0.0285041 0.443014 0.095306
0.480211 0.427249 0.373652
0.415527 0.369593 0.289856
0.19741 0.369588 0.483006
0.212947 0.622429 0.0757268
0.0256363 0.242555 0.0893096
0.421019 0.36959 0.41351
0.285975 0.751919 0.0538629
0.252198 0.303089 0.484687
0.221881 0.369593 0.307866
0.378547 0.369592 0.317008
0.478139 0.638544 0.0925972
0.483012 0.137913 0.482184
0.476873 0.129917 0.0725501
0.0539945 0.859426 0.0476269
0.123776 0.438467 0.364235
0.0702634 0.369591 0.350335
0.352708 0.438469 0.293955
0.370447 0.848292 0.0513104
0.196524 0.823472 0.047732
0.166039 0.369589 0.451265
0.317028 0.310466 0.495782
0.39295 0.369588 0.495824
0.114573 0.369597 0.137735
0.147691 0.138201 0.0924302
0.172203 0.75129 0.0618016
0.474768 0.909943 0.0394319
0.479306 0.18833 0.0748329
0.477398 0.359024 0.0729286
0.142244 0.438465 0.461837
0.443447 0.555306 0.0879411
0.476995 0.378177 0.249388
0.0318972 0.253067 0.0986943
0.0343527 0.395779 0.143915
0.482934 0.265208 0.481809
0.0581504 0.363674 0.0775165
0.456899 0.438467 0.393292
0.451646 0.54699 0.0946155
0.0368582 0.874499 0.0400308
0.428304 0.438472 0.198609
0.295998 0.740601 0.0616581
0.431318 0.438472 0.197892
0.212336 0.520282 0.0725092
0.456987 0.438468 0.340941
0.28336 0.438475 0.0834184
0.479616 0.794406 0.0621575
0.289956 0.369588 0.480932
0.271025 0.956076 0.0320888
0.0670491 0.962913 0.0408344
0.201906 0.438471 0.239546
0.449471 0.193157 0.085601
0.368008 0.838613 0.0523428
0.364665 0.438465 0.450528
0.395643 0.295528 0.0924343
0.349051 0.167775 0.481885
0.481135 0.178845 0.0766607
0.231464 0.311231 0.481889
0.430202 0.551384 0.0811914
0.248354 0.438465 0.476174
0.380888 0.839433 0.0471759
0.322331 0.369594 0.24926
0.473188 0.253833 0.280691
0.159671 0.397168 0.505608
0.460214 0.131516 0.131819
0.05652 0.373974 0.498173
0.442015 0.438473 0.155252
0.377777 0.530508 0.0763698
0.245298 0.438464 0.502056
0.474659 0.437058 0.274487
0.373701 0.43847 0.246966
0.392198 0.432822 0.078545
0.195276 0.420934 0.505608
0.476745 0.59542 0.0722821
0.206529 0.757812 0.0533871
0.319013 0.369599 0.0814481
0.285777 0.369598 0.0981193
0.293923 0.369597 0.14532
0.135011 0.627563 0.0794848
0.132916 0.43847 0.274009
0.14904 0.145413 0.0810869
0.296316 0.369588 0.479895
0.0259852 0.584099 0.0927906
0.0361779 0.264752 0.411659
0.263505 0.369596 0.182415
0.217736 0.438467 0.36389
0.217124 0.43847 0.268907
0.140173 0.536159 0.0817176
0.478057 0.79481 0.0544095
0.459295 0.255495 0.353325
0.173347 0.369596 0.179152
0.482098 0.221515 0.0776258
0.477318 0.416158 0.261867
0.232675 0.940996 0.0340753
0.217644 0.438472 0.167054
0.0646446 0.764233 0.0656657
0.0771038 0.13152 0.0855227
0.0473898 0.26475 0.46609
0.298162 0.369597 0.140833
0.31998 0.369589 0.440367
0.31171 0.369596 0.184671
0.185617 0.539073 0.073314
0.40712 0.389291 0.505607
0.0327391 0.387125 0.503154
0.344476 0.438466 0.405952
0.475443 0.379817 0.189389
0.406364 0.512553 0.0789983
0.389131 0.438469 0.297473
0.457023 0.539392 0.0709954
0.40493 0.414264 0.0785444
0.215074 0.294436 0.0861589
0.136946 0.316981 0.491694
0.0429218 0.527924 0.102264
0.049095 0.134626 0.459373
0.12539 0.369596 0.162615
0.451113 0.346417 0.480247
0.0568283 0.292713 0.497862
0.146626 0.438472 0.200186
0.0475415 0.208756 0.472062
0.0431136 0.384145 0.0687199
0.0368994 0.250865 0.176636
0.394107 0.133305 0.09243
0.129683 0.438468 0.337306
0.441592 0.369593 0.291509
0.249152 0.156574 0.485849
0.480399 0.0924555 0.490561
0.45494 0.438468 0.337308
0.406825 0.553039 0.0852305
0.0453452 0.165602 0.472061
0.043501 0.643655 0.0645023
0.465054 0.810817 0.0733203
0.366645 0.303089 0.486377
0.0451107 0.294966 0.505605
0.388191 0.729486 0.0679756
0.408384 0.429717 0.0785449
0.459295 0.25696 0.401859
0.298559 0.369588 0.493245
0.261252 0.419836 0.0785446
0.119358 0.524333 0.0836155
0.0875556 0.369592 0.328465
0.0851578 0.438468 0.323183
0.350063 0.861941 0.0485036
0.112346 0.3059 0.495781
0.0312069 0.24012 0.0980037
0.239715 0.418832 0.505608
0.34225 0.43847 0.276308
0.365999 0.511858 0.0763472
0.481107 0.332376 0.479984
0.323147 0.637036 0.0693614
0.0383043 0.250863 0.262068
0.116608 0.369596 0.190434
0.153364 0.369594 0.247332
0.168169 0.438464 0.496185
0.0434941 0.304873 0.0687178
0.461349 0.816372 0.0454749
0.0285718 0.769359 0.0681181
0.2892 0.43847 0.26565
0.31905 0.438471 0.23982
0.0539884 0.71395 0.0623655
0.480938 0.397798 0.401762
0.0492406 0.137147 0.257801
0.213201 0.929618 0.0358352
0.24417 0.36959 0.423493
0.234732 0.438469 0.311893
0.441241 0.826794 0.0606737
0.0912801 0.858589 0.0544256
0.0608499 0.313673 0.481889
0.0298715 0.840684 0.0562802
0.026367 0.609822 0.0774099
0.240328 0.13152 0.0893617
0.304722 0.438471 0.213667
0.347253 0.538637 0.0745136
0.415506 0.369589 0.457931
0.215317 0.438469 0.282955
0.413521 0.825354 0.0520145
0.296621 0.170468 0.486588
0.118763 0.866926 0.045036
0.0347153 0.437732 0.218039
0.0982812 0.740681 0.0623907
0.473851 0.757895 0.0788685
0.449471 0.133873 0.490776
0.240955 0.38687 0.505607
0.366252 0.369596 0.16625
0.481866 0.37952 0.43759
0.261073 0.438468 0.339446
0.479547 0.420983 0.347996
0.0315196 0.385823 0.250499
0.0331848 0.0425125 0.0915613
0.105773 0.438475 0.0928864
0.343486 0.438471 0.216977
0.300217 0.369597 0.157671
0.476513 0.389989 0.230739
0.0534477 0.438473 0.138834
0.0745108 0.438472 0.186035
0.472162 0.264754 0.332459
0.0346196 0.212256 0.101416
0.186204 0.16441 0.495778
0.0354576 0.369594 0.269981
0.479239 0.384422 0.336096
0.150953 0.369591 0.369169
0.0334461 0.535937 0.10025
0.321274 0.369593 0.298609
0.172879 0.30332 0.0785415
0.0505792 0.369589 0.449803
0.104086 0.438468 0.327186
0.359844 0.438466 0.436839
0.289646 0.369588 0.476192
0.180725 0.406501 0.505608
0.459295 0.140726 0.238147
0.0491308 0.263091 0.409781
0.393513 0.929066 0.0351123
0.403283 0.755372 0.0661194
0.481995 0.29198 0.480871
0.0328828 0.306815 0.474374
0.0495832 0.43847 0.245505
0.228853 0.438471 0.229989
0.449471 0.206473 0.487703
0.0500889 0.378075 0.101524
0.034122 0.282584 0.473135
0.229655 0.438468 0.341291
0.454383 0.333705 0.476977
0.152198 0.438473 0.151842
0.229082 0.139433 0.0924302
0.0844875 0.369598 0.0944865
0.45922 0.0258477 0.0787866
0.35994 0.369596 0.172397
0.416583 0.726415 0.0647727
0.0256363 0.284129 0.0868929
0.403773 0.43847 0.250964
0.121082 0.300022 0.0785414
0.0521218 0.384193 0.0994916
0.326167 0.651782 0.0738581
0.134735 0.438473 0.129825
0.471323 0.115869 0.101201
0.43311 0.438468 0.324836
0.481574 0.416776 0.426318
0.0333584 0.205577 0.503768
0.0375568 0.264757 0.219874
0.144014 0.369598 0.0879753
0.457433 0.0341754 0.0798169
0.123741 0.422637 0.505608
0.476391 0.347156 0.475268
0.351981 0.438464 0.497979
0.31276 0.312328 0.481889
0.242815 0.850393 0.0472911
0.0713549 0.527173 0.0880347
0.138304 0.866967 0.0453648
0.230492 0.546653 0.0722104
0.466212 0.209478 0.102256
0.431546 0.170468 0.494721
0.0348612 0.85666 0.043847
0.483012 0.555739 0.0803668
0.198799 0.653181 0.0667307
0.0401189 0.288436 0.0687173
0.475656 0.193196 0.474529
0.0317731 0.945055 0.0390253
0.470965 0.264759 0.154952
0.195789 0.635985 0.0751912
0.105902 0.956311 0.0325421
0.0355277 0.311732 0.102258
0.389193 0.438473 0.142119
0.150668 0.755649 0.0623225
0.29196 0.305148 0.0785415
0.205292 0.369597 0.145205
0.247326 0.369589 0.434576
0.274471 0.3926 0.0785438
0.48162 0.387679 0.428101
0.215165 0.438464 0.487153
0.0357131 0.149308 0.47206
0.0757085 0.387418 0.0785436
0.052683 0.539277 0.0989344
0.478293 0.738056 0.0773821
0.060227 0.513208 0.0828661
0.478665 0.380882 0.313904
0.0270268 0.399903 0.419526
0.187259 0.761194 0.0598015
0.480521 0.36959 0.418142
0.155387 0.858868 0.0490508
0.259155 0.438473 0.157275
0.0345541 0.250663 0.472702
0.372443 0.369593 0.300362
0.19399 0.429786 0.0785449
0.209907 0.416573 0.505608
0.348556 0.369598 0.092318
0.0285131 0.416484 0.363606
0.0558855 0.645832 0.0900613
0.162908 0.165014 0.481885
0.284215 0.438466 0.420295
0.457944 0.891743 0.0591375
0.127024 0.369594 0.259901
0.302047 0.841109 0.0428651
0.108117 0.144049 0.0785374
0.0631663 0.36959 0.42105
0.470969 0.369589 0.436404
0.196373 0.438469 0.29029
0.336148 0.161444 0.481884
0.158393 0.438473 0.157912
0.419133 0.145414 0.0797392
0.214953 0.924823 0.0302126
0.178958 0.145413 0.0836019
0.464652 0.818547 0.0452353
0.0463525 0.340276 0.505606
0.351475 0.369592 0.320082
0.0276871 0.435109 0.394684
0.0493087 0.256057 0.163459
0.0385656 0.138329 0.0687134
0.208171 0.438471 0.235268
0.0483164 0.475621 0.102263
0.483012 0.568091 0.0788917
0.336771 0.36959 0.414742
0.154101 0.438466 0.414096
0.425661 0.294436 0.0900888
0.0626904 0.924529 0.0406269
0.0358957 0.837537 0.0447456
0.2073 0.308329 0.0817451
0.475173 0.413388 0.178969
0.423236 0.383597 0.0785435
0.0377712 0.329098 0.472065
0.45378 0.11474 0.095143
0.0926722 0.156574 0.494709
0.319417 0.841985 0.0432896
0.352817 0.438473 0.148585
0.426611 0.369596 0.173944
0.398299 0.369591 0.365394
0.287079 0.316982 0.485077
0.480038 0.771063 0.0643854
0.429639 0.369587 0.503104
0.179072 0.866744 0.0435887
0.409619 0.410797 0.0785443
0.483012 0.269313 0.0862593
0.213914 0.646661 0.0735019
0.193925 0.919841 0.0374919
0.0576799 0.162966 0.0939277
0.0482269 0.369591 0.374492
0.153744 0.438466 0.439145
0.206536 0.54946 0.0726056
0.453809 0.0669945 0.491463
0.0812355 0.838706 0.0516371
0.159573 0.369591 0.377859
0.253031 0.369591 0.350944
0.244507 0.438469 0.321603
0.445932 0.737209 0.0723954
0.167425 0.438466 0.424588
0.251564 0.952425 0.0323189
0.0571323 0.719494 0.0659374
0.0576555 0.401274 0.0770226
0.15024 0.411177 0.0785443
0.47122 0.438467 0.389328
0.462274 0.131509 0.450988
0.0327427 0.379376 0.204487
0.354859 0.652186 0.075235
0.194047 0.438472 0.189634
0.48062 0.396418 0.389473
0.163352 0.438471 0.214248
0.19323 0.369597 0.144901
0.300309 0.751368 0.0603696
0.102049 0.433761 0.505608
0.195312 0.401046 0.505608
0.454976 0.759653 0.0755613
0.271258 0.43847 0.246845
0.0256363 0.335615 0.080496
0.153884 0.369598 0.114816
0.19898 0.369591 0.384124
0.350175 0.438466 0.441338
0.35031 0.138792 0.0785372
0.069499 0.369589 0.459231
0.457802 0.352469 0.100767
0.380404 0.762146 0.0568859
0.054958 0.173932 0.477933
0.0591769 0.481229 0.085611
0.268477 0.438467 0.377278
0.289207 0.852855 0.0411682
0.467415 0.13151 0.427918
0.322093 0.369596 0.18048
0.190739 0.294436 0.0837375
0.262833 0.369595 0.210327
0.33965 0.369592 0.336153
0.310181 0.369593 0.309406
0.279259 0.959391 0.0318065
0.483012 0.268181 0.0899579
0.454322 0.598925 0.0736987
0.12718 0.852951 0.0455232
0.158598 0.928483 0.0319532
0.0518635 0.369589 0.452448
0.203044 0.369589 0.44698
0.472481 0.145408 0.209825
0.273213 0.837943 0.0489859
0.152596 0.949866 0.0295519
0.441912 0.438473 0.133485
0.0559937 0.438468 0.356303
0.186185 0.438466 0.440765
0.225007 0.369592 0.34442
0.182872 0.43847 0.260276
0.389024 0.535751 0.0835912
0.469181 0.16384 0.0687141
0.425022 0.369591 0.386128
0.483012 0.393513 0.491589
0.388951 0.867069 0.0461703
0.0396895 0.264759 0.131153
0.184932 0.369597 0.140783
0.203807 0.308329 0.0917052
0.316287 0.438473 0.142036
0.247352 0.438474 0.106312
0.0589097 0.207592 0.484081
0.0589097 0.152113 0.488232
0.290472 0.438468 0.322957
0.286207 0.378196 0.0785434
0.157806 0.424432 0.505608
0.459295 0.252115 0.264081
0.438605 0.13152 0.0821037
0.375235 0.438468 0.330949
0.0912078 0.549243 0.0800177
0.132774 0.86538 0.0434274
0.244878 0.918098 0.0327452
0.295467 0.845229 0.0484346
0.401601 0.761025 0.0652479
0.0502792 0.485262 0.0696488
0.376103 0.306698 0.495781
0.0412174 0.242107 0.472063
0.135416 0.52938 0.0759517
0.058296 0.655335 0.0736418
0.209762 0.438466 0.432154
0.376531 0.438469 0.289638
0.242455 0.438474 0.114461
0.0430674 0.7986 0.0750611
0.247735 0.732993 0.0558367
0.325877 0.949772 0.0280578
0.299212 0.369591 0.366525
0.476062 0.323004 0.502731
0.0591769 0.19578 0.0905132
0.483012 0.19319 0.495186
0.0544452 0.0644791 0.493608
0.2228 0.927332 0.0359648
0.453177 0.219259 0.0748334
0.436506 0.438464 0.48394
0.405669 0.862494 0.046594
0.159572 0.438465 0.458251
0.462383 0.369593 0.2946
0.148741 0.438475 0.0857368
0.0353049 0.134368 0.3169
0.35107 0.541292 0.0747027
0.0368744 0.775234 0.0783443
0.458355 0.670447 0.0920962
0.146751 0.438466 0.408693
0.0265162 0.297425 0.0776614
0.0336126 0.399082 0.171757
0.457173 0.968492 0.0470709
0.136494 0.369592 0.324596
0.0394417 0.218136 0.0687155
0.378143 0.369588 0.471105
0.0995201 0.756364 0.0603001
0.426239 0.426366 0.0785448
0.273031 0.369597 0.158591
0.419776 0.653124 0.0805519
0.478195 0.868302 0.0470984
0.387525 0.438469 0.3155
0.0364429 0.778045 0.0774829
0.360751 0.369589 0.436124
0.260645 0.369596 0.19574
0.338858 0.369591 0.349894
0.0512933 0.580444 0.100325
0.227988 0.554004 0.0784027
0.388316 0.438474 0.116561
0.216174 0.438469 0.309541
0.246308 0.953872 0.0322232
0.0762653 0.756665 0.0686767
0.210773 0.438466 0.424988
0.296719 0.523417 0.0786662
0.420266 0.308329 0.0853897
0.468896 0.974867 0.0488926
0.477476 0.269586 0.501316
0.0411875 0.446401 0.0687215
0.473741 0.377335 0.123619
0.0574558 0.109775 0.489081
0.206041 0.306451 0.481888
0.461743 0.190853 0.505602
0.359236 0.749336 0.0631823
0.0499094 0.104684 0.475421
0.224224 0.369588 0.466389
0.369042 0.834876 0.0528725
0.197693 0.369592 0.336353
0.29777 0.395968 0.0785439
0.0822791 0.369589 0.438171
0.0836287 0.438472 0.167396
0.033912 0.280478 0.10071
0.0340056 0.430764 0.156974
0.471982 0.250865 0.161006
0.0491513 0.252984 0.381316
0.105443 0.316981 0.492537
0.39136 0.369587 0.505149
0.353368 0.631693 0.0715447
0.186302 0.438469 0.321416
0.363049 0.369593 0.29945
0.184205 0.438466 0.429702
0.298639 0.169795 0.495778
0.154469 0.921482 0.0330436
0.16034 0.43847 0.275226
0.387572 0.438466 0.403625
0.424568 0.930413 0.0440233
0.431672 0.369598 0.102253
0.035379 0.136185 0.214286
0.473249 0.369589 0.430228
0.479666 0.598589 0.0957883
0.46394 0.381052 0.472066
0.0373986 0.382318 0.472066
0.400393 0.438474 0.118587
0.222657 0.438465 0.444442
0.463006 0.438466 0.402764
0.451959 0.701702 0.0663215
0.0251765 0.41303 0.489134
0.33059 0.369594 0.260481
0.0351564 0.217344 0.472099
0.0607632 0.369591 0.352133
0.0253691 0.137679 0.487791
0.425659 0.664708 0.0796366
0.316494 0.861506 0.0406782
0.261886 0.369593 0.30208
0.476612 0.386874 0.23456
0.416302 0.438469 0.307284
0.0438463 0.438464 0.496159
0.107956 0.438471 0.217779
0.0974542 0.369594 0.242348
0.427201 0.934181 0.0437922
0.459175 0.46897 0.102143
0.363023 0.156574 0.485101
0.0368675 0.250858 0.450279
0.475945 0.437166 0.497733
0.452712 0.957858 0.0431871
0.358301 0.43847 0.248124
0.437148 0.170468 0.493438
0.391573 0.438466 0.415039
0.262382 0.369594 0.24886
0.427727 0.738913 0.0642364
0.175971 0.294436 0.0865271
0.371602 0.763681 0.0621044
0.246005 0.751578 0.0535181
0.474643 0.3722 0.504152
0.340139 0.162976 0.495777
0.466548 0.14541 0.133317
0.288502 0.438472 0.176097
0.355695 0.315101 0.481889
0.320385 0.438467 0.366965
0.125574 0.633523 0.0733716
0.442825 0.626189 0.0798418
0.109282 0.13152 0.0898012
0.380539 0.438464 0.494452
0.031333 0.321699 0.0981319
0.2683 0.511858 0.0725341
0.276128 0.296865 0.0924344
0.310806 0.938512 0.0287681
0.47387 0.40974 0.128605
0.461517 0.227223 0.0687157
0.0439988 0.335628 0.102259
0.37626 0.316981 0.49342
0.290054 0.369589 0.462611
0.477597 0.260143 0.0978485
0.479607 0.429621 0.350304
0.32621 0.369598 0.117601
0.0782594 0.438466 0.417011
0.243089 0.720136 0.0575379
0.0308264 0.893446 0.0507671
0.190127 0.369596 0.16559
0.123627 0.511858 0.0809396
0.0418201 0.264757 0.223529
0.217554 0.438475 0.0811739
0.301661 0.747994 0.0608182
0.46605 0.763375 0.0800797
0.02979 0.192108 0.0965854
0.0585564 0.506434 0.0930602
0.403271 0.438468 0.331602
0.454143 0.0615784 0.485234
0.026136 0.255462 0.496547
0.363366 0.369595 0.21396
0.468347 0.131514 0.250078
0.46952 0.369595 0.233072
0.474263 0.443138 0.0697963
0.271855 0.836201 0.0429831
0.457907 0.870475 0.062227
0.381448 0.369596 0.169121
0.376126 0.369598 0.0953211
0.364384 0.145413 0.0837244
0.461058 0.214365 0.0687154
0.0591769 0.514547 0.0912649
0.462995 0.0388711 0.499414
0.299793 0.43847 0.242847
0.443802 0.369593 0.295278
0.387877 0.162121 0.495777
0.175501 0.438469 0.310751
0.40647 0.867123 0.0466006
0.477953 0.422311 0.286414
0.474307 0.346482 0.0698379
0.471527 0.348874 0.102259
0.153942 0.852456 0.0499325
0.350201 0.654169 0.0685478
0.0556723 0.369594 0.269175
0.415243 0.867789 0.0518702
0.187044 0.170468 0.487547
0.16042 0.544974 0.074562
0.0256363 0.237808 0.0903864
0.0326753 0.287484 0.474582
0.3343 0.438467 0.37283
0.0930313 0.952715 0.0404529
0.173116 0.37953 0.0785434
0.0344244 0.583217 0.0697606
0.483012 0.322331 0.492662
0.238089 0.43847 0.265032
0.0442207 0.698938 0.058412
0.268811 0.855076 0.0405487
0.318322 0.369588 0.46299
0.0618655 0.372526 0.505607
0.0591327 0.609312 0.0799173
0.0573663 0.757193 0.0703791
0.0591769 0.243682 0.0834091
0.106322 0.369594 0.258724
0.177885 0.135671 0.0924301
0.271341 0.369591 0.355991
0.200464 0.316982 0.486976
0.0359882 0.974368 0.0448786
0.301819 0.512749 0.0787498
0.46477 0.250862 0.276127
0.449471 0.205349 0.0847048
0.449508 0.609131 0.0814484
0.299486 0.438471 0.212042
0.353837 0.438467 0.394762
0.0318517 0.0346376 0.487889
0.292578 0.369588 0.490968
0.455024 0.0888923 0.0939285
0.37271 0.369596 0.161413
0.0334196 0.411716 0.0707609
0.441044 0.369597 0.147521
0.0355591 0.746257 0.0543378
0.426736 0.962107 0.0344667
0.353525 0.369596 0.178271
0.0283585 0.087045 0.486609
0.451255 0.706174 0.0751778
0.385559 0.438471 0.214139
0.0401659 0.84217 0.0688545
0.38769 0.918879 0.0389345
0.469233 0.438467 0.362346
0.10359 0.370248 0.505607
0.450858 0.330767 0.497169
0.377552 0.438474 0.115779
0.31061 0.438469 0.288699
0.449471 0.597953 0.0886538
0.22761 0.308224 0.481888
0.0483712 0.272317 0.472063
0.0270434 0.410642 0.4189
0.163781 0.438474 0.104494
0.314315 0.438474 0.112018
0.364987 0.410146 0.505608
0.138065 0.438464 0.497239
0.202306 0.369596 0.196824
0.0749281 0.937206 0.0441173
0.273974 0.369588 0.496776
0.206787 0.388668 0.0785437
0.35168 0.918204 0.0335929
0.229159 0.369596 0.187601
0.302633 0.369594 0.264188
0.129882 0.838832 0.0470522
0.0484448 0.0659949 0.477615
0.31895 0.43847 0.275621
0.264037 0.369594 0.258746
0.22901 0.369598 0.120464
0.162637 0.369591 0.384277
0.0491308 0.136528 0.409709
0.135678 0.369599 0.0831675
0.116925 0.438473 0.149624
0.0313364 0.0696296 0.495881
0.455128 0.918645 0.0423746
0.413446 0.854964 0.0482764
0.101139 0.541038 0.0791043
0.173664 0.431331 0.078545
0.25336 0.369595 0.213721
0.145668 0.957724 0.0351085
0.229645 0.438465 0.454485
0.197053 0.438475 0.0817452
0.0322874 0.398991 0.221615
0.288869 0.860479 0.0463991
0.0589097 0.13381 0.491917
0.0457256 0.330829 0.505606
0.401072 0.36959 0.399294
0.0944623 0.438469 0.317069
0.309276 0.438473 0.147319
0.0562006 0.386288 0.498492
0.45242 0.770652 0.0692754
0.320106 0.438467 0.377119
0.110733 0.156574 0.492768
0.215456 0.145413 0.0813302
0.39953 0.411482 0.505608
0.435904 0.145414 0.0788381
0.335199 0.438467 0.382801
0.221175 0.844654 0.0483747
0.434234 0.438468 0.34986
0.387971 0.545362 0.0834946
0.341969 0.938913 0.0302324
0.46092 0.366418 0.10226
0.0654203 0.64652 0.0773198
0.476812 0.0386066 0.086464
0.151981 0.43711 0.503886
0.0578143 0.369588 0.479082
0.0725002 0.432289 0.078545
0.435657 0.531901 0.0878842
0.0415129 0.101297 0.503568
0.0579533 0.363521 0.480933
0.483012 0.399725 0.0857423
0.393846 0.438471 0.216907
0.230636 0.932926 0.0289285
0.423775 0.9401 0.0365767
0.0348471 0.97007 0.0323639
0.437621 0.438472 0.199013
0.0829548 0.438471 0.208012
0.0613814 0.438467 0.372498
0.350779 0.156574 0.491333
0.0494993 0.932521 0.0356999
0.0544839 0.485251 0.0971321
0.476056 0.412358 0.213092
0.27793 0.759583 0.0527612
0.407615 0.394126 0.505608
0.478762 0.424377 0.317672
0.13969 0.520739 0.075588
0.273378 0.928246 0.0356428
0.367734 0.369594 0.240038
0.129555 0.369592 0.321707
0.211014 0.308329 0.0838082
0.175469 0.369594 0.248071
0.329854 0.438471 0.221899
0.0591769 0.347778 0.0878839
0.0301052 0.539483 0.0740787
0.26493 0.369594 0.250313
0.443753 0.438475 0.0965363
0.118335 0.649347 0.0782859
0.0781524 0.36959 0.394835
0.0869138 0.306096 0.495781
0.267613 0.369589 0.426756
0.0787127 0.438468 0.326122
0.105362 0.438465 0.443483
0.325839 0.726054 0.064461
0.052812 0.040319 0.48698
0.428419 0.369815 0.505607
0.267897 0.438469 0.307122
0.308249 0.369598 0.100338
0.433848 0.935075 0.0442984
0.268208 0.643708 0.0672349
0.183789 0.438466 0.429358
0.0280792 0.291144 0.0948771
0.0362681 0.250863 0.267442
0.482254 0.434023 0.452607
0.0505698 0.0260625 0.0910668
0.453122 0.203482 0.49943
0.122774 0.303088 0.490685
0.344137 0.369592 0.348023
0.449471 0.569521 0.0873946
0.483012 0.312874 0.0791188
0.450672 0.673582 0.0757219
0.128931 0.369596 0.166996
0.0356895 0.131511 0.357884
0.0350242 0.436466 0.158905
0.351404 0.866391 0.0418037
0.396282 0.316981 0.48973
0.195467 0.315805 0.481889
0.0540779 0.888509 0.0503451
0.142252 0.430621 0.0785449
0.037182 0.131514 0.240359
0.253623 0.141259 0.0924303
0.0940597 0.438472 0.192096
0.0589097 0.21889 0.493911
0.120088 0.170468 0.487748
0.206558 0.438471 0.211077
0.0269882 0.376889 0.420978
0.203518 0.94683 0.0276232
0.478844 0.0751504 0.483025
0.042725 0.335376 0.472065
0.0353181 0.283116 0.472064
0.198689 0.857058 0.0471808
0.241399 0.438469 0.300518
0.479533 0.427167 0.347458
0.313189 0.532383 0.0789881
0.0493441 0.934198 0.0542687
0.0535335 0.174324 0.0980744
0.475638 0.370194 0.196946
0.199564 0.369594 0.264493
0.355675 0.721455 0.0603226
0.469909 0.344759 0.505606
0.163168 0.411125 0.505608
0.426387 0.438473 0.123848
0.041313 0.264752 0.404201
0.47139 0.369597 0.152598
0.483012 0.366662 0.0797656
0.473188 0.132244 0.429277
0.366455 0.541192 0.081618
0.0273553 0.43195 0.407166
0.459295 0.252576 0.151086
0.0784709 0.369596 0.164325
0.31352 0.369598 0.117464
0.262226 0.369589 0.459787
0.234421 0.369591 0.366372
0.394119 0.633827 0.0743581
0.42464 0.438474 0.106874
0.470352 0.250865 0.171199
0.475797 0.0458268 0.0915359
0.477404 0.702515 0.0631098
0.0584401 0.312165 0.496251
0.45618 0.0662823 0.0780288
0.0624812 0.170468 0.493484
0.449471 0.241362 0.0857914
0.0863149 0.438466 0.41219
0.45173 0.278307 0.0946925
0.202192 0.549978 0.0726773
0.381638 0.438465 0.452079
0.189583 0.438472 0.175015
0.112028 0.438465 0.442815
0.416814 0.438469 0.321827
0.401254 0.137061 0.0924301
0.423399 0.438468 0.342586
0.160803 0.438471 0.213817
0.139653 0.654972 0.0755907
0.459295 0.136066 0.434368
0.32402 0.864728 0.0468558
0.198316 0.304211 0.0924345
0.391437 0.369596 0.180089
0.0691334 0.170468 0.485458
0.0661461 0.515702 0.0885139
0.0329644  0.652 0.0665019
0.474316 0.411249 0.145843
0.0281137 0.744115 0.071373
0.0888437 0.749229 0.0621967
0.0257885 0.380886 0.466111
0.398208 0.29546 0.0924343
0.0345913 0.416883 0.13494
0.459295 0.140289 0.212293
0.325101 0.369598 0.104456
0.407529 0.403483 0.505608
0.149222 0.403222 0.0785441
0.340451 0.394893 0.505608
0.404361 0.438471 0.21205
0.252024 0.952786 0.0260648
0.243886 0.132639 0.0785369
0.305742 0.438465 0.468664
0.0439922 0.483858 0.0687225
0.0387782 0.239625 0.102257
0.349415 0.438473 0.152943
0.298256 0.377739 0.0785433
0.391083 0.438469 0.289662
0.478702 0.309804 0.096745
0.275568 0.369591 0.364344
0.0474199 0.13151 0.427408
0.051281 0.438468 0.346656
0.0473299 0.942167 0.0546055
0.0451038 0.813989 0.0457374
0.362186 0.438467 0.39538
0.412858 0.724462 0.0709115
0.121636 0.636351 0.0733798
0.482632 0.407715 0.467193
0.039296 0.943163 0.031507
0.418366 0.541684 0.0801027
0.437618 0.43847 0.282233
0.0541494 0.881127 0.0455833
0.275438 0.13152 0.0799805
0.37343 0.369599 0.0829905
0.268044 0.373684 0.0785432
0.483012 0.396933 0.0895727
0.0466924 0.811479 0.073225
0.0493269 0.254333 0.138305
0.162512 0.160114 0.481884
0.39031 0.627705 0.0810162
0.463996 0.264757 0.208827
0.0832282 0.960021 0.0342176
0.172276 0.369598 0.0974423
0.478275 0.867722 0.0473368
0.38146 0.947672 0.0378394
0.119287 0.650545 0.0718049
0.0969916 0.369595 0.218225
0.150515 0.395742 0.0785439
0.241908 0.438465 0.461623
0.483012 0.196358 0.0879293
0.138083 0.852334 0.050811
0.465586 0.0480136 0.0742928
0.18611 0.294436 0.090758
0.305344 0.369588 0.47293
0.0960738 0.840285 0.050046
0.128262 0.369591 0.354366
0.419314 0.369592 0.325279
0.450641 0.237498 0.0773698
0.0825317 0.438475 0.0814509
0.204091 0.438475 0.0939722
0.353084 0.852455 0.0498519
0.468697 0.26475 0.456241
0.338223 0.369598 0.111671
0.18658 0.425084 0.505608
0.0651874 0.438472 0.178796
0.476297 0.262555 0.502495
0.467893 0.325803 0.472065
0.306418 0.921963 0.036984
0.0421189 0.264752 0.381316
0.05427 0.438465 0.459487
0.382142 0.438467 0.363272
0.483012 0.483968 0.0792756
0.0253691 0.205648 0.495675
0.305902 0.307501 0.0785416
0.381854 0.438464 0.500694
0.476009 0.435687 0.233628
0.0998143 0.438465 0.450219
0.476044 0.395529 0.21264
0.43207 0.438468 0.347317
0.43943 0.438467 0.372267
0.0565162 0.610995 0.0753423
0.473188 0.259831 0.430204
0.0327997 0.373388 0.20234
0.293572 0.373007 0.0785432
0.221762 0.438467 0.393022
0.233094 0.369593 0.276687
0.107564 0.438467 0.398977
0.278475 0.438464 0.501316
0.0839322 0.922391 0.0451329
0.15089 0.438467 0.383382
0.361645 0.369597 0.1498
0.170222 0.36959 0.396523
0.473517 0.145099 0.472389
0.190826 0.294436 0.0919042
0.209494 0.369597 0.149851
0.386391 0.545063 0.0833491
0.286592 0.438474 0.107768
0.442945 0.656647 0.0822614
0.0256363 0.178871 0.0911809
0.298211 0.304833 0.481888
0.306684 0.369598 0.103854
0.479614 0.425835 0.350579
0.087584 0.555306 0.0811641
0.0338665 0.369591 0.381176
0.149785 0.389432 0.0785437
0.222257 0.385469 0.0785436
0.027653 0.38269 0.395965
0.0490914 0.254658 0.464369
0.158923 0.536649 0.0746359
0.463454 0.369588 0.477384
0.0832828 0.525582 0.0869366
0.158557 0.852288 0.0435194
0.0339094 0.38455 0.504324
0.0404505 0.249621 0.102257
0.376096 0.369594 0.239682
0.0354554 0.258765 0.108528
0.283308 0.308329 0.0863837
0.329151 0.438473 0.158484
0.0354033 0.135353 0.180551
0.093406 0.438469 0.294172
0.0382716 0.689289 0.0906362
0.341566 0.309309 0.481888
0.0313848 0.395262 0.255571
0.450435 0.640652 0.0740394
0.448154 0.369589 0.441585
0.202817 0.369596 0.16838
0.0260829 0.400964 0.455037
0.472138 0.0408477 0.0762377
0.285496 0.170468 0.494249
0.386392 0.729252 0.067837
0.0557221 0.602349 0.0750946
0.467049 0.445358 0.102262
0.047012 0.438469 0.299998
0.0564941 0.559096 0.0758654
0.24441 0.369597 0.146179
0.0253691 0.166994 0.491528
0.0306385 0.369588 0.467855
0.0492627 0.133939 0.227182
0.294831 0.369596 0.166575
0.451358 0.125911 0.480529
0.178103 0.316981 0.491751
0.180342 0.369591 0.354456
0.380863 0.438464 0.49556
0.0476487 0.26475 0.460374
0.108362 0.369595 0.220429
0.0460005 0.36959 0.411276
0.176884 0.740678 0.0567011
0.0319624 0.506454 0.0722206
0.350964 0.646075 0.075813
0.462572 0.22051 0.472062
0.460073 0.369596 0.17259
0.372913 0.369597 0.127435
0.297615 0.369595 0.230012
0.46841 0.663766 0.0622867
0.464236 0.275125 0.505604
0.109263 0.845458 0.0543917
0.360182 0.438473 0.151026
0.0967458 0.303088 0.49346
0.26475 0.830826 0.0435438
0.083059 0.438473 0.124282
0.0762012 0.438466 0.438373
0.216692 0.933043 0.0291456
0.112534 0.369587 0.505439
0.475109 0.416465 0.176483
0.0810438 0.919367 0.0428029
0.0424434 0.131513 0.268728
0.287273 0.37707 0.505607
0.0320027 0.343151 0.475255
0.464781 0.43847 0.263119
0.458215 0.719538 0.058232
0.0372768 0.369597 0.131451
0.438825 0.848693 0.0514507
0.15279 0.438468 0.343973
0.460235 0.438465 0.466922
0.482602 0.224492 0.496189
0.0458288 0.044153 0.0963777
0.414173 0.161847 0.481884
0.134666 0.957045 0.0359694
0.266207 0.626666 0.0755546
0.483249 0.416965 0.491074
0.0779902 0.369592 0.336435
0.189497 0.369597 0.138352
0.458147 0.921553 0.0378199
0.361564 0.438471 0.23521
0.229224 0.438469 0.29838
0.0345632 0.524762 0.101367
0.052659 0.83207 0.0659358
0.451097 0.36959 0.390529
0.121308 0.865194 0.0445293
0.221049 0.438466 0.419434
0.122081 0.545557 0.0771785
0.480858 0.726012 0.0713043
0.385516 0.438471 0.214158
0.212316 0.438472 0.163668
0.482687 0.406422 0.0927624
0.432044 0.438471 0.227634
0.0253691 0.236826 0.483883
0.473188 0.264154 0.183374
0.44748 0.161118 0.495777
0.466819 0.36959 0.421876
0.167538 0.375345 0.505607
0.0581474 0.603391 0.0934717
0.203184 0.438475 0.091135
0.455739 0.359518 0.475622
0.0253691 0.252929 0.491869
0.472185 0.762296 0.0798867
0.21213 0.369595 0.216821
0.470979 0.597944 0.0687255
0.214008 0.438466 0.414164
0.415055 0.657486 0.0795615
0.373568 0.369589 0.447242
0.0666757 0.949652 0.0433291
0.192112 0.863133 0.046685
0.199638 0.369593 0.304726
0.370316 0.438469 0.303709
0.473188 0.258282 0.342157
0.473188 0.258595 0.199282
0.0342461 0.422255 0.147925
0.222191 0.379876 0.505607
0.0992517 0.918987 0.039789
0.320965 0.630158 0.0701211
0.165942 0.438469 0.300522
0.0330909 0.37468 0.191384
0.452796 0.557971 0.0752227
0.0995033 0.438472 0.173997
0.389714 0.538168 0.0836548
0.200526 0.369593 0.297874
0.45769 0.369593 0.297609
0.279417 0.369592 0.321148
0.109458 0.369594 0.25162
0.371537 0.369592 0.339618
0.452434 0.43847 0.279491
0.2186 0.647284 0.0733456
0.238399 0.369598 0.102702
0.039887 0.369361 0.10226
0.449766 0.127127 0.0801202
0.0302448 0.438464 0.490175
0.0521367 0.369591 0.349716
0.451318 0.377108 0.480043
0.245096 0.369593 0.294509
0.167977 0.438471 0.230701
0.0508555 0.766653 0.0773796
0.301187 0.294436 0.0905724
0.351867 0.385654 0.0785436
0.0480103 0.196278 0.472061
0.0462313 0.264753 0.366648
0.300113 0.369588 0.470037
0.0995196 0.163911 0.481885
0.365321 0.369595 0.205273
0.14512 0.369594 0.238806
0.366617 0.959138 0.0289082
0.0346219 0.36959 0.42486
0.0285285 0.173096 0.498937
0.449471 0.379269 0.487982
0.331031 0.438473 0.123137
0.0491663 0.0322903 0.0778953
0.452246 0.663963 0.0868731
0.0811095 0.438475 0.0803958
0.043394 0.25086 0.352322
0.426029 0.527092 0.0869977
0.308142 0.629039 0.0697514
0.29356 0.649465 0.0669292
0.242596 0.438465 0.479459
0.0253691 0.16017 0.484609
0.407237 0.660051 0.0722693
0.24112 0.438465 0.454292
0.0493473 0.137361 0.10995
0.446571 0.369597 0.138753
0.0581929 0.438474 0.121547
0.297415 0.369598 0.11837
0.0272926 0.285117 0.0768846
0.292746 0.536603 0.0724508
0.395245 0.438469 0.289313
0.367246 0.294436 0.0826977
0.480919 0.411202 0.401026
0.459295 0.259257 0.425383
0.377375 0.862058 0.0439881
0.0989138 0.308329 0.0827837
0.140883 0.369595 0.221659
0.136845 0.369591 0.371987
0.247804 0.369599 0.0832428
0.0961079 0.316981 0.490436
0.415889 0.156574 0.483833
0.0340171 0.721255 0.0584227
0.384602 0.43847 0.273126
0.263933 0.369593 0.274828
0.268238 0.943421 0.0274405
0.198366 0.167342 0.481885
0.454337 0.931867 0.0466098
0.476064 0.390508 0.213387
0.268101 0.369594 0.267273
0.201588 0.622365 0.0752208
0.0559257 0.438472 0.185992
0.426272 0.168255 0.481885
0.337257 0.13152 0.0846907
0.474884 0.379937 0.0704159
0.474744 0.421767 0.162383
0.444917 0.316982 0.487786
0.470556 0.13121 0.102233
0.0256363 0.39214 0.0790373
0.233902 0.369593 0.278129
0.0256363 0.488828 0.0785805
0.144873 0.830452 0.0531629
0.196484 0.722146 0.0642741
0.0357769 0.131511 0.365021
0.104694 0.369597 0.126692
0.140748 0.438473 0.146723
0.0745638 0.383684 0.505607
0.12609 0.664808 0.0693751
0.44958 0.135791 0.0925391
0.120226 0.369593 0.3024
0.483012 0.131502 0.495093
0.105494 0.758233 0.0657434
0.329288 0.369593 0.292908
0.371245 0.36959 0.41223
0.189641 0.724028 0.064377
0.0444194 0.145409 0.172867
0.0366037 0.145402 0.464815
0.461197 0.250865 0.166577
0.483012 0.259698 0.486316
0.450503 0.369589 0.45155
0.261562 0.369588 0.479396
0.407277 0.438466 0.406394
0.353728 0.369589 0.425162
0.0525858 0.971268 0.0440192
0.298937 0.438474 0.111859
0.172035 0.369593 0.298162
0.381523 0.13152 0.0795799
0.174965 0.533141 0.0738414
0.0280546 0.300916 0.479203
0.252269 0.52439 0.0780029
0.479095 0.823492 0.0619351
0.050929 0.143168 0.473903
0.347503 0.961971 0.0333829
0.361958 0.624908 0.0728304
0.463618 0.250861 0.322634
0.473188 0.13845 0.180419
0.0483494 0.19079 0.0687148
0.464291 0.145402 0.451753
0.135489 0.369593 0.273777
0.197519 0.294436 0.0874364
0.476426 0.548004 0.0719623
0.36102 0.170468 0.482186
0.0318003 0.424442 0.23994
0.459295 0.134632 0.14868
0.307134 0.438473 0.159381
0.471163 0.0863813 0.475067
0.107557 0.369594 0.238203
0.0433158 0.335641 0.0687186
0.0308626 0.179588 0.476392
0.472574 0.131512 0.34606
0.430868 0.369591 0.359921
0.0889252 0.438472 0.169304
0.305025 0.438471 0.212464
0.0731367 0.369592 0.334621
0.470162 0.250864 0.221906
0.134544 0.438475 0.0859002
0.409431 0.369595 0.213259
0.0287876 0.399168 0.353281
0.450363 0.403707 0.480998
0.451392 0.928189 0.0467985
0.0493337 0.138061 0.128832
0.163863 0.438471 0.220327
0.0352122 0.263024 0.445211
0.453901 0.784875 0.0559398
0.445553 0.629988 0.0796171
0.222944 0.419119 0.505608
0.0895396 0.438471 0.21017
0.0339515 0.43748 0.237397
0.445644 0.156574 0.489392
0.403461 0.760003 0.065551
0.409469 0.514331 0.0792839
0.0579845 0.36743 0.0773508
0.0517062 0.338969 0.502986
0.47267 0.250866 0.141424
0.047043 0.649126 0.0963557
0.157917 0.931283 0.0316335
0.46239 0.896835 0.0366107
0.135563 0.369591 0.372725
0.165605 0.369593 0.275162
0.073308 0.438474 0.105454
0.0625045 0.369596 0.179144
0.391023 0.369595 0.223791
0.265606 0.369597 0.124221
0.427011 0.369589 0.427397
0.264089 0.369596 0.185347
0.134001 0.438472 0.16383
0.0954253 0.411059 0.0785443
0.467965 0.701944 0.0580809
0.0964161 0.308329 0.0848881
0.0318819 0.603799 0.0723036
0.0913158 0.947763 0.0412405
0.449471 0.340916 0.482539
0.338465 0.137045 0.0785371
0.46057 0.336188 0.472065
0.464554 0.28333 0.0687172
0.147924 0.316982 0.485242
0.458819 0.184454 0.0691903
0.285205 0.413584 0.505608
0.284923 0.855953 0.0469053
0.257115 0.953053 0.0260392
0.102264 0.303089 0.488004
0.461802 0.609491 0.068266
0.260294 0.438465 0.477372
0.323917 0.308329 0.0896022
0.449471 0.242767 0.490206
0.474607 0.381513 0.473485
0.0560909 0.777077 0.060412
0.0547495 0.369592 0.341905
0.449471 0.160069 0.0907206
0.459295 0.253332 0.341402
0.479669 0.105999 0.496706
0.246193 0.294436 0.0843158
0.358409 0.30003 0.0924344
0.190406 0.369588 0.488404
0.103211 0.369595 0.230841
0.149434 0.515815 0.0751053
0.259328 0.370311 0.0785431
0.218437 0.917925 0.0313869
0.408265 0.417651 0.0785445
0.0493103 0.0941074 0.0722088
0.258116 0.13152 0.0833069
0.037707 0.145407 0.265685
0.186436 0.388067 0.505607
0.400452 0.369592 0.339855
0.0305881 0.0574639 0.0826281
0.0491818 0.259302 0.339208
0.391186 0.369592 0.334176
0.0702784 0.36959 0.398026
0.193479 0.43847 0.272776
0.475121 0.386355 0.176942
0.214811 0.438475 0.0804723
0.314017 0.393868 0.0785438
0.223905 0.369595 0.20786
0.198593 0.54568 0.0727365
0.452529 0.775544 0.0606409
0.350741 0.755214 0.0620172
0.355256 0.409447 0.0785443
0.126781 0.385963 0.0785436
0.482382 0.328336 0.0779116
0.191636 0.438467 0.39661
0.203629 0.4201 0.505608
0.0353128 0.137808 0.305902
0.163909 0.926806 0.0381057
0.210969 0.438465 0.446405
0.446359 0.438465 0.474706
0.483012 0.263446 0.0898296
0.310453 0.43847 0.26912
0.182955 0.170468 0.495632
0.319899 0.438475 0.0792809
0.0395069 0.369591 0.375118
0.469698 0.145405 0.332451
0.292026 0.62251 0.0763671
0.405247 0.438472 0.164167
0.455054 0.438469 0.318008
0.0427809 0.264756 0.235819
0.064656 0.438464 0.491934
0.466879 0.474803 0.102263
0.0310684 0.352547 0.47619
0.0515857 0.0250089 0.0881481
0.421655 0.851978 0.0556642
0.0410639 0.320211 0.505605
0.145032 0.43847 0.251749
0.455182 0.646808 0.06865
0.196655 0.43847 0.252286
0.276559 0.639927 0.0678513
0.475326 0.204158 0.503464
0.227354 0.294436 0.0808242
0.439179 0.514001 0.0820162
0.472065 0.395557 0.505608
0.252149 0.438468 0.346492
0.481397 0.400595 0.419477
0.223493 0.369592 0.341517
0.417247 0.43847 0.262368
0.19721 0.369596 0.195703
0.0502836 0.0306699 0.482766
0.230469 0.438471 0.202867
0.465009 0.038186 0.478294
0.048725 0.438474 0.104125
0.0322983 0.342702 0.47496
0.404131 0.939593 0.0347868
0.463024 0.814354 0.0728157
0.474084 0.425486 0.136886
0.175338 0.369589 0.443804
0.453017 0.122614 0.479184
0.0591769 0.449374 0.0798558
0.275118 0.309648 0.481888
0.10171 0.13152 0.0919197
0.473459 0.411283 0.112747
0.388965 0.369592 0.319269
0.35004 0.438471 0.20775
0.0354061 0.134687 0.176797
0.110988 0.541045 0.0781985
0.246286 0.369588 0.467966
0.25336 0.156574 0.491578
0.473188 0.137206 0.255106
0.28668 0.511858 0.0776954
0.286993 0.415694 0.0785445
0.0350015 0.749588 0.0545606
0.0284659 0.572463 0.0952711
0.404826 0.165372 0.495778
0.0790398 0.523303 0.0811362
0.0468678 0.299594 0.505605
0.478931 0.510348 0.0965204
0.316821 0.732821 0.0631577
0.467396 0.264757 0.206868
0.340385 0.921345 0.0323724
0.244775 0.369599 0.0823202
0.0346721 0.3964 0.131901
0.112294 0.303089 0.488744
0.480961 0.720243 0.0711943
0.461809 0.0499049 0.500156
0.0360191 0.264754 0.326603
0.410088 0.544272 0.0855307
0.471563 0.449333 0.0687216
0.408705 0.827543 0.0575243
0.449471 0.265091 0.0871602
0.221509 0.369595 0.231265
0.0412611 0.131516 0.170418
0.478672 0.387878 0.314171
0.0536382 0.962649 0.0387493
0.222327 0.369597 0.153246
0.455583 0.866273 0.0604954
0.335016 0.164714 0.495778
0.130033 0.369592 0.341288
0.0834283 0.315673 0.481889
0.0796328 0.632806 0.0777247
0.227452 0.757896 0.0592283
0.0301072 0.279002 0.500519
0.317485 0.369595 0.20166
0.0493489 0.132773 0.10781
0.257079 0.316982 0.481897
0.40037 0.438466 0.415091
0.459337 0.0487738 0.0764992
0.0463671 0.250861 0.318431
0.371531 0.862051 0.0496746
0.0339821 0.473644 0.100785
0.479692 0.435796 0.384507
0.0315568 0.161154 0.0726172
0.477408 0.360096 0.0980395
0.218414 0.301471 0.0924345
0.28364 0.665507 0.0700592
0.33932 0.918467 0.0356709
0.0491111 0.131717 0.436999
0.400722 0.43847 0.261009
0.459295 0.259421 0.469931
0.0389726 0.402055 0.505608
0.412159 0.438469 0.310182
0.0475797 0.131514 0.219481
0.0493179 0.252147 0.150773
0.457125 0.774511 0.0537537
0.295713 0.385712 0.505607
0.236499 0.36959 0.387414
0.259417 0.369595 0.211457
0.0365885 0.250864 0.214786
0.437927 0.314125 0.481889
0.460089 0.594405 0.0687254
0.380945 0.369593 0.302966
0.12122 0.951024 0.0317608
0.458062 0.275756 0.473296
0.438218 0.303088 0.491474
0.480444 0.481514 0.0950075
0.462234 0.250858 0.443131
0.0253691 0.180408 0.494159
0.311291 0.438465 0.465723
0.0289205 0.74223 0.0753015
0.304887 0.438465 0.468003
0.117618 0.438474 0.119694
0.346936 0.654117 0.0745967
0.222047 0.511858 0.0731668
0.0312991 0.385441 0.258795
0.449471 0.566824 0.0861386
0.385926 0.86759 0.0502991
0.450565 0.43847 0.252331
0.0352977 0.260831 0.32678
0.455786 0.223657 0.0722241
0.114258 0.369592 0.345865
0.200741 0.433291 0.078545
0.1025 0.316981 0.491402
0.0288624 0.389063 0.350469
0.473664 0.348535 0.101784
0.305134 0.369591 0.376826
0.231023 0.663143 0.0649368
0.0491795 0.255462 0.342296
0.143922 0.397684 0.505608
0.0345948 0.132574 0.505002
0.408908 0.401334 0.505608
0.0305176 0.34405 0.476741
0.0253691 0.351989 0.486108
0.164231 0.13152 0.0785558
0.0470932 0.382656 0.0687198
0.418321 0.438464 0.494572
0.472125 0.437791 0.49959
0.0401545 0.314257 0.068718
0.466975 0.202556 0.0687151
0.183697 0.369594 0.265824
0.112132 0.730252 0.0686526
0.326816 0.316982 0.483978
0.0581455 0.579589 0.093473
0.454421 0.0573923 0.485182
0.482108 0.416903 0.446951
0.260917 0.387479 0.0785436
0.296042 0.136654 0.0785371
0.363174 0.369596 0.167804
0.0585416 0.122024 0.0869829
0.211727 0.438466 0.440339
0.475187 0.596074 0.100267
0.453718 0.175512 0.096678
0.454318 0.507764 0.0972861
0.159851 0.744915 0.0632213
0.373481 0.948624 0.0369779
0.052574 0.862033 0.0616154
0.213921 0.935647 0.0350617
0.0253691 0.402014 0.491678
0.0527046 0.372057 0.475685
0.0945745 0.516653 0.0858968
0.226758 0.747167 0.0543953
0.336088 0.511858 0.0744034
0.218383 0.369592 0.329263
0.0993875 0.438473 0.148645
0.204658 0.294436 0.0917937
0.462365 0.369592 0.311289
0.0277117 0.0966652 0.485706
0.0458591 0.369589 0.458319
0.409261 0.369588 0.471611
0.473188 0.255101 0.420954
0.337528 0.961344 0.0284255
0.275051 0.438472 0.18922
0.133008 0.438473 0.159856
0.476202 0.0941169 0.478611
0.101122 0.935637 0.0418436
0.0858415 0.958425 0.0404115
0.476251 0.0952171 0.478556
0.123007 0.369588 0.475859
0.0265713 0.585359 0.0933769
0.195633 0.9531 0.0332059
0.370524 0.438466 0.436394
0.310368 0.369591 0.368477
0.448945 0.369588 0.474297
0.411778 0.369593 0.278143
0.264251 0.438473 0.15557
0.482462 0.63805 0.086738
0.312951 0.369593 0.296388
0.1981 0.945358 0.0278992
0.0777123 0.369592 0.337669
0.390076 0.30982 0.481888
0.118077 0.438472 0.170765
0.376535 0.438469 0.307489
0.0492718 0.131856 0.214573
0.0567184 0.744552 0.072031
0.458764 0.391957 0.472597
0.188645 0.316981 0.49146
0.0352193 0.139861 0.435348
0.339836 0.369591 0.355629
0.0468137 0.594541 0.0687254
0.468885 0.369593 0.274691
0.324774 0.438469 0.314972
0.405877 0.36959 0.388753
0.466037 0.36959 0.419956
0.40327 0.422007 0.505608
0.410161 0.438472 0.165519
0.39327 0.135239 0.0924301
0.139367 0.645873 0.0705479
0.403623 0.552334 0.0849357
0.0256363 0.170376 0.0851164
0.231291 0.831223 0.0499033
0.066057 0.170468 0.493702
0.459295 0.143646 0.248095
0.0329684 0.237084 0.0712075
0.253282 0.438472 0.162893
0.282368 0.438473 0.131634
0.0636184 0.925802 0.0403789
0.471074 0.281836 0.102257
0.210657 0.369599 0.0823602
0.320575 0.438472 0.18088
0.210702 0.303088 0.494515
0.48115 0.381616 0.409945
0.176181 0.156574 0.484702
0.291441 0.158371 0.481884
0.0506375 0.108335 0.0721904
0.24866 0.39581 0.0785439
0.0266673 0.402071 0.433049
0.319088 0.854686 0.041669
0.22948 0.308329 0.0798348
0.450434 0.438468 0.361169
0.483012 0.364712 0.482478
0.473188 0.137046 0.384877
0.220768 0.294436 0.0906255
0.035843 0.873853 0.041117
0.0937777 0.170468 0.482489
0.0461846 0.264758 0.179884
0.374076 0.369597 0.14338
0.474727 0.0250089 0.0860433
0.108276 0.369598 0.0958629
0.459295 0.254881 0.125499
0.3563 0.369593 0.283244
0.108209 0.369588 0.497292
0.0325603 0.304995 0.0716174
0.0256363 0.493452 0.08362
0.438045 0.369598 0.110324
0.47791 0.88826 0.0484706
0.460134 0.145405 0.352831
0.0399208 0.369589 0.425473
0.173821 0.438469 0.31675
0.221198 0.166294 0.481885
0.427267 0.36959 0.401266
0.342526 0.438472 0.170445
0.187296 0.438466 0.413722
0.138209 0.849714 0.0448948
0.456211 0.31472 0.0718021
0.238774 0.43847 0.247175
0.0368026 0.948745 0.0520136
0.431337 0.749535 0.0632368
0.21509 0.438469 0.302229
0.104771 0.438472 0.168637
0.453194 0.66782 0.0685157
0.0938982 0.158655 0.495777
0.0440453 0.131511 0.365094
0.202148 0.438467 0.365988
0.230659 0.512554 0.0783579
0.418621 0.36959 0.398569
0.0567708 0.095551 0.087186
0.175156 0.369597 0.1325
0.323939 0.414136 0.505608
0.462913 0.50376 0.102263
0.0591769 0.147196 0.0814212
0.478938 0.263604 0.499853
0.476561 0.374623 0.232608
0.0316193 0.0567838 0.0913507
0.39768 0.555306 0.0810822
0.477886 0.166706 0.0975569
0.380668 0.754898 0.0640624
0.298694 0.369597 0.137577
0.0539023 0.438473 0.155776
0.244612 0.438466 0.418706
0.417734 0.438464 0.486652
0.465518 0.145407 0.284098
0.0276363 0.717056 0.06797
0.0491947 0.135504 0.321243
0.408214 0.369596 0.161197
0.109038 0.372333 0.505607
0.285941 0.369589 0.45884
0.213333 0.13566 0.0785371
0.0306138 0.882029 0.0549729
0.0985874 0.837585 0.0563875
0.358636 0.542426 0.0750773
0.0407579 0.438471 0.224658
0.386477 0.824389 0.0550033
0.116876 0.369594 0.256165
0.174959 0.946717 0.0288335
0.0381833 0.189542 0.505602
0.47363 0.410954 0.119329
0.068073 0.369588 0.488876
0.254592 0.36959 0.408536
0.38522 0.438465 0.473085
0.0295049 0.40906 0.326296
0.0354323 0.251897 0.140458
0.203536 0.167476 0.481885
0.336297 0.369589 0.459778
0.405926 0.402837 0.505608
0.439816 0.369589 0.427684
0.463545 0.373087 0.505607
0.100889 0.36959 0.38722
0.469645 0.264755 0.284681
0.324364 0.170468 0.483096
0.456691 0.973271 0.0426591
0.47152 0.249405 0.0687163
0.0458738 0.082908 0.0719574
0.083963 0.369589 0.457557
0.483012 0.522316 0.0872825
0.271875 0.511858 0.0749505
0.473393 0.420259 0.110191
0.345107 0.369588 0.47879
0.137638 0.438473 0.142191
0.463551 0.0666821 0.0730487
0.0451306 0.24421 0.472063
0.173794 0.438471 0.2248
0.0256363 0.257253 0.078874
0.190373 0.728408 0.0637874
0.0324306 0.263967 0.099228
0.099276 0.940398 0.0351723
0.168954 0.438469 0.293349
0.140469 0.369594 0.257445
0.0528447 0.0408011 0.48715
0.0695596 0.422622 0.505608
0.0308787 0.599957 0.0733067
0.307581 0.308329 0.0914335
0.418788 0.436571 0.0785451
0.31092 0.438473 0.158972
0.455451 0.225319 0.07256
0.257714 0.414534 0.505608
0.327089 0.438468 0.341046
0.118312 0.369588 0.482784
0.308903 0.369599 0.0834899
0.149657 0.438467 0.393352
0.21456 0.43847 0.252079
0.473808 0.745049 0.0808568
0.449471 0.147806 0.490861
0.0348363 0.0449489 0.0934153
0.482997 0.294976 0.0785265
0.0908231 0.306767 0.481888
0.0845077 0.438473 0.157569
0.459295 0.264438 0.320953
0.363778 0.438473 0.149254
0.468322 0.893912 0.0614826
0.232195 0.851746 0.0410963
0.449471 0.334708 0.0875023
0.160848 0.159643 0.481884
0.0282303 0.139283 0.0950242
0.0320982 0.417468 0.22873
0.466888 0.13151 0.418973
0.288247 0.519937 0.0785268
0.434422 0.923079 0.0397236
0.269542 0.438469 0.28251
0.0305828 0.438465 0.453068
0.1453 0.304312 0.481888
0.0383673 0.223939 0.102256
0.477257 0.435188 0.259496
0.410803 0.396277 0.0785439
0.140025 0.438465 0.469979
0.468706 0.0930957 0.503017
0.0354446 0.255166 0.123465
0.130357 0.369589 0.462744
0.449471 0.369527 0.493048
0.0589097 0.318723 0.490604
0.246592 0.438474 0.098403
0.247436 0.369595 0.215836
0.291163 0.369593 0.283343
0.0491691 0.257496 0.356712
0.198391 0.438468 0.346916
0.160731 0.438467 0.396905
0.0253691 0.35047 0.484381
0.0570769 0.43847 0.247759
0.452129 0.361324 0.498441
0.212662 0.438471 0.216997
0.471386 0.369589 0.458275
0.0346161 0.369754 0.134006
0.472811 0.611863 0.0680047
0.230177 0.369591 0.376017
0.157453 0.531062 0.0747086
0.318018 0.4381 0.0785452
0.293763 0.438471 0.229936
0.341377 0.369597 0.152056
0.479874 0.412906 0.360632
0.302651 0.369598 0.119153
0.153306 0.438472 0.164316
0.294654 0.747435 0.0545735
0.0745418 0.438472 0.189761
0.479762 0.372687 0.356309
0.274214 0.369594 0.258358
0.170804 0.438468 0.32561
0.256284 0.294436 0.0832433
0.434684 0.541151 0.0816034
0.481875 0.375997 0.437945
0.0844041 0.853444 0.0557226
0.462902 0.345699 0.472065
0.48016 0.267086 0.075689
0.480329 0.228228 0.0758562
0.483012 0.190111 0.082582
0.38957 0.438468 0.324898
0.440585 0.433446 0.078545
0.454643 0.406208 0.0976093
0.463942 0.131517 0.125219
0.431801 0.369588 0.496746
0.0668561 0.369597 0.141368
0.154177 0.145411 0.0909663
0.216358 0.438467 0.398498
0.222454 0.369595 0.206157
0.217431 0.438465 0.453656
0.158245 0.369589 0.443744
0.380129 0.554942 0.0765867
0.0564312 0.533028 0.0758018
0.0454735 0.678146 0.0922216
0.166181 0.303089 0.487362
0.241239 0.432185 0.078545
0.0886111 0.394243 0.0785438
0.328041 0.739019 0.0629332
0.26393 0.546055 0.0781275
0.0913424 0.642675 0.0753928
0.115084 0.298057 0.0785414
0.0339437 0.732559 0.0818409
0.470483 0.369589 0.436202
0.450312 0.851459 0.0584204
0.0253691 0.273821 0.487521
0.350875 0.42942 0.505608
0.174839  0.391 0.0785437
0.450559 0.438465 0.470015
0.042316 0.737647 0.0837453
0.285906 0.438472 0.17349
0.104264 0.369597 0.157885
0.313356 0.294436 0.0792123
0.328613 0.438466 0.431152
0.0256363 0.498387 0.0878029
0.0798419 0.919093 0.0396957
0.250096 0.294436 0.0847449
0.0938879 0.316981 0.49084
0.0253691 0.349127 0.495403
0.186454 0.305047 0.0785415
0.444515 0.369589 0.44422
0.27456 0.316982 0.486098
0.033138 0.954709 0.0474081
0.367613 0.409775 0.0785443
0.111017 0.438471 0.211341
0.308399 0.526525 0.0727087
0.459295 0.257931 0.450132
0.405875 0.84919 0.0482936
0.056846 0.123571 0.0940087
0.360412 0.369599 0.0796463
0.0709165 0.93906 0.0380201
0.116441 0.309006 0.481888
0.069065 0.438475 0.0969883
0.449471 0.239644 0.49374
0.291304 0.369588 0.474057
0.449471 0.176943 0.483176
0.30868 0.369589 0.444854
0.0492301 0.257269 0.27234
0.266176 0.438464 0.487174
0.369823 0.369593 0.304061
0.101683 0.43847 0.265022
0.298446 0.64419 0.0738755
0.235071 0.369592 0.332898
0.0525222 0.674828 0.0891979
0.372247 0.170399 0.495778
0.0517262 0.335589 0.0710918
0.478007 0.174746 0.500783
0.163944 0.438468 0.352356
0.154669 0.438472 0.185791
0.0256363 0.339248 0.0880141
0.0255158 0.419668 0.476368
0.0526115 0.438465 0.457132
0.09334 0.752902 0.0675522
0.049191 0.258924 0.326441
0.0656028 0.385399 0.505607
0.0974311 0.438464 0.482728
0.417926 0.438466 0.428139
0.28902 0.408499 0.505608
0.121122 0.424716 0.0785448
0.112346 0.369598 0.0987175
0.450346 0.438466 0.411064
0.0340839 0.389668 0.154028
0.354852 0.626376 0.0784945
0.141722 0.438472 0.162456
0.338012 0.536662 0.0740559
0.345874 0.13152 0.0913883
0.207744 0.306837 0.495781
0.445826 0.438473 0.133551
0.132165 0.759358 0.0568702
0.284223 0.438465 0.457561
0.462152 0.69957 0.089169
0.0486485 0.0982969 0.0711508
0.152138 0.515762 0.0749714
0.334457 0.622908 0.0779176
0.274485 0.369589 0.447067
0.231329 0.43847 0.259742
0.145298 0.369589 0.442392
0.0472411 0.250861 0.337459
0.361369 0.855969 0.0436174
0.387844 0.951215 0.0379849
0.459902 0.413299 0.505608
0.049206 0.23864 0.472183
0.309484 0.86135 0.0466308
0.354918 0.438472 0.173352
0.0590877 0.215956 0.07845
0.460011 0.861958 0.0656075
0.431195 0.627734 0.0785676
0.173081 0.438472 0.182881
0.477041 0.041963 0.491193
0.108483 0.158591 0.495777
0.475036 0.378124 0.173687
0.118634 0.438474 0.114308
0.0339884 0.402304 0.157621
0.432438 0.316237 0.495782
0.170157 0.369594 0.259645
0.0310101 0.051589 0.0873521
0.400995 0.369589 0.461666
0.0539043 0.168394 0.0732655
0.208409 0.434091 0.0785451
0.0830711 0.438466 0.40388
0.472121 0.222687 0.505603
0.175446 0.438471 0.211059
0.0491949 0.253852 0.321045
0.473188 0.26246 0.217705
0.178885 0.438464 0.501309
0.0541708 0.369592 0.347782
0.339026 0.369596 0.162447
0.115396 0.522655 0.0777927
0.472307 0.539018 0.068724
0.244543 0.438471 0.202582
0.29215 0.369591 0.369261
0.149954 0.438468 0.348752
0.216479 0.369592 0.316892
0.189958 0.369591 0.352473
0.293998 0.424516 0.0785448
0.248974 0.438468 0.340042
0.465666 0.846464 0.0421599
0.0832008 0.438467 0.383905
0.352052 0.438474 0.106299
0.459661 0.131514 0.260572
0.0693434 0.161757 0.495777
0.332584 0.36959 0.404883
0.379484 0.438464 0.496702
0.360364 0.369594 0.264069
0.0500875 0.438468 0.343817
0.471261 0.771001 0.0504732
0.474677 0.169478 0.0702036
0.345665 0.369597 0.138581
0.460618 0.43847 0.248174
0.0425014 0.438466 0.41274
0.199561 0.438466 0.431009
0.418618 0.666453 0.0775495
0.303603 0.438473 0.133248
0.459295 0.141433 0.23794
0.473188 0.261658 0.361563
0.432605 0.642904 0.0830309
0.148337 0.857434 0.0495826
0.473188 0.136645 0.448752
0.259795 0.307363 0.0785416
0.419025 0.433714 0.505608
0.358676 0.438465 0.481555
0.323895 0.43847 0.248026
0.473188 0.132226 0.32622
0.0294732 0.818737 0.0590952
0.0323982 0.278935 0.0717788
0.0515468 0.526896 0.10007
0.150657 0.13152 0.0842765
0.0978517 0.369594 0.263132
0.45617 0.633855 0.0952684
0.404729 0.427795 0.505608
0.47531 0.240261 0.474184
0.457302 0.157736 0.503608
0.0994722 0.865595 0.0465321
0.276504 0.438472 0.189784
