0.0535 0.369265 0.493433
0.293062  0.424 0.372051
0.0535 0.178731 0.345428
0.109968  0.424 0.278243
0.343392 0.381847   0.12
0.5285 0.36955 0.094595
0.0299291 0.922298 0.0681824
0.187091  0.424 0.388542
0.433901  0.424 0.324281
0.547617 0.426291 0.5665
0.267607 0.755631 0.0459494
0.0535 0.172061 0.302001
0.0535 0.177884 0.228488
0.449033  0.424 0.131082
0.29763 0.378461   0.12
0.387539 0.946161 0.0330449
0.228373 0.856461 0.0492189
0.5285 0.421442 0.0998725
0.0535 0.386427 0.0985003
0.0535 0.371917 0.219076
0.5285 0.375209 0.514614
0.196693 0.382082   0.12
0.353923    0.5 0.350222
0.208191  0.424 0.333165
0.0759774 0.365687 0.0646774
0.276491    0.5 0.220252
0.110069 0.951887 0.0674439
0.0617482 0.49215 0.475197
0.282639  0.956 0.0438604
0.5476 0.735383 0.0565224
0.505779  0.424 0.113592
0.0559695 0.493268 0.0450228
0.333622    0.5 0.189971
0.5285 0.389583 0.457123
0.0535 0.211798 0.273465
0.5285 0.21074 0.110751
0.547918 0.579359 0.057291
0.146121 0.461381 0.5665
0.5285 0.209606 0.390581
0.0587247 0.713519 0.089336
0.330515 0.497347 0.16108
0.524363 0.260066 0.560037
0.550444 0.0919995 0.53364
0.514154 0.493369 0.356528
0.0380228 0.133691 0.555339
0.296407 0.856394 0.0444506
0.507043 0.369003 0.543535
 0.025 0.427287 0.275349
0.194517  0.424 0.165059
0.0720627 0.711279 0.0753619
0.544914 0.12982 0.521048
0.0745382 0.0259012 0.0612026
0.0261006  0.424 0.185759
0.121484  0.424 0.161251
0.511683 0.852142 0.0844883
0.538838 0.154505 0.518532
0.0548216 0.635934 0.0909526
0.325552 0.794048 0.0278793
0.0686427  0.975 0.062652
0.147141  0.424 0.364569
0.549444 0.968621 0.0745245
0.129058 0.718475 0.0444878
0.0535 0.411354 0.51129
0.366833 0.499363 0.173177
0.11194  0.424 0.439842
0.468589 0.383319  0.538
0.0535 0.191724 0.377488
0.0535 0.195243 0.172069
0.540179 0.520421 0.0866625
0.511432 0.0656097 0.0516165
0.178111 0.493838 0.140025
0.0535 0.195204 0.376346
0.520477 0.406807  0.538
0.0535 0.376869 0.273076
0.307004 0.90584 0.0453337
0.213395 0.863229 0.0504671
0.0314445 0.26521 0.0718411
0.374737 0.847617 0.0509781
0.5285 0.388482 0.140473
0.0505204 0.911346 0.0452341
0.194509 0.745051 0.0520409
0.192101    0.5 0.270448
0.546055 0.858973 0.0527921
0.515491 0.710901 0.0765189
0.520925 0.127202 0.0471376
0.262788 0.405485  0.538
0.359372    0.5 0.436108
0.037261 0.0475014 0.084774
0.393601  0.424 0.55901
0.51622 0.732894 0.0864136
0.0610677 0.492014 0.467994
0.529144  0.025 0.0634577
0.0508188 0.0928706 0.515361
0.447449  0.424 0.22231
0.0298382 0.234203 0.067963
0.510052 0.910228 0.0549489
0.5285 0.186917 0.0732039
0.431452 0.848829 0.0400109
0.0535 0.171519 0.273892
0.508794 0.764668 0.0579871
0.550008 0.0708821 0.532587
0.304837    0.5 0.202611
0.5285 0.205952 0.514668
0.472139    0.5 0.234373
0.545059 0.586161 0.0846415
0.548956  0.424 0.565637
0.3449 0.89152 0.0294917
0.259231 0.411539   0.12
0.55018 0.6512 0.0727467
0.522672 0.0484141 0.559336
0.0632024 0.465111 0.094611
0.211172 0.496412 0.502527
0.368294 0.495229 0.148372
0.0535 0.203677 0.146631
0.271256 0.837857 0.0266453
0.379722    0.5 0.254089
0.374699  0.424 0.498831
0.435152  0.424 0.504424
0.0930619 0.949047 0.0709871
0.0894599 0.429964 0.5665
0.303403 0.492377 0.131263
0.326561 0.870788 0.0469634
0.506678 0.157773 0.542654
0.5285 0.370291 0.0877482
0.524616  0.025 0.518106
0.270043  0.424 0.366847
0.416909 0.823091 0.0559811
0.543457  0.424 0.505816
0.283511 0.389758  0.538
0.362468  0.424 0.2149
0.0628318 0.492366 0.468797
0.0268873  0.424 0.51847
0.435166 0.947612 0.0597845
0.5285 0.170677 0.465505
0.19886  0.424 0.27906
0.0535 0.40675 0.349131
0.396083 0.481546 0.546954
0.315891  0.424 0.177393
0.345483  0.424 0.345001
0.530585 0.401326 0.0906364
0.0535 0.387381 0.479523
0.0510585 0.0920766 0.0450112
0.038273  0.424 0.310453
0.54839 0.728617 0.058431
0.308917    0.5 0.398289
0.178429  0.424 0.426966
0.5285 0.398655 0.26129
0.0535 0.398861 0.201997
0.434454  0.424 0.508267
0.550753 0.382948 0.0641348
0.0498463 0.852959 0.0899867
0.229231 0.435452 0.0915
0.135234 0.463774 0.564726
0.295797  0.424 0.527968
0.12568 0.868258 0.0641916
0.547939 0.377947 0.527592
0.484849  0.424 0.378837
 0.025 0.427853 0.445946
0.0739969 0.18191 0.530146
 0.025 0.461877 0.30125
0.412925 0.9409 0.0361511
0.031596  0.424 0.125447
0.0535 0.158644 0.391194
0.305281 0.747975 0.0261901
0.11487  0.424 0.130139
0.166822 0.893666 0.0556205
0.352081  0.424 0.31489
0.450758 0.881995 0.0630329
0.141633 0.793101 0.0608682
0.549761 0.819054 0.0617411
0.336314 0.391882  0.538
0.101335 0.874457 0.0502636
0.0752901 0.492207 0.527757
0.437045  0.424 0.337467
0.11446 0.413438  0.538
0.418784 0.792414 0.0373718
0.5285 0.405815 0.182204
0.509328 0.157017 0.078803
0.0609646 0.0592075 0.0884083
0.506855 0.273467 0.543083
0.0940408 0.420464  0.538
0.544353  0.424 0.459071
0.132684 0.485212 0.543288
0.0736291 0.185718 0.0764923
0.518194  0.424 0.254038
0.243475 0.94457 0.0289604
0.0535 0.415406 0.191221
0.498779 0.496444 0.281768
0.0688227 0.493565 0.355551
0.0535 0.40467 0.124295
0.5285 0.393795 0.458057
0.5285 0.405045 0.394714
0.0535 0.368884 0.324957
0.549444 0.548436 0.0609751
0.253648 0.859015 0.0281127
0.0372621  0.424 0.56632
0.0675283  0.424 0.283318
0.143861 0.798332 0.0414039
0.0820452  0.424 0.217962
0.356484    0.5 0.473724
0.0734804 0.898982 0.0768513
0.0535 0.177773 0.320522
0.5285 0.178991 0.475237
0.16244 0.413168  0.538
0.0915832 0.491237 0.124421
0.509614 0.621707 0.0560066
0.24184 0.498701 0.488795
0.526731  0.424 0.242458
0.5285 0.201678 0.153509
0.0535 0.400275 0.294513
0.362585 0.794345 0.0499655
0.247949  0.424 0.44114
 0.025 0.448105 0.539399
0.0670065 0.90232 0.0859058
0.1391 0.861783 0.0423958
0.0477876 0.945469 0.089134
0.0694571 0.277475 0.0848908
0.490329 0.498134 0.227271
0.0535 0.378206 0.308701
0.161614 0.439078 0.0915
0.0678591 0.34016 0.0499473
0.0357869 0.0737153 0.0531747
0.541471 0.115188 0.519622
0.154621 0.831044 0.0391623
0.403326    0.5 0.439231
0.455255    0.5 0.216926
0.546394 0.3936 0.0818878
0.463313    0.5 0.389857
0.0944188 0.92309 0.0517044
0.474433    0.5 0.257791
0.363895 0.474814 0.553686
 0.557 0.450415 0.30634
0.55176 0.46724 0.323813
 0.025 0.453046 0.39271
0.256055 0.493009 0.522946
0.383901 0.474012 0.103512
0.306486    0.5 0.471994
0.0616416  0.424 0.460963
0.514355 0.084289 0.0498589
0.0537707 0.0403519 0.561638
0.0535 0.395235 0.254619
0.431137    0.5 0.299846
0.550956 0.582122 0.0646267
0.0708712 0.455579 0.0523492
0.500162 0.486071 0.115571
0.484009 0.79823 0.0699601
 0.025 0.453989 0.158376
0.269385 0.387905   0.12
0.342412 0.913565 0.0482843
0.15565  0.424 0.109009
0.530251 0.91832 0.0907749
0.5285 0.17126 0.500423
 0.557 0.426733 0.116499
0.509219 0.870702 0.0785403
0.335944    0.5 0.370094
0.173358 0.851123 0.0542587
0.0318327 0.0921006 0.532972
0.204445 0.481982 0.111482
0.355457  0.424 0.306962
0.0583586 0.834525 0.0894876
0.0521383 0.130997 0.090936
0.0365018 0.0440948 0.0840513
0.0535 0.415758 0.183135
0.165103    0.5 0.393467
0.138104 0.750794 0.0426033
0.0535 0.394169 0.524614
0.0993877 0.492595 0.132569
0.139017 0.493513 0.519923
0.0535 0.377289 0.526426
0.271006  0.424 0.394866
0.548688  0.975 0.0738538
0.508465 0.972802 0.0587798
0.0480276 0.696823 0.0462666
0.20656  0.424 0.461457
0.463445 0.493794 0.139766
0.445674 0.406559   0.12
0.423716  0.424 0.525724
0.346592 0.846237 0.0296327
0.339194 0.76871 0.0290161
0.479739 0.899645 0.0500707
0.0921479 0.49823 0.474841
0.394728  0.424 0.212699
0.368035 0.864684 0.0504196
0.492622  0.424 0.417664
0.381533 0.497202 0.497785
0.5285 0.209545 0.214573
0.0736893 0.219184 0.0763468
0.364673 0.488793 0.118293
0.0358341 0.216483 0.523311
0.294073  0.424 0.493236
0.555941  0.424 0.2474
 0.025 0.4615 0.500441
0.059751 0.235092 0.516839
0.174691  0.424 0.518561
0.208396 0.749363 0.0318836
 0.025 0.424703 0.410472
0.478121    0.5 0.468279
0.532198 0.486802 0.378924
0.5285 0.414799 0.463408
0.120113    0.5 0.203512
0.251133 0.857048 0.0283222
0.236272 0.459155 0.0915
0.109047 0.853994 0.0676569
0.206953 0.762901 0.0510039
0.464479  0.424 0.552447
0.131701 0.409087   0.12
0.517142 0.492772 0.337851
0.522697 0.916031 0.0464037
0.0535 0.159435 0.37624
0.232724  0.424 0.462664
0.311161 0.952904 0.0456801
 0.557 0.450843 0.535005
0.0518382 0.753247 0.0908117
0.0746018 0.558686 0.0741438
0.508818  0.424 0.442172
0.52593 0.206098 0.0904356
0.0344883 0.640124 0.05631
0.095103 0.370373  0.538
0.104384 0.486716 0.541784
0.5103 0.614542 0.0543503
0.531578 0.443786 0.0902253
0.0535 0.206134 0.305084
0.0535 0.397887 0.0962918
0.0767966 0.347016 0.0666554
0.337545 0.401436   0.12
0.509145 0.194443 0.52739
0.0535 0.369748 0.0729084
0.489364  0.424 0.283943
0.0617225 0.853091 0.0880943
0.116961 0.849397 0.047008
0.0535 0.368736 0.268218
0.49289 0.876012 0.0718104
0.0412173 0.37756 0.519337
0.384116    0.5 0.411818
0.0535 0.406618 0.0898568
0.0535 0.192888 0.479314
0.0438847 0.268156 0.0875174
0.0523827 0.489383 0.484498
0.124734  0.424 0.249736
0.484158 0.499368 0.453607
0.5285 0.391883 0.154693
0.50717  0.424 0.182814
0.500937 0.492991 0.523056
0.53867 0.27494 0.557538
0.545472 0.146708 0.0841134
0.208072  0.709 0.0556808
0.510423 0.0439503 0.524303
0.11106 0.910829 0.0672374
0.0765716 0.819867 0.0554226
0.551601 0.129136 0.539567
0.549536  0.424 0.505292
0.53912 0.250468 0.0483988
0.0700799 0.259674 0.0846328
0.0971213  0.424 0.550349
0.0441874 0.245342 0.557893
0.0734334 0.302084 0.547215
0.0383223 0.565876 0.0502864
0.3026 0.864166 0.0259667
0.448805  0.424 0.512205
0.401387 0.496451 0.502296
0.39173 0.385246  0.538
0.407265 0.879382 0.0539718
0.5285 0.165812 0.0928879
0.130203  0.424 0.554274
0.265932 0.803751 0.027089
0.500831 0.734295 0.0734647
0.0347522 0.516373 0.0798271
0.0535 0.17803 0.258232
0.5285 0.167338 0.31864
0.0738243 0.279799 0.529729
0.0324506 0.1505 0.54452
0.115118 0.414277   0.12
0.454529 0.863266 0.0448185
0.221868  0.424 0.265752
0.0330859 0.0611572 0.546054
0.551587 0.651174 0.0693499
0.181919 0.915396 0.0530901
0.50385  0.424 0.488778
0.0535 0.167848 0.104943
0.5285 0.198834 0.121738
0.046275 0.493985 0.0469925
0.184963 0.386171  0.538
0.55185 0.412317 0.538966
0.5285 0.404496 0.176833
0.516572 0.933311 0.0489406
0.0535 0.421696 0.128531
0.0708138 0.292634 0.553539
0.161738    0.5 0.476327
0.547195  0.424 0.505071
0.373652 0.879468 0.0508876
0.323989 0.495334 0.149003
0.0844047 0.930754 0.0537907
0.511071 0.657461 0.0524889
0.0710755 0.0353625 0.523093
0.0304234 0.79538 0.0661242
0.469076 0.415022   0.12
0.0535 0.408428 0.404735
0.0598728 0.527356 0.0888605
0.318233 0.391855  0.538
0.0535 0.412435 0.482415
0.223098 0.745037 0.0496585
0.241928  0.424 0.498893
0.451592 0.939086 0.0442066
0.0826242 0.496325 0.40038
0.179273 0.416074   0.12
0.465755  0.424 0.434886
0.137296 0.921175 0.0427716
 0.557 0.447324 0.537325
0.524376 0.215483 0.560042
0.546996 0.0409655 0.0804341
0.190245  0.424 0.221901
0.508379 0.916118 0.0589881
0.551885 0.586143 0.0668678
0.392683 0.382437   0.12
0.0535 0.199236 0.38918
0.552748 0.466252 0.289442
0.0525698 0.418246 0.0911147
0.22401    0.5 0.469447
0.0535 0.191094 0.533479
0.528658  0.424 0.231982
0.5285 0.202749 0.120611
0.5285 0.400712 0.399313
0.038109 0.570866 0.0851252
0.138805  0.424 0.181544
0.0738199 0.233076 0.546281
0.31544 0.846413 0.0270367
0.0638059 0.923804 0.0482686
0.101752 0.394809   0.12
0.522343  0.424 0.560556
0.0315251 0.395403 0.533714
0.538368 0.946995 0.0480872
0.507278 0.438761 0.0738546
0.0736938 0.494539 0.179711
0.377361    0.5 0.288737
0.551051 0.102297 0.064856
0.108264  0.424 0.438226
0.5285 0.207626 0.344614
0.275512 0.949474 0.0262907
0.285009  0.424 0.300559
0.450594 0.950808 0.0629987
0.5285 0.182886 0.10476
0.172246  0.709 0.0462156
0.120732  0.424 0.257532
0.530223  0.424 0.475975
0.487495 0.498701 0.347442
0.527641  0.424 0.123302
0.073395 0.602086 0.0584426
0.1114    0.5 0.377135
0.0932514 0.410163   0.12
0.505974 0.649728 0.0707056
0.527653  0.424 0.180304
0.429473 0.498581 0.489513
0.0535 0.375047 0.480201
0.402661  0.424 0.44542
0.0839401  0.424 0.224046
0.0853495  0.424 0.135199
0.5285 0.369608 0.493862
0.0944356 0.712288 0.0517009
0.505405 0.944639 0.0554176
0.071626 0.40014 0.0813283
0.527426 0.0447959 0.091055
0.0535 0.412202 0.536134
0.334826  0.424 0.127962
0.0535 0.203073 0.117381
0.496184  0.956 0.0669617
0.424695 0.868711 0.0576031
0.537597 0.919992 0.0477677
0.488157 0.822614 0.0518243
0.125734 0.847251 0.0641804
0.233456 0.470161 0.558339
0.046792 0.0849548 0.0887216
0.127811  0.424 0.133799
0.270258 0.777875 0.0267285
0.0687502 0.180994 0.520567
0.5285 0.174231 0.456399
0.470483 0.49889 0.170338
0.281171  0.424 0.143527
0.548705 0.421853 0.0763082
0.300912 0.422465   0.12
0.0618214 0.821818 0.0474466
0.282895  0.424 0.54108
0.346275  0.956 0.0378887
0.5285 0.410897 0.112115
0.537816 0.565152 0.0478585
0.395189 0.495566 0.507605
0.383847 0.498223 0.49166
0.0467143 0.483714 0.215621
0.453584 0.383836   0.12
0.153362 0.377853   0.12
0.0535 0.374813 0.091563
0.0765731 0.192073 0.0661157
0.54818 0.320245 0.547827
0.209918 0.406146  0.538
0.0744216 0.777204 0.0609212
0.397248  0.424 0.336189
0.507375 0.401154 0.0740878
0.311693    0.5 0.357178
0.360455 0.480737 0.547763
0.5285 0.162135 0.235936
0.506442 0.947209 0.0636638
0.538583 0.405176 0.0873236
0.5285 0.167016 0.419017
0.0681844 0.252287 0.520332
 0.557 0.435114 0.105714
0.0521825 0.936293 0.0445457
0.536471  0.424 0.352973
0.298344    0.5 0.212626
0.456872  0.424 0.290021
0.431971 0.727415 0.0401191
0.0487476 0.889305 0.0895316
0.0659454 0.587325 0.0491547
0.480298 0.759189 0.050187
0.531909  0.424 0.359447
0.419899 0.414637   0.12
0.497061 0.496788 0.20658
0.111502  0.424 0.356342
0.46912 0.446954 0.0915
 0.557 0.435745 0.25596
0.282208 0.794278 0.0447326
0.473833 0.484782 0.114282
0.292684  0.424 0.515871
0.481432  0.424 0.386734
0.0535 0.379607 0.518715
0.5285 0.169225 0.510247
0.332803  0.709 0.0325222
0.452594    0.5 0.414425
0.507175 0.0667537 0.0736044
0.241926    0.5 0.398109
0.411638 0.795444 0.054883
0.280417 0.497931 0.164587
0.5285 0.402456 0.359197
0.496808  0.424 0.460952
0.0535 0.417239 0.209378
0.29879    0.5 0.424294
0.531451 0.487549 0.451744
0.296918    0.5 0.429818
0.5285 0.376634 0.351173
0.5285 0.158311 0.162588
0.218451    0.5 0.387529
0.431226  0.424 0.324305
0.0417731 0.955508 0.0488571
0.0698862 0.10895 0.084713
0.261361 0.394344  0.538
0.495297 0.890371 0.0533119
0.0337671 0.412438 0.0774488
0.049529  0.424 0.10595
0.231546 0.713541 0.0299545
0.244168    0.5 0.444774
0.0535 0.181266 0.165896
0.116457 0.491099 0.123591
0.550594 0.841892 0.0637517
0.472515    0.5 0.191618
0.0605341 0.258812 0.517163
0.435231 0.396883   0.12
0.5285 0.415519 0.150291
0.234919 0.723806 0.0296734
0.350894 0.891516 0.0489912
0.524495 0.491301 0.170264
0.127415  0.424 0.333141
0.402114  0.424 0.275608
0.432544 0.483759 0.544741
0.446156    0.5 0.269704
0.0423978  0.424 0.17728
0.160704  0.956 0.0401657
0.0707012 0.150802 0.0519388
0.100758 0.495588 0.150526
0.320294    0.5 0.181051
0.520668  0.424 0.199715
0.520341  0.424 0.498905
0.342125 0.4177  0.538
0.5285 0.196595 0.440289
0.122669  0.424 0.439656
0.198267  0.424 0.503018
0.0559462 0.471621 0.556879
0.499069  0.424 0.548739
0.403639 0.871479 0.0343866
0.258291 0.814533 0.0277257
0.53458 0.134835 0.559232
0.051219 0.134507 0.515195
0.18163 0.372308   0.12
0.396952 0.475841 0.105341
0.342334    0.5 0.280421
0.538965  0.424 0.422906
0.0535 0.1928 0.128901
0.546139 0.299712 0.082504
0.539772 0.902137 0.0868312
0.355439 0.416018  0.538
0.496463 0.496907 0.46362
0.159065  0.424 0.330675
0.509496 0.422906 0.0792089
0.061768 0.243964 0.558325
0.385098    0.5 0.248292
0.52431 0.491338 0.209597
0.417854  0.424 0.565543
0.5285 0.207197 0.492046
0.5285 0.397463 0.199071
0.213111  0.424 0.517557
0.55022 0.196522 0.0628482
0.540815 0.931759 0.0491009
0.0371127  0.424 0.319871
0.277801  0.424 0.233344
0.523947 0.142761 0.559864
0.253626 0.395665  0.538
0.0294179  0.424 0.142916
0.53464 0.536713 0.046543
0.340986    0.5 0.298714
0.5285 0.378963 0.344316
0.535705 0.483295 0.219135
0.0637818 0.173491 0.0482586
0.5285 0.191834 0.197574
0.525894  0.424 0.29158
0.0535 0.209595 0.361206
0.0535 0.402665 0.41052
0.133471 0.462647 0.565853
0.547899 0.128716 0.0782557
0.327003 0.423717   0.12
0.423206  0.424 0.189109
0.320282 0.375353  0.538
0.0561985 0.46685 0.56165
0.51029 0.311926 0.0811244
0.0643062 0.382999   0.12
0.372303 0.759754 0.0317752
0.102212 0.760791 0.0690808
0.334939 0.865647 0.0476616
0.513147 0.573191 0.050359
0.503012 0.494533 0.513799
0.330132  0.424 0.421668
0.513268 0.411588 0.0851909
0.0874015  0.424 0.27312
0.0535 0.382298 0.532836
0.441663 0.758987 0.0421381
0.347237  0.424 0.548563
0.276047 0.745315 0.0262461
0.331116  0.424 0.523327
0.540742 0.0476009 0.519321
0.0487009 0.264255 0.516238
0.357465 0.796067 0.0495388
0.0470304  0.424 0.131994
0.0535 0.406332 0.462825
0.0474231 0.659039 0.088983
0.499502 0.495468 0.149806
0.136762 0.472692 0.555808
0.474325  0.424 0.53283
0.0469953 0.483995 0.284581
0.0542907 0.415849 0.0443275
0.5285 0.206008 0.311329
0.157887 0.728339 0.0384818
0.125256  0.424 0.222389
0.0886521 0.405723  0.538
0.239599 0.913697 0.0292834
0.120596 0.494726 0.512642
0.546004 0.122467 0.52292
0.0331713 0.30413 0.54626
0.241799 0.71855 0.0481001
0.0363107 0.294671 0.08359
0.5285 0.381054 0.430533
0.0427402 0.47974 0.397217
0.341309 0.393683  0.538
0.445015 0.370032  0.538
0.134149  0.424 0.386369
0.5285 0.168314 0.279318
0.21189 0.718451 0.0505925
0.43494 0.487878 0.540622
0.364371 0.423065  0.538
0.0486505 0.228092 0.516259
0.523905 0.325907 0.0459032
0.0343554 0.271432 0.526881
0.133325 0.861472 0.0625991
0.456596 0.413425  0.538
0.185916  0.424 0.502995
0.137203    0.5 0.24319
0.511342 0.409911 0.553915
0.200324 0.492676 0.133055
0.128178  0.424 0.09798
0.074843  0.424 0.400872
0.403928    0.5 0.454471
0.5285 0.165429 0.164747
0.413565    0.5 0.293041
0.458218  0.424 0.207623
0.386842    0.5 0.197092
0.0768888 0.0505318 0.0686221
0.126921  0.424 0.295697
0.53711 0.0804487 0.0879337
0.357694  0.424 0.416299
0.507857 0.298977 0.0752514
0.5285 0.20912 0.320617
0.5285 0.378584 0.148302
0.244628 0.421256  0.538
0.0535 0.202851 0.37019
0.404252 0.40153  0.538
0.508141 0.273255 0.546187
0.462702 0.405644   0.12
0.50548 0.311891 0.536237
0.470772    0.5 0.219535
0.5285 0.193728 0.353435
0.5285 0.17296 0.465891
0.18185  0.424 0.543493
0.377286  0.424 0.22207
0.0569058 0.398247 0.515661
0.527589 0.894671 0.0443772
0.0527354 0.421369 0.514567
0.104552  0.424 0.542468
0.450621  0.424 0.254728
0.340287 0.844217 0.0481072
0.357247    0.5 0.473251
0.5285 0.194207 0.438487
0.5285 0.212497 0.342874
0.256089 0.944276 0.0279092
0.514821 0.904359 0.0573795
0.0648848 0.520044 0.0487155
0.0535 0.371881 0.380688
0.513028 0.115133 0.520659
0.449933  0.424 0.332923
0.522085 0.887387 0.0466571
0.498432  0.424 0.51688
0.504772 0.841004 0.0676967
0.550117 0.281389 0.0728988
0.0309675 0.67949 0.0648106
0.0442245 0.343016 0.0478418
 0.025 0.439959 0.200912
0.203037 0.472053 0.101553
0.086167 0.913306 0.0534235
0.5285 0.199354 0.445745
0.418927 0.784055 0.0374014
0.121324  0.956 0.053642
0.468738  0.424 0.186361
0.307437  0.956 0.0348703
0.109853 0.859492 0.067489
0.0600811 0.127953 0.0467258
0.538889  0.424 0.52456
0.0356296 0.12572 0.552195
0.509671 0.370512 0.0558687
0.330355    0.5 0.239712
0.544366 0.958162 0.0505715
0.0535 0.200922 0.40377
0.0535 0.396477 0.119575
0.0535 0.375951 0.227067
0.0526414  0.424 0.219255
0.250203  0.424 0.141917
0.117516  0.424 0.277942
0.375593  0.424 0.473813
0.537608  0.025 0.0530748
0.164824 0.480525 0.547975
0.112397 0.922051 0.066959
0.0731781 0.725617 0.0751296
0.105108 0.883039 0.0684775
0.376367 0.86425 0.0511139
0.515427 0.11743 0.519665
0.355628 0.41309  0.538
0.517682 0.260559 0.518731
0.360413    0.5 0.217688
0.459294    0.5 0.283819
0.10735 0.40869   0.12
0.510549 0.79283 0.0817515
0.368776  0.424 0.194621
0.0698552 0.754599 0.0507741
0.5025 0.830851 0.0738125
0.192292  0.424 0.253767
0.520135 0.40938   0.12
0.0704516 0.16419 0.0513361
0.0565315 0.0460899 0.0902444
0.491103 0.380836  0.538
0.22854  0.424 0.424226
0.0763453 0.260949 0.0699342
0.0535 0.397092 0.249664
0.0535 0.186547 0.533428
0.396823 0.47504 0.10454
0.359027  0.424 0.284939
0.48414 0.473115 0.102615
0.453898 0.871858 0.0446871
0.112847  0.424 0.52455
0.0891385 0.497628 0.413297
0.508999 0.8027 0.0574922
0.144659  0.424 0.536212
0.332202 0.378754   0.12
0.0770314 0.756085 0.0682777
0.5285 0.211645 0.152912
0.0710648  0.424 0.507315
0.425671  0.424 0.565112
0.403333  0.956 0.0406529
0.535757 0.654746 0.0470059
0.167711 0.442279 0.5665
 0.025 0.456842 0.532989
0.474697    0.5 0.200155
0.0528516  0.424 0.0993102
0.0671268 0.485939 0.542561
0.0579284 0.354361 0.0896658
0.0756671 0.356382 0.0639284
0.227335  0.424 0.327033
0.0725116 0.911137 0.0791901
0.5285 0.367237 0.0913876
0.308685 0.413011  0.538
0.350906  0.424 0.26948
0.526651 0.41268 0.044766
0.506581 0.450451 0.5665
0.03228 0.105278 0.544108
0.194695 0.403242   0.12
0.0491776 0.486178 0.338583
0.520492 0.381539  0.538
0.551975 0.467025 0.188271
0.0361853 0.372233 0.0522129
0.0718663 0.663934 0.0547517
0.507228 0.733578 0.0617676
0.0669735 0.13329 0.519831
0.117985    0.5 0.414858
0.547321 0.806445 0.055849
0.0736946 0.0673767 0.546584
0.408882  0.424 0.219946
0.542417 0.772002 0.0857356
0.328374 0.491473 0.532159
 0.025 0.434884 0.341683
0.244294 0.394198   0.12
0.461097    0.5 0.439647
0.507016 0.883276 0.0622791
0.5285 0.210148 0.125731
0.338611 0.397739   0.12
0.400437  0.424 0.468236
0.0340924 0.171783 0.527516
0.0727388 0.943111 0.0786417
0.545763 0.104929 0.553661
0.0426553 0.517055 0.0484917
0.0271982 0.464198 0.390842
0.445648 0.813923 0.0619683
0.475928 0.47212 0.10162
0.0320737 0.386172 0.0733604
0.4537  0.424 0.143845
0.5285 0.392295 0.094939
0.0717668 0.545179 0.0545116
0.190531 0.45393 0.0915
0.516744 0.0877515 0.0488691
0.109049 0.719006 0.0676566
0.218318  0.424 0.48314
0.0320693 0.181421 0.0621504
0.26335    0.5 0.387163
0.142515  0.424 0.484495
0.0560285 0.314907 0.0450473
0.427438 0.492364 0.131182
0.0535 0.407156 0.457496
0.443042  0.424 0.329175
0.493867 0.497427 0.276121
0.187534 0.435121 0.5665
 0.557 0.433594 0.484421
0.146033    0.5 0.2463
0.0535 0.161234 0.117144
0.510014 0.305765 0.0550399
0.488334  0.424 0.286389
0.542224  0.424 0.474897
0.539703 0.768551 0.0868598
0.125206 0.845713 0.0452904
0.409082    0.5 0.24095
0.190423 0.496641 0.501153
0.0680102  0.424 0.384702
0.519845 0.188597 0.558165
0.276392 0.872559 0.0452173
0.531771 0.487229 0.271652
0.241286 0.810814 0.0481428
0.468092  0.424 0.106189
0.542638 0.254742 0.555894
0.216625  0.424 0.13062
0.544584 0.0939845 0.520912
0.0535 0.17607 0.424241
0.0968696 0.916544 0.0701938
0.390338  0.709 0.0459591
0.0535 0.16354 0.506235
0.42773 0.933838 0.0582353
0.0535 0.159675 0.508339
0.0535 0.377347 0.524839
0.17124 0.498503 0.168016
0.149783 0.817417 0.0591703
0.137646    0.5 0.305187
0.189597 0.82306 0.0334503
0.525319 0.784296 0.0453174
0.268173 0.456317 0.5665
0.0836493 0.407038  0.538
0.280341  0.424 0.530386
0.0559524 0.115863 0.515266
0.142887    0.5 0.287488
0.320539 0.7683 0.0464616
0.0590556 0.838922 0.0891989
0.380197    0.5 0.395215
0.0298581 0.9372 0.0680111
0.531062 0.196374 0.515311
0.5285 0.395554 0.101125
0.308839 0.476046 0.552454
0.272367    0.5 0.200902
0.507602 0.0761437 0.531114
0.527467  0.975 0.0836874
0.356252 0.726473 0.0304377
0.180733 0.454281 0.0915
0.340847 0.369251   0.12
0.556164 0.462836 0.103059
0.176711 0.436621 0.0915
0.370808  0.424 0.355613
0.371875 0.955335 0.0317396
0.200745 0.910588 0.0515212
0.242391  0.424 0.47686
0.118728 0.375354   0.12
0.257527  0.424 0.482277
0.186924 0.492744 0.524538
0.510184 0.4433 0.0915
0.0535 0.40047 0.301878
0.545382 0.0639074 0.521419
0.0388988 0.050054 0.0500476
0.073981 0.108044 0.545893
0.154095 0.783751 0.0392719
0.5285 0.404392 0.524143
0.307828 0.438787 0.0915
0.0718554 0.371669 0.524975
0.481079 0.864029 0.0503498
0.33816 0.741692 0.04793
0.285485  0.424 0.153601
0.322309 0.49311 0.135658
0.296315 0.402908  0.538
0.113695 0.786255 0.0666885
0.0535 0.198349 0.402887
0.306651 0.87567 0.0453042
0.208746 0.89974 0.0318545
0.0484621 0.116595 0.516337
0.0535 0.37641 0.195984
0.484349 0.49933 0.23059
0.523603 0.875593 0.0460282
0.043816 0.281948 0.048011
0.514044 0.420847   0.12
0.045705  0.975 0.0708694
0.209036  0.424 0.269985
0.0535 0.178754 0.292531
0.318142    0.5 0.268722
0.0608891 0.158094 0.0884395
0.318357 0.493165 0.522008
0.28861 0.472706 0.555794
0.546355 0.0560356 0.0819836
0.204111    0.5 0.286919
0.377643  0.424 0.560385
0.314736 0.3826  0.538
0.0535 0.378092 0.403393
0.19002 0.920129 0.052415
0.128309 0.865736 0.063644
0.281226  0.424 0.510286
0.532537  0.424 0.305908
0.0535 0.178077 0.321755
0.367705  0.424 0.37701
0.284251 0.478848 0.549652
0.5285 0.368391 0.188287
0.0625791  0.424 0.187837
0.0535 0.203536 0.319562
0.0310842 0.758615 0.0709711
0.0535 0.370173 0.365726
0.0565055 0.491101 0.12521
0.497478 0.946808 0.0727661
0.497296 0.493068 0.522589
0.0708197 0.943249 0.0832751
0.239789 0.389696   0.12
0.348607 0.379112   0.12
0.483233  0.424 0.427114
0.139101 0.494501 0.144004
0.541123 0.477877 0.543775
0.422679 0.874413 0.0571831
0.0535 0.172308 0.161051
0.392288 0.814743 0.0334407
0.331086  0.424 0.184249
0.292116    0.5 0.458407
0.0924077  0.424 0.32019
0.543027  0.424 0.45941
0.111646  0.424 0.529973
0.0535 0.202397 0.443767
0.329211  0.424 0.164843
0.5285 0.192789 0.271452
0.386336    0.5 0.382717
0.0740873 0.0314682 0.0753858
0.0484819 0.183576 0.516328
0.359925 0.836685 0.0307438
0.0535 0.185021 0.117455
0.233228    0.5 0.360901
0.5285 0.385466 0.505259
0.0354276 0.104792 0.0540421
0.490168 0.498166 0.455095
0.490786 0.374497   0.12
0.535444  0.424 0.210199
0.0535 0.15918 0.142755
0.23105 0.393789   0.12
0.0641691 0.188586 0.557331
0.138719 0.884026 0.0424752
0.0729617  0.424 0.472926
0.333056 0.493917 0.517499
0.350621  0.424 0.556421
0.510306  0.424 0.522807
0.491099  0.424 0.510081
0.5285 0.198188 0.306566
0.172803 0.481151 0.110651
0.537972 0.947466 0.0875767
0.208108  0.424 0.477536
0.0433207 0.427083 0.5665
0.213404 0.371602   0.12
0.356057 0.91535 0.0494215
0.115693  0.424 0.506119
0.182803 0.431772 0.5665
0.5285 0.371314 0.53595
0.5285 0.194529 0.389167
0.0535 0.187027 0.106201
0.0535 0.3822 0.149684
0.366486    0.5 0.33511
0.191558  0.424 0.279248
0.306352    0.5 0.445691
0.476796 0.926268 0.0684576
0.547733  0.424 0.191378
0.46114  0.424 0.264798
0.188223  0.424 0.511205
0.285578  0.424 0.192135
0.0593147 0.491663 0.143006
0.5285 0.411413 0.158215
0.531053 0.215463 0.0904425
0.0709065 0.255352 0.553315
0.35774    0.5 0.214442
0.0345135 0.550968 0.0792508
0.294338  0.424 0.507118
0.462446 0.483809 0.544691
0.328434 0.931537 0.0471195
0.0386957 0.475696 0.327447
0.0687168 0.785507 0.0503026
0.314898 0.861492 0.0459915
0.072361 0.542583 0.0795538
0.389052 0.802257 0.052171
0.280169 0.878106 0.0449026
0.123358 0.463492 0.565008
0.0453942 0.468683 0.0881427
0.519585 0.223846 0.517943
0.5285 0.17291 0.218495
0.172121 0.855433 0.0545164
0.0535 0.406799 0.463745
0.293014 0.792774 0.0441679
0.414753    0.5 0.182369
0.254367  0.424 0.508113
0.380842    0.5 0.429341
0.0535 0.371838 0.419466
0.5285 0.396138 0.308487
0.332025  0.424 0.270019
0.51715 0.379715   0.12
0.540372 0.864252 0.0489173
0.0508039 0.309703 0.0903833
0.0782464  0.424 0.41453
 0.025 0.442084 0.221104
0.0716067 0.494121 0.163758
0.135078 0.737969 0.0622337
0.0604536 0.558779 0.0886199
0.0493601 0.777199 0.0897853
0.0535 0.400957 0.476495
0.350546 0.788736 0.0299621
0.547759 0.383979 0.527156
0.44134 0.400968  0.538
0.521856  0.424 0.379269
0.264165    0.5 0.421792
0.111169    0.5 0.38738
0.0681166 0.910407 0.085446
0.509958 0.839541 0.080323
0.409909  0.424 0.161828
0.285757    0.5 0.245796
0.504843 0.19444 0.537775
0.231082  0.424 0.307034
0.219006 0.475751 0.552749
0.0710015  0.494 0.349533
0.5285 0.407183 0.233543
0.0535 0.400845 0.336254
0.344613 0.495909 0.152455
0.357916  0.424 0.379981
0.343431  0.424 0.176825
0.420081 0.917333 0.0376418
0.0356418 0.316605 0.552225
0.326099 0.478002 0.107502
 0.025 0.451337 0.13893
0.243927 0.491411 0.125466
0.103348  0.424 0.157797
0.39722  0.424 0.105017
0.0535 0.379869 0.264789
0.0746333 0.31096 0.544318
0.266626  0.424 0.551143
0.429326 0.409362   0.12
0.364387  0.956 0.0407957
0.530389 0.920797 0.0447825
0.202896 0.491442 0.53235
0.531821  0.424 0.180914
0.0439132 0.108046 0.0875293
0.543681 0.475319 0.111836
0.150526 0.374729  0.538
0.0601675  0.424 0.392619
0.547063 0.185061 0.0552278
0.129471  0.424 0.43143
0.387555 0.499322 0.485066
0.508966 0.75962 0.0779293
0.238905    0.5 0.408152
0.266552 0.916518 0.0460373
0.318875  0.424 0.315051
0.0535 0.214749 0.41447
0.5285 0.39931 0.384852
0.340813 0.440082 0.5665
0.47138 0.461346 0.0915
0.285652 0.927426 0.0444456
0.524366 0.114749 0.0457123
0.186751 0.767232 0.0336874
0.536391  0.424 0.0930037
0.0815334  0.424 0.13657
0.300796    0.5 0.351454
0.0541517 0.377708 0.51452
0.5285 0.379262 0.403466
0.0535 0.388966 0.419784
0.262939 0.723838 0.0273384
0.46997 0.818995 0.0670354
0.396821    0.5 0.277815
0.130711    0.5 0.179767
0.5285 0.369098 0.414161
0.0535 0.405473 0.447211
0.184262 0.900979 0.0338948
0.180492 0.468216 0.560284
0.0590044 0.217724 0.0892201
0.216029  0.424 0.268536
0.396781 0.49494 0.146641
0.535167  0.424 0.221205
0.0868628 0.422284   0.12
0.450624 0.490002 0.538498
0.199515  0.424 0.497021
0.0535 0.420016 0.179446
0.417617    0.5 0.313254
0.5285 0.380962 0.352269
0.54594 0.47306 0.455617
0.0693254 0.354379 0.555195
0.5285 0.190512 0.0701668
0.0872326 0.804321 0.0722015
0.5285 0.414127 0.511948
0.0465568 0.483557 0.227391
0.329013 0.719452 0.0281677
0.0535 0.375989 0.24778
0.0535 0.183973 0.183585
0.227444 0.389132  0.538
0.547191 0.952904 0.0799652
0.235153 0.497008 0.498953
0.285001 0.464505 0.563995
0.357723 0.392318  0.538
0.258388 0.411134   0.12
0.0429387 0.227838 0.518624
0.0527622 0.461063 0.5665
0.0535 0.386156 0.189619
0.167483 0.428705 0.5665
0.0295129 0.466513 0.161426
0.345167  0.424 0.406999
0.50706 0.279012 0.532424
0.270849 0.744668 0.0266793
 0.025 0.433613 0.498695
0.0313032 0.342507 0.53425
0.222725 0.766177 0.0306896
0.164109 0.472323 0.101823
0.537137 0.269489 0.0475774
0.431822 0.382934   0.12
0.140404 0.400419   0.12
0.525479  0.975 0.0832978
0.525521 0.0298992 0.0902659
0.360576  0.424 0.417418
0.306283 0.844792 0.0262736
0.307219  0.424 0.371863
0.0563712 0.283986 0.0903108
0.0348838 0.471884 0.134569
0.509226 0.594642 0.0569424
0.178831 0.42931 0.0915
0.438888 0.850209 0.06056
0.405583  0.424 0.200644
0.396422 0.487046 0.116546
0.0553192 0.188984 0.560996
0.0923471  0.424 0.328554
0.53267 0.279543 0.560023
0.505685 0.0993105 0.540258
0.208993 0.862571 0.0318339
0.0460763 0.468837 0.0983373
0.541712  0.424 0.195712
0.0535 0.369083 0.474705
0.386231  0.424 0.492014
0.375878  0.424 0.162413
0.0616167 0.0315557 0.0473618
0.302429    0.5 0.24074
0.5285 0.378184 0.530967
0.440222  0.424 0.490639
0.361101 0.49434 0.51496
0.526985 0.127502 0.0908726
0.196175 0.902668 0.0519021
0.278542 0.773051 0.0260382
0.0444329  0.424 0.456996
0.5285 0.37352 0.132556
0.436448 0.915869 0.0410517
0.0604822 0.367794   0.12
0.549269 0.207898 0.545197
0.0637233 0.301302 0.0872656
0.239565 0.802815 0.0482862
0.0379357 0.182168 0.555303
0.0724005 0.77382 0.0560416
0.305353    0.5 0.412028
0.5285 0.179551 0.260185
0.548266 0.623098 0.0773695
0.279104    0.5 0.331058
0.0252698 0.46227 0.470103
0.108749  0.424 0.288844
0.0730719 0.244803 0.527913
0.126732 0.494184 0.515894
0.0424091 0.479409 0.409724
0.537218 0.912555 0.0476108
0.5285 0.398655 0.199014
0.459705 0.394808  0.538
0.5285 0.399915 0.244672
0.539188 0.137716 0.0484268
0.482034 0.499793 0.435452
0.435746    0.5 0.4029
0.0323571 0.284279 0.0614556
0.0535 0.178701 0.266832
0.511702 0.192032 0.521215
0.5454 0.099071 0.0512122
0.41051 0.863898 0.0546479
0.317306  0.424 0.549423
0.532465 0.841731 0.0898578
0.428147    0.5 0.243336
0.17904    0.5 0.18238
0.163563    0.5 0.45693
0.0535 0.179885 0.430822
0.230027 0.80257 0.049081
0.216929 0.899146 0.0501726
0.392189    0.5 0.353848
0.0677119 0.0664823 0.0856136
0.0535 0.180119 0.0822985
0.0312451 0.944538 0.0713598
0.239783  0.424 0.412744
0.274499  0.424 0.248585
0.432297  0.424 0.457511
0.127664 0.857714 0.0637783
0.0412434 0.161401 0.0864235
0.0428829 0.182536 0.557352
0.536381 0.358413 0.517514
0.443485 0.86239 0.0615178
0.105264 0.420632  0.538
0.0761177 0.114529 0.0704837
0.0529315  0.025 0.047312
0.0535 0.382754 0.536524
0.5285 0.405434 0.13753
0.5285 0.199278 0.37606
0.20964  0.424 0.303281
0.34226  0.424 0.121394
0.119402 0.409241   0.12
0.474758 0.862276 0.0490329
0.518526 0.410583 0.0873691
0.421816  0.424 0.342703
0.5285 0.40016 0.225027
0.364017  0.424 0.413821
0.459696    0.5 0.369268
0.486236 0.46131 0.0915
0.511718 0.903252 0.0757328
0.446632  0.424 0.4958
0.255226 0.397579   0.12
0.5285 0.205604 0.433582
0.0535 0.194837 0.223602
0.5285 0.380018 0.185475
0.356984  0.424 0.109367
0.199503 0.797144 0.0326247
0.5285 0.20402 0.176968
0.5285 0.206745 0.519977
0.0323676  0.424 0.130636
 0.557 0.460068 0.49713
0.172889 0.722837 0.0543565
0.0749132 0.297283 0.0621082
0.0595018 0.0512284 0.559264
0.510548 0.285158 0.0537515
0.30648    0.5 0.303042
0.0535 0.406608 0.505093
0.224181 0.854796 0.0305683
0.477657  0.424 0.427199
 0.025 0.45254 0.435068
0.0735517 0.445989 0.076679
0.326814 0.447304 0.5665
0.5285 0.412575 0.233528
0.224455  0.424 0.44809
0.5285 0.416767 0.430471
0.518739 0.228412 0.0480429
0.214805  0.424 0.273327
0.296529 0.48247 0.11197
0.5285 0.417512 0.415681
0.0771209 0.402724   0.12
0.14582 0.409036  0.538
0.0759259 0.176843 0.534803
0.409374 0.41514  0.538
0.532376 0.861827 0.0456054
0.22628 0.480278 0.548222
0.43222    0.5 0.350791
0.463525 0.783052 0.0466926
0.186978 0.394721   0.12
0.094878  0.709 0.0570849
0.284188    0.5 0.326617
0.0725348 0.295005 0.526616
0.507495  0.424 0.0924533
0.311616    0.5 0.417573
0.506938 0.0945433 0.0730325
0.0601783 0.215544 0.0467661
0.508845 0.507606 0.0776368
0.462751    0.5 0.478765
0.5285 0.40383 0.25827
0.28528 0.78099 0.0254767
0.0348552  0.424 0.221052
0.225123  0.424 0.381348
0.5285 0.207224 0.203474
0.0535 0.402053 0.35517
0.137282 0.3695  0.538
0.5285 0.205926 0.429229
0.0456322 0.296585 0.517509
0.0535 0.419655 0.162689
0.551239 0.242602 0.0653085
0.399714 0.466846 0.0963464
0.0404284 0.501705 0.0494141
0.11071 0.9288 0.0673105
0.207309    0.5 0.311675
0.448662 0.739756 0.0435962
0.427698  0.424 0.296643
0.554559 0.464441 0.310873
0.5285 0.422282 0.491198
0.217287 0.842022 0.0311428
0.313396 0.755318 0.0268663
0.0638208 0.475484 0.553016
0.300098  0.424 0.204943
0.147829 0.863902 0.0405772
0.507437 0.0393898 0.544487
 0.557 0.440575 0.126501
0.315319 0.827792 0.0270265
0.448767 0.441804 0.5665
0.202954 0.790733 0.0513372
0.487999 0.840802 0.0707915
0.469142 0.72903 0.0478628
0.213484  0.424 0.28618
0.0515563  0.424 0.148464
0.0737063 0.0480316 0.0763057
0.109386 0.890374 0.0485862
0.416115    0.5 0.308099
0.0535 0.19881 0.133978
0.547943 0.177015 0.0573511
0.0535 0.39539 0.459086
0.119214  0.424 0.378054
0.301615  0.424 0.326403
0.551918 0.177508 0.0669484
0.0329294 0.909882 0.0754262
0.493333 0.488131 0.117631
0.122859 0.8486 0.0647795
0.288676    0.5 0.407302
0.392855 0.492587 0.525476
0.381787 0.399437  0.538
0.0632899  0.424 0.284829
0.551529 0.366205 0.0694897
0.455157  0.424 0.202337
0.407598 0.486946 0.116446
0.448949 0.492402 0.131414
0.0712612 0.494052 0.236673
0.190147    0.5 0.422151
0.0535 0.372374 0.08526
0.0422751 0.86545 0.0486492
0.406693 0.733915 0.0348526
0.549513 0.269105 0.0611427
0.55133 0.46767 0.27107
0.410628  0.424 0.542909
0.514423 0.404905 0.0498306
0.367571 0.488435 0.117935
0.5285 0.178962 0.344705
0.359421 0.414106   0.12
0.143367    0.5 0.465127
0.0543715 0.680542 0.091139
0.175647 0.393755   0.12
0.0535 0.203722 0.278021
0.139151 0.741958 0.0423852
0.545754 0.446034 0.0520668
0.103869 0.447412 0.5665
0.233312 0.391865  0.538
0.0416596 0.272143 0.556846
0.346649  0.424 0.416107
0.0321519 0.855193 0.073549
0.0535 0.402608 0.183017
0.517346 0.549429 0.0486199
0.0374993 0.928105 0.0506273
0.463437 0.856247 0.0656743
0.525055  0.424 0.180818
0.254293 0.426436 0.0915
0.516653 0.621908 0.0489071
0.422521  0.424 0.28444
0.334232 0.782635 0.0476027
0.378648  0.424 0.471273
0.497577  0.424 0.155223
0.0535 0.417566 0.234669
0.5285 0.376299 0.221242
0.0825012  0.424 0.226738
0.133328 0.464468 0.0939682
0.043052 0.480052 0.347252
0.179292 0.498509 0.168052
0.320085  0.424 0.178369
0.5285 0.176609 0.386618
0.144035  0.424 0.174372
0.0511475 0.488148 0.336217
0.322251 0.775983 0.0276043
0.5285 0.384934 0.259441
0.0535 0.160786 0.185209
0.290498 0.749464 0.0250418
0.1683  0.424 0.231214
0.0740723 0.39477 0.0754222
0.289645 0.496098 0.504412
0.0696611  0.025 0.0623985
0.0535 0.197719 0.527054
0.525306 0.219141 0.560427
0.5285 0.177818 0.214187
0.511133 0.485456 0.114956
0.0750002 0.0794634 0.532568
0.0589183 0.816826 0.0892558
0.0535 0.378003 0.354785
0.286529    0.5 0.280491
0.4003  0.424 0.175284
0.486222 0.498956 0.303036
0.529756 0.244246 0.0909798
0.313552  0.424 0.227675
0.32245 0.393584   0.12
0.516635 0.0746724 0.0865857
0.302431  0.424 0.135323
0.330584    0.5 0.359953
0.0535 0.183079 0.283377
0.171743 0.472264 0.556236
0.320426  0.424 0.482948
0.0535 0.189723 0.321491
0.0753875 0.366876 0.0722469
0.0535 0.203002 0.0688904
0.390993 0.882742 0.0523328
0.437363 0.799571 0.0602422
0.554774 0.453945 0.0915
0.0492499 0.280306 0.51601
0.288014 0.417702  0.538
0.549466 0.12921 0.544722
0.192364    0.5 0.47099
0.375993 0.878575 0.0510827
0.480659  0.424 0.442199
0.323015  0.424 0.513479
 0.557 0.429383 0.133238
0.541182  0.025 0.544692
0.311996 0.859725 0.0457497
0.5285 0.410748 0.270343
0.52197 0.24402 0.516955
0.551235 0.331272 0.540451
 0.557 0.459161 0.538468
0.147857    0.5 0.211292
0.506658 0.432581 0.5665
0.417563    0.5 0.192931
0.421807 0.790294 0.0570014
0.521929 0.78453 0.0887784
0.0535 0.369255 0.367265
0.0352037 0.926679 0.0545827
0.0385382 0.329048 0.085303
0.398151    0.5 0.2335
0.511999  0.424 0.527693
0.254226  0.424 0.395094
0.0742129 0.95998 0.0750827
0.119055 0.838302 0.0655719
0.488185 0.713804 0.0708302
0.22207    0.5 0.479511
0.198276 0.733685 0.051727
0.194396 0.788308 0.0520503
0.0457878 0.149941 0.0471943
0.366187 0.925431 0.0312656
 0.557 0.454317 0.280001
0.0300563 0.1201 0.537261
0.5285 0.183901 0.227545
0.077173 0.155083 0.067936
0.480826  0.424 0.503419
0.0428258 0.0333996 0.0870789
0.482133 0.499773 0.283201
0.449008  0.424 0.109573
0.0614071 0.243231 0.517525
0.5285 0.415713 0.457173
0.0374017 0.214214 0.0506677
0.459748 0.478236 0.107736
0.132883  0.424 0.383436
0.0315413 0.595781 0.0720748
0.0535 0.408555 0.0745479
0.149747 0.402342   0.12
0.0324928 0.853043 0.0611279
0.320357 0.387104  0.538
0.226438 0.45706 0.5665
0.456893 0.397619  0.538
0.388116 0.463871 0.564629
0.50928 0.419993 0.548937
 0.025 0.438563 0.243417
0.0535 0.406331 0.260069
0.250793 0.419043  0.538
0.523676 0.491465 0.344863
0.220533 0.890665 0.0308723
0.189537 0.39943  0.538
0.446324 0.489382 0.539118
0.208513 0.378578   0.12
0.357804 0.4182  0.538
0.0535 0.213315 0.253641
0.0535 0.390053 0.149176
0.0535 0.381644 0.237281
0.213413  0.424 0.44703
0.0399151 0.476915 0.321915
0.550358 0.227022 0.0723174
0.553483 0.465517 0.383326
0.066288 0.0522865 0.0862034
0.52238 0.893543 0.0465349
0.523118 0.18647 0.516479
0.0366351 0.455997 0.0511269
0.0560533 0.403602   0.12
0.29832 0.498645 0.168872
0.241593  0.424 0.283207
0.442923 0.903375 0.0424007
0.0476833  0.424 0.312481
0.371947 0.476313 0.552187
0.234473    0.5 0.253747
0.5285 0.419939 0.225441
0.528365  0.025 0.51876
0.0656253 0.856388 0.0767031
0.505687 0.076843 0.0654887
0.508511 0.853393 0.0768314
0.473985 0.41901   0.12
0.5285 0.17804 0.156512
0.50349 0.897176 0.0550188
0.529681 0.489077 0.0444893
0.0325803 0.181318 0.0745833
0.101431  0.424 0.543069
0.474117 0.818184 0.0488995
0.252075 0.764793 0.0282438
0.0372416 0.139064 0.050734
0.547299 0.810102 0.0797034
0.534472  0.025 0.529203
0.0711518 0.904814 0.0755517
0.0997908 0.850467 0.0505853
0.0717643 0.581988 0.0545056
0.5285 0.201842 0.36964
0.541717 0.251235 0.519725
0.369772 0.429173 0.5665
0.279521 0.857152 0.0259566
0.229758    0.5 0.323459
0.507823 0.148158 0.53058
0.0641851 0.870458 0.0870743
0.547208 0.915158 0.0555777
0.0535 0.166198 0.326489
0.509501 0.420882  0.538
0.522628 0.491674 0.256711
0.5285 0.379947 0.184962
0.542218 0.974448 0.0496817
 0.557 0.4532 0.24665
0.0730115 0.557846 0.0575167
0.538489 0.0788503 0.0873626
0.0493779 0.691598 0.0897927
0.555115 0.440934 0.0915
0.304807    0.5 0.462314
0.033225 0.894327 0.05936
0.50713 0.407713 0.0620046
0.0343999  0.025 0.0700457
0.254744 0.47281 0.55569
0.435871 0.92861 0.0409314
0.486516 0.496447 0.155681
0.50791 0.494618 0.408756
 0.025 0.436699 0.111262
0.517492 0.281192 0.0869406
0.43451    0.5 0.436665
0.340217 0.770951 0.0481015
0.0675368 0.21086 0.520064
0.299378  0.424 0.144191
0.163075 0.843837 0.056401
0.462161 0.423661  0.538
0.152846 0.384376   0.12
0.257575  0.424 0.421109
0.0535 0.209987 0.507626
0.076624 0.495125 0.242139
0.168547  0.424 0.135435
0.217389  0.424 0.402956
0.373787 0.457701 0.0915
0.204796 0.370212  0.538
0.27819 0.48344 0.54506
0.503756  0.424 0.554985
 0.557 0.44966 0.109051
0.5285 0.200381 0.172471
0.031875  0.424 0.470696
0.0701132 0.376941  0.538
0.48874  0.424 0.164594
0.0576542  0.424 0.258974
0.0379116 0.438454 0.5665
0.191254    0.5 0.444378
0.527839 0.51969 0.0442737
0.215433 0.495203 0.148219
0.5285 0.403808 0.195455
0.302953 0.814348 0.0449961
0.525856 0.396651 0.0904047
0.107886 0.497351 0.496892
0.1202 0.821471 0.0463334
0.323545 0.382981  0.538
0.495741 0.497052 0.405464
0.0535 0.409104 0.406144
0.555346  0.424 0.396026
0.403956  0.424 0.237685
 0.557 0.429979 0.331106
0.157333    0.5 0.320043
0.485864 0.855085 0.0703467
0.18349 0.72985 0.0529592
0.0800249 0.823858 0.0547032
0.5285 0.384646 0.205189
0.0915028 0.741588 0.0713119
0.39416 0.397664   0.12
0.34231  0.424 0.480518
0.5285 0.190105 0.205951
0.106365  0.424 0.388393
0.443186 0.494238 0.515575
0.452586 0.392384  0.538
0.054444 0.0593798 0.514641
0.474695  0.424 0.243265
0.5285 0.418657 0.183647
0.299189  0.424 0.221933
0.0463583 0.483358 0.43686
0.379587 0.413532  0.538
0.15424 0.386408   0.12
0.327484  0.424 0.357564
0.111379 0.475657 0.552843
0.139703 0.82851 0.0612701
0.136496 0.474225 0.554275
0.140279 0.893349 0.0611501
0.455675 0.945408 0.0450573
0.0535 0.160895 0.196749
0.0535 0.199091 0.458699
0.449527 0.719142 0.0437764
0.155128 0.411698   0.12
0.249349 0.95267 0.0474709
0.332182  0.424 0.556883
0.0512679  0.424 0.479733
0.497465 0.496707 0.469639
0.0535 0.173421 0.419843
0.169551 0.765415 0.0550518
0.239326    0.5 0.19025
0.304332    0.5 0.236023
0.196883 0.382203   0.12
 0.557 0.434397 0.140012
0.5285 0.395279 0.303395
0.074388 0.279644 0.07466
0.0535 0.390272 0.135754
0.372811 0.493366 0.137197
0.0501273 0.487127 0.47748
0.337768 0.882412 0.0478974
0.509402 0.0446427 0.0789823
0.408017  0.424 0.398142
0.0962398  0.424 0.265156
0.532907 0.60002 0.0896746
0.5285 0.385311 0.235519
0.0301861 0.321113 0.539053
0.0748206 0.247601 0.543865
0.426491    0.5 0.279822
0.512201  0.956 0.0741804
0.5285 0.384051 0.297861
0.5285 0.395494 0.160657
0.512279  0.424 0.229339
0.16202    0.5 0.335851
0.476392  0.424 0.46387
0.33127  0.424 0.349715
0.302749 0.757528 0.0449791
0.0317432 0.57632 0.0725623
0.177772    0.5 0.443678
0.0574115 0.324253 0.56013
0.352311    0.5 0.445184
0.349931 0.472713 0.555787
0.0578156 0.461379 0.0457875
0.0640009 0.292058 0.0483493
0.5285 0.408544 0.38425
0.0392739 0.668679 0.0856077
0.470355 0.740293 0.0481157
0.297576  0.956 0.027242
0.0660298 0.112201 0.55656
0.280208    0.5 0.21035
0.376586    0.5 0.189602
0.52779 0.846414 0.0912061
 0.557 0.434089 0.541445
0.504881 0.869235 0.0553085
0.18063 0.390179   0.12
0.0535829 0.101241 0.0914657
0.5285 0.213198 0.205858
0.508549 0.551119 0.0769222
0.516571 0.849155 0.0865592
0.310116    0.5 0.475759
0.0672489  0.424 0.137823
0.335725  0.956 0.033478
0.535631 0.0987198 0.558796
0.0484896  0.025 0.549635
0.5285 0.417138 0.269559
0.5285 0.195053 0.400164
0.317576 0.395502  0.538
0.0930181 0.388948  0.538
0.265549    0.5 0.274258
0.51737 0.489705 0.119205
0.0747602 0.812138 0.0558
0.507089 0.359138 0.532353
0.0514217 0.472457 0.101957
0.5285 0.169265 0.251639
0.5285 0.201717 0.424011
0.107785 0.750094 0.0489197
0.0535 0.379365 0.415653
0.192945 0.384046   0.12
0.247228 0.373282   0.12
0.343292 0.914655 0.0483577
0.50084 0.482533 0.545967
0.5285 0.410289 0.0697602
0.0535 0.213018 0.454042
0.124595 0.795532 0.0454177
0.187331 0.412203   0.12
0.200049    0.5 0.446651
 0.557 0.441216 0.432231
0.364856 0.420247  0.538
0.280504  0.424 0.500658
 0.557 0.442923 0.10291
0.0827996  0.424 0.250938
0.474875  0.424 0.432907
0.43589    0.5 0.251072
0.384176  0.424 0.383243
0.214512  0.709 0.0382096
0.545589 0.669102 0.0516687
 0.557 0.447341 0.212354
0.462995 0.824677 0.0655824
0.320584 0.911845 0.0274653
0.0532079 0.795673 0.044121
0.471093 0.817237 0.0672693
0.310968 0.77486 0.045664
0.3486 0.479558 0.548942
0.544811 0.356919 0.554994
0.311609 0.429561 0.0915
0.0549398 0.300715 0.0909036
0.404597 0.41473   0.12
0.342159 0.499124 0.486256
0.546845 0.272474 0.551048
0.0535 0.214164 0.232739
0.414811    0.5 0.313184
0.277839 0.925526 0.0260967
0.259187 0.41644   0.12
0.403161  0.424 0.414036
0.169733 0.477239 0.551261
0.549201 0.269579 0.075111
0.0547913 0.490758 0.189302
0.306314 0.753644 0.0452762
0.547955 0.174524 0.548369
0.28717  0.424 0.489946
0.321391    0.5 0.277729
0.508174 0.319974 0.529734
0.0403285 0.168204 0.0494555
0.226022 0.842368 0.0304149
0.268841 0.772931 0.0458466
0.445635  0.956 0.0610387
0.0392945 0.476295 0.190644
0.543022 0.363604 0.0854851
0.0953382 0.725156 0.0515129
0.520038 0.360394 0.558245
0.408815    0.5 0.344196
0.226705    0.5 0.199558
0.516621 0.170618 0.55683
0.0885403 0.497508 0.169083
0.237256  0.424 0.363918
0.0741387 0.324608 0.545512
0.435695 0.405962  0.538
0.542502 0.476498 0.496133
0.533314 0.0745985 0.0895061
0.469933  0.424 0.184859
0.0734882 0.81285 0.0768323
0.282949 0.441858 0.0915
0.491079 0.453595 0.5665
0.378207 0.948868 0.0322673
0.474603 0.45956 0.0915
0.5285 0.406718 0.278061
0.5285 0.399952 0.237788
0.0486921 0.266321 0.559759
0.552045 0.0304291 0.0682447
0.0415378 0.478538 0.232605
0.168799 0.499071 0.171428
0.516666 0.952051 0.0767638
0.549634 0.702568 0.061433
0.069979 0.8409 0.075796
0.178119    0.5 0.314222
0.264904  0.424 0.266681
0.206363    0.5 0.367732
0.372306    0.5 0.301519
0.323269 0.786814 0.0466891
0.505567 0.0693571 0.536029
0.272389  0.424 0.456213
0.51559 0.055751 0.049347
0.216886 0.793631 0.0311762
0.477799    0.5 0.21599
0.356793 0.492074 0.129446
0.451501 0.767393 0.0441877
0.530323 0.658797 0.0907451
0.0359293 0.420474 0.0528309
0.514761 0.85187 0.0496907
0.410844  0.424 0.514778
0.246662 0.493854 0.140121
0.288908 0.491597 0.126582
0.5285 0.395583 0.289437
0.190456 0.948636 0.0333787
0.280632 0.410636   0.12
0.32673 0.446633 0.5665
0.5285 0.163198 0.206355
0.0603979 0.0305068 0.046857
0.451034  0.424 0.502929
0.0535 0.180665 0.150545
0.0535 0.202661 0.473746
0.440738 0.943779 0.0609454
0.356811  0.424 0.26824
0.547706 0.861419 0.0567784
0.0535 0.381649 0.239407
0.5285 0.399884 0.446811
0.369597 0.886653 0.0505498
0.51558 0.417796 0.0493512
0.232331 0.407208   0.12
0.432989  0.424 0.399979
0.152344    0.5 0.440155
0.5285 0.207697 0.149566
0.547231 0.127481 0.550118
0.546952 0.106359 0.0549594
0.358455 0.414589   0.12
0.51665 0.19112 0.556842
0.136586 0.384868   0.12
0.5285 0.383698 0.101799
0.5285 0.193176 0.208124
0.113638 0.922442 0.0477004
0.0535 0.370519 0.0822746
0.407155  0.424 0.290431
0.214139  0.424 0.501118
0.254438    0.5 0.323253
0.238144 0.496375 0.15525
0.203244 0.830276 0.051313
0.335838 0.415062  0.538
0.504964 0.604181 0.0682671
0.507128 0.494774 0.378537
0.0331666 0.0746327 0.546249
0.502452  0.424 0.306549
0.0535 0.391757 0.0950471
0.315983  0.424 0.288678
0.173357 0.935869 0.0542589
0.261277 0.92691 0.046477
0.5189 0.439653 0.0479761
0.103257    0.5 0.349886
0.205093  0.424 0.382095
0.172483    0.5 0.35701
0.0535 0.203111 0.47097
0.354649 0.391752  0.538
0.544899 0.524981 0.0507923
0.35782 0.77919 0.0495683
0.0535 0.161411 0.112432
0.5285 0.399586 0.157773
0.5285 0.412479 0.313617
0.0535 0.186114 0.0883105
0.0946909 0.498738 0.319449
0.540457 0.476862 0.0865477
0.5285 0.406802 0.37145
0.478975  0.424 0.183264
0.134989 0.479391 0.108891
0.076028 0.0520522 0.0707004
0.548903 0.484488 0.0596693
0.0759908 0.388918 0.53496
0.0371731 0.137845 0.554987
0.45237  0.424 0.417762
0.390617    0.5 0.322215
0.218047 0.760438 0.0310794
0.040834 0.151318 0.519496
0.17053 0.420378  0.538
0.430238 0.495496 0.508023
0.488688 0.498462 0.265458
0.23443    0.5 0.35472
0.0668273 0.10899 0.55623
0.0535 0.372532 0.50125
0.243924 0.813866 0.028923
0.121783 0.495822 0.151933
0.0968162 0.493906 0.517561
0.398164  0.424 0.288472
0.101354  0.424 0.402191
0.14215    0.5 0.467686
0.5285 0.166176 0.183623
0.0769909 0.158869 0.538626
0.027089 0.464089 0.270091
0.239195 0.785978 0.0293171
0.295354  0.424 0.102638
0.101374  0.709 0.0678433
0.090659 0.885825 0.0714877
0.510402 0.392052 0.0541044
0.540595 0.363128 0.0490096
0.537805 0.198216 0.087646
0.5285 0.204685 0.290573
0.545106 0.837293 0.0846221
0.0343945 0.471395 0.11496
0.0443536  0.424 0.465973
0.5285 0.400612 0.526817
0.477444  0.424 0.289044
0.0655037 0.873572 0.0577284
0.43754 0.84414 0.0602791
0.0535 0.417484 0.256355
0.513866 0.923327 0.0854386
0.401847 0.371984   0.12
0.0416434 0.707301 0.0865891
0.387158 0.950434 0.0330132
0.0535 0.375953 0.416265
0.144237 0.786561 0.0413256
0.05318 0.168569 0.0441326
 0.557 0.427997 0.532789
0.174504    0.5 0.444374
0.445058  0.709 0.0658541
0.403973  0.424 0.283276
0.0526608 0.240758 0.514598
0.510348 0.333016 0.551515
0.260155    0.5 0.458665
0.371975    0.5 0.187563
0.211975 0.848875 0.0315854
0.392282 0.387939  0.538
0.0586692 0.475799 0.046141
0.424537  0.424 0.422313
0.212097    0.5 0.400949
0.0593712 0.622184 0.0464318
0.0535 0.390382 0.369308
0.0647539 0.26149 0.557089
0.548032 0.323913 0.0575674
0.511375 0.448186 0.0915
0.55123 0.14182 0.540463
0.111391    0.5 0.46059
0.429041  0.424 0.110522
0.5285 0.169085 0.367679
0.291522 0.941948 0.0440435
0.384582  0.424 0.417338
0.0781687 0.925729 0.0740899
0.0570552 0.323352 0.0900275
0.517543 0.50193 0.0485384
0.0535 0.378587 0.35585
0.213483 0.448821 0.5665
0.272164  0.424 0.408128
0.0535 0.19878 0.0996036
0.5285 0.413574 0.108776
0.344559 0.919875 0.0294632
0.0591615 0.15444 0.0463449
0.290529    0.5 0.310609
0.14689 0.39899   0.12
0.528902 0.517322 0.0913336
 0.525 0.45826 0.0915
0.0451423 0.482142 0.303044
0.197456  0.424 0.131553
0.170405  0.424 0.218475
0.220285 0.919732 0.0308929
0.253043    0.5 0.254016
0.409189    0.5 0.20059
0.0517113 0.278187 0.514991
0.0535 0.372739 0.337371
0.522863 0.22868 0.516585
0.385808 0.710482 0.0519007
0.442563 0.478676 0.108176
0.5285 0.189369 0.487408
0.534668 0.21152 0.559195
0.508129 0.413896 0.0759075
0.532495 0.537251 0.0898454
0.341814 0.394147  0.538
0.177391  0.424 0.247048
0.529543 0.166546 0.044432
0.0535 0.209449 0.229522
0.0535 0.413994 0.184309
0.5285 0.383504 0.379418
0.317605 0.468805 0.0983052
0.5285 0.368732 0.449546
0.452276 0.49564 0.507162
0.519451 0.231782 0.0877519
0.361647  0.424 0.273347
0.0507175 0.647489 0.0903475
0.0529757 0.80833 0.0442171
0.0535 0.171765 0.314282
0.191517  0.424 0.540656
0.525707 0.148057 0.515407
0.25594 0.370731   0.12
0.5285 0.380964 0.526547
0.547466 0.732666 0.0561994
0.5285 0.378049 0.533902
0.375941  0.424 0.450488
0.4755 0.735527 0.0681876
0.0761271 0.250712 0.535289
0.486078 0.752244 0.0703912
0.5285 0.37247 0.127435
0.538176 0.463638 0.0931383
 0.557 0.453832 0.181449
0.522885 0.155391 0.559424
0.0536639  0.424 0.322452
0.513919 0.878813 0.0571914
0.474096 0.427083 0.5665
0.5285 0.414896 0.471025
0.53332 0.48568 0.341709
0.545399 0.0442912 0.0842897
0.0345981 0.137645 0.0794552
0.508026 0.113303 0.0598404
0.430268 0.40488   0.12
0.457902    0.5 0.445398
0.0535 0.182047 0.410544
0.540294 0.628672 0.0488851
0.521759 0.202074 0.558958
0.0362817 0.967409 0.0519801
0.514812 0.368768  0.538
0.331386    0.5 0.438175
0.524021 0.898521 0.0896447
0.239224 0.766828 0.0483146
0.401606  0.956 0.0370534
0.064355 0.639592 0.048496
0.241309 0.379392   0.12
0.387318    0.5 0.476922
0.0535 0.188576 0.444274
0.108079  0.424 0.555544
0.315499 0.399716   0.12
