0.450948 0.561377 0.175603
0.121719 0.475459 0.387536
0.172695 0.511724 0.506792
0.0708707 0.487788 0.404329
0.263505 0.528179 0.187117
0.381187 0.788491 0.124745
0.418522 0.32133 0.389848
0.284822 0.528191 0.253436
0.435704 0.528202 0.315574
0.347525 0.313846 0.473306
0.342362 0.528216 0.393195
0.106748 0.532487 0.369026
0.443896 0.528192 0.259392
0.149896 0.528232 0.483069
0.185532 0.542619 0.335847
0.361998 0.528185 0.220694
0.11176 0.385854 0.460756
0.256256 0.538157 0.441631
0.352518 0.528185 0.220209
0.258632 0.528232 0.486697
0.470707 0.890169 0.124131
0.407529 0.232438 0.122638
0.112851 0.531706 0.23911
0.372581 0.528204 0.330552
0.351959 0.496048 0.505669
0.125514 0.81326 0.13435
0.297213 0.512164 0.521258
0.39336 0.642458 0.124295
0.40622 0.763228 0.127547
0.386256 0.114557 0.45537
0.223154 0.957231 0.0930794
0.322872 0.475422 0.182504
0.194713 0.910185 0.101786
0.197356 0.528215 0.387994
0.358546 0.528205 0.336258
0.409674 0.377964 0.139298
0.134622 0.475433 0.241993
0.323686 0.531483 0.477181
0.355684 0.528196 0.284049
0.413834 0.219375 0.107777
0.421448 0.284134 0.223332
0.102559 0.17415 0.0978325
0.453913 0.528329 0.307946
0.0982434 0.212223 0.115641
0.255988 0.490385 0.527368
0.345783 0.475468 0.436196
0.165437 0.513159 0.132931
0.0735374 0.475439 0.272645
0.190078 0.968047 0.0873231
0.313488 0.528476 0.500449
0.404879 0.0829536 0.443311
0.238229 0.528189 0.24616
0.191938 0.54291 0.318285
0.425911 0.238292 0.126413
0.262402 0.541879 0.416237
0.432981 0.32048 0.331751
0.394084 0.193604 0.467173
0.237777 0.47548 0.501181
0.166124 0.475459 0.385298
0.388442 0.296674 0.462023
0.153349 0.475427 0.20889
0.372077 0.528213 0.377044
0.218005 0.475441 0.284372
0.2656 0.476952 0.107269
0.259876 0.967011 0.0681816
0.368415 0.47546 0.391274
0.365751 0.484945 0.496513
0.374981 0.475462 0.404276
0.112914 0.528194 0.270596
0.328444 0.475418 0.155777
0.0927432 0.585442 0.176186
0.376531 0.52818 0.19439
0.408109 0.223722 0.464917
0.0654985 0.709516 0.183116
0.4629 0.528208 0.350108
0.193358 0.531173 0.477529
0.0900267 0.92865 0.118543
0.382733 0.548946 0.122968
0.111071 0.254614 0.458632
0.241146 0.528171 0.143999
0.386652 0.128479 0.453015
0.151229 0.582654 0.136656
0.381272 0.830898 0.128844
0.433787 0.572053 0.167078
0.26106 0.528228 0.461532
0.273564 0.482355 0.526038
0.204368 0.475442 0.290607
0.100083 0.214984 0.136696
0.193262 0.47543 0.225758
0.272846 0.475464 0.413149
0.40928 0.383462 0.142315
0.0666753 0.0620477 0.0648071
0.372393 0.507248 0.103817
0.400833 0.317666 0.425648
0.314772 0.528168 0.127889
0.100242 0.290975 0.111206
0.109852 0.528211 0.36237
0.436588 0.316728 0.315154
0.387479 0.528218 0.40554
0.156596 0.488058 0.138806
0.283514 0.475426 0.200454
0.403219 0.721346 0.130067
0.426527 0.528206 0.33545
0.204546 0.475423 0.187343
0.398541 0.5282 0.306674
0.244812 0.971027 0.0869506
0.290007 0.475415 0.137618
0.386399 0.0475977 0.454268
0.257258 0.496705 0.107285
0.15942 0.475421 0.172098
0.136281 0.0620999 0.457505
0.117815 0.238558 0.129388
0.20633 0.528176 0.171901
0.184232 0.528223 0.431095
0.129742 0.528187 0.234495
0.0827946 0.528206 0.339401
0.211192 0.47542 0.168482
0.140708 0.546292 0.123206
0.358643 0.535551 0.421874
0.177129 0.475445 0.309107
0.214493 0.52819 0.252113
0.285677 0.475431 0.232456
0.108211 0.31201 0.299174
0.417001 0.533648 0.310648
0.176283 0.528191 0.256188
0.417122 0.299917 0.314414
0.174061 0.483677 0.507703
0.414585 0.488812 0.165883
0.289318 0.54277 0.248981
0.214908 0.526189 0.519067
0.0775551 0.624592 0.192573
0.213557 0.304921 0.465302
0.43315 0.293417 0.196121
0.218824 0.528214 0.382371
0.402946 0.534762 0.280047
0.128424 0.475435 0.256729
0.298059 0.528203 0.323244
0.0823868 0.475465 0.419421
0.377571 0.529694 0.177308
0.135753 0.528226 0.450966
0.312242 0.541576 0.402706
0.397156 0.0862627 0.442464
0.211338 0.299467 0.470922
0.43288 0.405755 0.154756
0.348029 0.516233 0.508276
0.144724 0.526307 0.488217
0.219031 0.528232 0.486756
0.141401 0.558921 0.114927
0.122428 0.0992149 0.468154
0.421931 0.543503 0.174231
0.296658 0.52823 0.474257
0.138592 0.537439 0.281403
0.107439 0.528205 0.332334
0.394538 0.528179 0.18978
0.270742 0.528223 0.436533
0.16527 0.917467 0.100449
0.211857 0.475455 0.364536
0.136788 0.528194 0.27109
0.135528 0.321502 0.449803
0.265353 0.528205 0.331969
0.363771 0.541037 0.33014
0.157941 0.491888 0.125064
0.198275 0.536906 0.201917
0.416938 0.533571 0.327294
0.392977 0.321336 0.40957
0.0872958 0.528203 0.322097
0.294238 0.528233 0.490036
0.176274 0.530245 0.473867
0.146474 0.896663 0.120705
0.09102 0.594088 0.177578
0.444081 0.529906 0.314231
0.425433 0.317977 0.260143
0.363441 0.562595 0.132675
0.284595 0.543857 0.346561
0.135835 0.086906 0.459738
0.134317 0.645079 0.118099
0.0979815 0.203659 0.131167
0.111082 0.472947 0.458648
0.265904 0.475429 0.2154
0.409197 0.528205 0.334818
0.0587632 0.475454 0.356575
0.2354 0.528205 0.336106
0.291785 0.528194 0.275034
0.329193 0.542676 0.353342
0.107494 0.231274 0.145883
0.281279 0.490563 0.524479
0.399666 0.51405 0.160913
0.0915676 0.169348 0.10373
0.277143 0.953859 0.0898451
0.089224 0.117348 0.0856263
0.203725 0.475449 0.327556
0.216149 0.528166 0.117243
0.0511944 0.778699 0.163361
0.433502 0.528198 0.294171
0.0319885 0.760168 0.168744
0.139705 0.768685 0.119672
0.411975 0.276988 0.452101
0.471101 0.891204 0.130033
0.216069 0.528184 0.214725
0.436836 0.315167 0.344106
0.140305 0.528206 0.337607
0.0584743 0.484966 0.357153
0.393991 0.0320929 0.46714
0.359727 0.528214 0.384167
0.161993 0.487886 0.499689
0.120451 0.528209 0.351694
0.228005 0.542814 0.254218
0.400788 0.0892744 0.468104
0.247348 0.475462 0.401619
0.0782937 0.0917333 0.0509005
0.134181 0.475435 0.251628
0.412942 0.243014 0.109124
0.433454 0.528182 0.209317
0.344912 0.51801 0.510345
0.235312 0.528174 0.157849
0.0993154 0.528206 0.340225
0.423827 0.283648 0.109572
0.430623 0.294281 0.260866
0.225678 0.475448 0.32188
0.132189 0.125954 0.464973
0.115493 0.103637 0.445035
0.263381 0.528184 0.219692
0.258167 0.528213 0.377806
0.406462 0.528204 0.325021
0.0959671 0.52821 0.360264
0.0969772 0.910263 0.103952
0.116551 0.029701 0.444343
0.42071 0.216671 0.115026
0.411986 0.475455 0.365819
0.116413 0.31296 0.444383
0.114529 0.39061 0.147475
0.317272 0.475476 0.479172
0.41493 0.310087 0.410307
0.158132 0.475431 0.232019
0.382391 0.589179 0.114781
0.421733 0.528195 0.281289
0.206922 0.314762 0.48648
0.245874 0.539827 0.207295
0.0597554 0.857602 0.135708
0.280623 0.475434 0.245928
0.334269 0.528173 0.156009
0.366073 0.534216 0.207104
0.120056 0.736691 0.123222
0.467289 0.504003 0.343267
0.105493 0.476023 0.178442
0.134887 0.126654 0.461495
0.277817 0.535527 0.177188
0.21444 0.475441 0.285773
0.420414 0.25929 0.127923
0.438207 0.528199 0.298669
0.209135 0.540892 0.407347
0.36167 0.5282 0.305961
0.114595 0.528195 0.277726
0.312224 0.475412 0.124379
0.439713 0.105912 0.0571188
0.095158 0.353548 0.128144
0.120788 0.475471 0.457571
0.299341 0.542274 0.400195
0.147033 0.497399 0.12034
0.282332 0.528168 0.127554
0.390765 0.528173 0.159091
0.161999 0.528188 0.239168
0.0332662 0.739309 0.180929
0.313554 0.528192 0.260227
0.136358 0.753416 0.117351
0.235232 0.957124 0.0921928
0.282047 0.528178 0.184307
0.433554 0.0922918 0.0680692
0.393049 0.387758 0.443848
0.115087 0.268064 0.168486
0.457133 0.025633 0.0409496
0.326042 0.475438 0.269384
0.288734 0.52819 0.252291
0.259919 0.528218 0.404936
0.16863 0.923182 0.112954
0.112222 0.272448 0.117826
0.127818 0.52823 0.471193
0.21499 0.47547 0.447942
0.435959 0.538091 0.161722
0.39955 0.338756 0.441988
0.169719 0.475447 0.320186
0.406666 0.0461758 0.465903
0.461397 0.500076 0.262459
0.245446 0.528199 0.301236
0.222658 0.535103 0.178741
0.0976332 0.557895 0.17268
0.368461 0.520792 0.104414
0.151806 0.528225 0.442173
0.264835 0.528165 0.11457
0.44885 0.5282 0.307269
0.10128 0.240257 0.150446
0.437612 0.118147 0.0870288
0.126036 0.516891 0.47581
0.0964109 0.319356 0.377753
0.389944 0.162358 0.446069
0.23969 0.528221 0.420988
0.404219 0.30159 0.442949
0.0908438 0.528189 0.244458
0.0846749 0.304082 0.328194
0.414545 0.350252 0.14945
0.0904803 0.352394 0.141282
0.339414 0.528695 0.143721
0.121704 0.52822 0.412489
0.035349 0.809822 0.176169
0.209268 0.528202 0.318134
0.369946 0.528214 0.384978
0.406676 0.784871 0.125127
0.405129 0.52822 0.416447
0.199703 0.537835 0.208651
0.148596 0.475433 0.240767
0.389493 0.722861 0.141481
0.454775 0.475448 0.323567
0.369997 0.539379 0.27792
0.230775 0.475467 0.428418
0.32803 0.528206 0.341532
0.366783 0.528175 0.168736
0.453152 0.89673 0.110368
0.291499 0.542149 0.407355
0.196532 0.475466 0.424582
0.486719 0.858195 0.146459
0.26778 0.528186 0.226577
0.427668 0.166407 0.0781386
0.228199 0.528222 0.427805
0.110045 0.219039 0.140243
0.327393 0.530686 0.15315
0.0933282 0.50965 0.438146
0.0636596 0.528209 0.357633
0.403212 0.50394 0.16327
0.414721 0.403533 0.160838
0.181918 0.528185 0.225063
0.394734 0.268503 0.442915
0.100781 0.475459 0.385514
0.300662 0.528205 0.335319
0.371885 0.475459 0.387757
0.426724 0.52821 0.360382
0.170629 0.528206 0.339918
0.414815 0.528202 0.315085
0.448783 0.528198 0.293204
0.334028 0.542101 0.255238
0.0898461 0.156745 0.0731822
0.0570613 0.526004 0.350148
0.0966911 0.530706 0.25422
0.148816 0.533881 0.107879
0.2743 0.528222 0.426747
0.250048 0.528211 0.366616
0.189601 0.320381 0.477113
0.228526 0.92717 0.0931673
0.353617 0.53724 0.411191
0.4356 0.526361 0.429158
0.116166 0.275412 0.164841
0.124859 0.528208 0.353096
0.285737 0.475462 0.400124
0.306184 0.539525 0.423757
0.198582 0.528195 0.274674
0.316134 0.528211 0.365822
0.391137 0.32385 0.445122
0.169436 0.475439 0.277893
0.418995 0.53217 0.269148
0.29495 0.933414 0.11541
0.135737 0.537402 0.294129
0.291092 0.955455 0.091673
0.236793 0.923165 0.0981928
0.354072 0.475453 0.35033
0.188782 0.906278 0.101904
0.097024 0.435691 0.144276
0.339239 0.542413 0.353998
0.171171 0.528228 0.460869
0.203415 0.528168 0.12788
0.338126 0.309294 0.450612
0.0819889 0.52915 0.362743
0.165868 0.528216 0.391014
0.261859 0.528192 0.263897
0.178541 0.528187 0.231212
0.291744 0.540049 0.42322
0.186012 0.528173 0.154185
0.362873 0.531257 0.454697
0.269014 0.475458 0.381392
0.204476 0.528234 0.495358
0.379972 0.550856 0.112537
0.426156 0.494957 0.443386
0.332152 0.475448 0.323352
0.165363 0.475469 0.441823
0.09741 0.531472 0.358082
0.417153 0.532747 0.280106
0.178492 0.914616 0.0946993
0.421024 0.258317 0.127824
0.431365 0.528215 0.387714
0.225426 0.531022 0.48571
0.137172 0.475447 0.319282
0.0546758 0.73994 0.187644
0.077061 0.528202 0.313331
0.232253 0.543966 0.333742
0.133719 0.735167 0.116369
0.43528 0.475434 0.246151
0.200786 0.543121  0.327
0.226642 0.543842 0.302377
0.261704 0.528223 0.43587
0.225657 0.942024 0.112285
0.170854 0.539064 0.2436
0.231261 0.540772 0.418132
0.315592 0.528653 0.498775
0.185597 0.528202 0.316939
0.274896 0.5282 0.305941
0.197543 0.543019 0.307302
0.220347 0.475477 0.485432
0.109618 0.299623 0.369302
0.132472 0.528221 0.421844
0.0576882 0.522151 0.281646
0.429968 0.52821 0.361179
0.449535 0.528209 0.357589
0.375516 0.507332 0.490026
0.448577 0.602955 0.168414
0.0998747 0.475449 0.330337
0.426784 0.528209 0.351805
0.0947172 0.577453 0.181553
0.123134 0.72378 0.119692
0.373924 0.475461 0.399272
0.396387 0.687436 0.120632
0.109088 0.304621 0.29439
0.421475 0.298833 0.342636
0.147075 0.634889 0.117149
0.260888 0.475421 0.173387
0.12569 0.321883 0.405795
0.206952 0.528227 0.459138
0.412244 0.531327 0.397517
0.119056 0.944294 0.093743
0.342977 0.535001 0.198279
0.138163 0.567956 0.120479
0.187033 0.528212 0.368956
0.190403 0.475479 0.494964
0.109643 0.351586 0.128371
0.311291 0.475428 0.211584
0.312922 0.542677 0.374957
0.364506 0.937702 0.0934774
0.279914 0.52821 0.361263
0.192851 0.475455 0.365573
0.135105 0.528183 0.208959
0.31577 0.475453 0.353804
0.254159 0.475445 0.307805
0.421681 0.937095 0.109154
0.417579 0.291808 0.249244
0.369973 0.475445 0.306461
0.460297 0.498434 0.257012
0.1347 0.475461 0.395378
0.279852 0.528234 0.496344
0.357329 0.940134 0.091741
0.426137 0.52818 0.198721
0.288306 0.477284 0.523062
0.240453 0.475442 0.291933
0.269493 0.528204 0.329119
0.13255 0.53295 0.225014
0.0915298 0.531778 0.317959
0.433721 0.900074 0.124073
0.161658 0.32377 0.449981
0.440024 0.500279 0.21241
0.113878 0.298286 0.127972
0.0630346 0.522889 0.37973
0.293286 0.52818 0.194632
0.210084 0.948109 0.0865808
0.372563 0.528222 0.427898
0.123288 0.148612 0.468316
0.410414 0.528228 0.461128
0.352285 0.528192 0.259425
0.431904 0.53999 0.160901
0.267884 0.544051 0.287772
0.47392 0.876693 0.123829
0.119155 0.202401 0.126538
0.291816 0.922775 0.0989543
0.116395 0.796263 0.124604
0.313133 0.475447 0.319376
0.308745 0.298023 0.475562
0.303653 0.475443 0.29651
0.14504 0.52827 0.469476
0.436623 0.530534 0.335777
0.210523 0.528214 0.383031
0.0932327 0.933343 0.105153
0.24255 0.528185 0.226196
0.263709 0.528222 0.429101
0.0817075 0.477755 0.420651
0.215354 0.528169 0.133363
0.311604 0.540184 0.414685
0.443918 0.528196 0.284049
0.37077 0.644283 0.123822
0.320455 0.528658 0.497757
0.188452 0.528204 0.327096
0.388906 0.439769 0.4627
0.284079 0.528237 0.511216
0.104577 0.426942 0.166276
0.341376 0.528175 0.164405
0.113561 0.473167 0.446807
0.186347 0.52823 0.472069
0.107355 0.248189 0.126636
0.410449 0.19447 0.448447
0.062225 0.480696 0.375728
0.30208 0.475468 0.435401
0.208387 0.475481 0.505038
0.339674 0.528225 0.44824
0.0584951 0.628728 0.184438
0.200327 0.966069 0.092444
0.12402 0.475437 0.267189
0.330318 0.528194 0.269778
0.149611 0.475421 0.17657
0.396698 0.942875 0.109112
0.469424 0.704666 0.194145
0.37705 0.529909 0.178739
0.0973216 0.283009 0.212565
0.258454 0.475426 0.201259
0.412501 0.422864 0.455618
0.190016 0.538695 0.222186
0.327748 0.528197 0.288103
0.439018 0.918457 0.0994988
0.106917 0.463134 0.152248
0.363947 0.301454 0.460409
0.413456 0.240175 0.115139
0.124973 0.231092 0.442272
0.256798 0.475428 0.20968
0.0742074 0.475445 0.309381
0.264527 0.52822 0.415243
0.326992 0.528218 0.406941
0.37863 0.507481 0.116499
0.194909 0.528209 0.355906
0.0861313 0.310629 0.351818
0.165135 0.528222 0.430062
0.313318 0.475459 0.388122
0.133664 0.282866 0.447018
0.199935 0.916052 0.112292
0.441481 0.118693 0.0878115
0.205962 0.528217 0.400765
0.336041 0.903359 0.110416
0.0992151 0.528182 0.207397
0.358387 0.321299 0.461042
0.160345 0.528218 0.401821
0.168864 0.922531 0.101674
0.471812 0.804802 0.164906
0.128612 0.443252 0.44298
0.163558 0.536158 0.416319
0.435484 0.254218 0.119249
0.0982178 0.290537 0.13667
0.419924 0.475448 0.325197
0.241775 0.532999 0.160089
0.453478 0.588167 0.173281
0.297338 0.543004 0.372235
0.378177 0.592706 0.113552
0.145739 0.645135 0.140017
0.411877 0.156937 0.451634
0.135114 0.871406 0.105043
0.332491 0.542234 0.260822
0.173379 0.921504 0.096436
0.404481 0.475424 0.189161
0.440053 0.509686 0.177881
0.432374 0.404874 0.156401
0.10813 0.320806 0.361266
0.48488 0.771075 0.160812
0.162351 0.881034 0.117414
0.271073 0.528219 0.415253
0.180472 0.482415 0.511961
0.455445 0.0423299 0.032933
0.050859 0.677827 0.19276
0.197106 0.542791 0.283995
0.473331 0.848104 0.133906
0.226385 0.528191 0.258613
0.143602 0.648098 0.116867
0.242292 0.947736 0.0789546
0.413022 0.49687 0.171745
0.283915 0.515163 0.523943
0.4331 0.291094 0.227303
0.4052 0.517252 0.470315
0.188541 0.528228 0.458888
0.364973 0.872441 0.118925
0.186444 0.528215 0.38887
0.326303 0.528218 0.405918
0.374449 0.496689 0.144173
0.0516045 0.495722 0.31178
0.149111 0.662629 0.135721
0.144915 0.841229 0.12546
0.184492 0.477043 0.512933
0.113485 0.296872 0.446953
0.0914477 0.47543 0.223489
0.102556 0.500494 0.177835
0.392395 0.475464 0.412882
0.414392 0.484656 0.17381
0.153356 0.47542 0.171192
0.258941 0.475447 0.317291
0.0388897 0.711015 0.180072
0.226243 0.475422 0.180661
0.0552165 0.880654 0.120018
0.0895969 0.41586 0.148394
0.165061 0.475466 0.425917
0.435977 0.522295 0.428591
0.246636 0.538725 0.199389
0.129705 0.233737 0.44374
0.366232 0.536284 0.230207
0.461993 0.729831 0.181745
0.160417 0.541409 0.311562
0.413751 0.301145 0.269614
0.358972 0.52822 0.417254
0.101719 0.233137 0.120756
0.0681629 0.516465 0.234656
0.192535 0.528191 0.251861
0.406946 0.283572 0.182177
0.35717 0.540652 0.363985
0.371769 0.54332 0.107933
0.319757 0.528174 0.158946
0.0702172 0.480088 0.403346
0.0784427 0.0650399 0.0613325
0.352483 0.314399 0.470406
0.439864 0.578481 0.191094
0.341838 0.528231 0.476969
0.267352 0.475438 0.268193
0.44024 0.204861 0.103111
0.121862 0.518378 0.473038
0.375604 0.528227 0.45798
0.382715 0.304909 0.414717
0.368117 0.63395 0.127499
0.150173 0.496449 0.102397
0.29418 0.528197 0.291683
0.417987 0.473893 0.174307
0.435623 0.0890918 0.0587851
0.0834963 0.105203 0.08273
0.301385 0.311839 0.492243
0.0769149 0.519869 0.221474
0.458859 0.528198 0.298313
0.468342 0.642527 0.182335
0.334129 0.53014 0.152169
0.295402 0.537309 0.193277
0.286496 0.528168 0.129309
0.200832 0.542305 0.251977
0.322793 0.542468 0.260288
0.438632 0.210363 0.108103
0.25869 0.528172 0.152517
0.10475 0.532869 0.289498
0.462437 0.673952 0.196486
0.402105 0.808229 0.132662
0.347132 0.475479 0.494021
0.0725358 0.904615 0.133397
0.336957 0.475421 0.175383
0.15436 0.638402 0.130494
0.0965492 0.296174 0.136977
0.228296 0.948455 0.0839805
0.100294 0.451176 0.171684
0.419281 0.289856 0.110995
0.192512 0.531351 0.15977
0.143407 0.954741 0.0984002
0.390794 0.345444 0.445344
0.125731 0.531257 0.421064
0.149401 0.497112 0.102758
0.434758 0.296602 0.214961
0.412536 0.131245 0.454941
0.0897964 0.602462 0.180875
0.422346 0.297906 0.365217
0.0963029 0.480747 0.192282
0.321437 0.475463 0.408489
0.181787 0.475469 0.439423
0.34739 0.475422 0.177129
0.174323 0.5397 0.388788
0.15679 0.528199 0.300426
0.45413 0.509617 0.233652
0.0748316 0.0612178 0.0416145
0.0692975 0.615356 0.192675
0.274685 0.528221 0.422099
0.415859 0.475455 0.36582
0.251007 0.528225 0.446122
0.13428 0.0250453 0.45251
0.288187 0.528179 0.190675
0.160808 0.524814 0.136002
0.471024 0.501133 0.324776
0.393615 0.837366 0.132195
0.134097 0.117443 0.447697
0.132425 0.528216 0.391293
0.311166 0.475441 0.285794
0.161837 0.580083 0.124436
0.267949 0.528205 0.336355
0.396708 0.531133 0.423371
0.352327 0.475418 0.15766
0.0506356 0.0353842 0.04964
0.247455 0.475423 0.183098
0.400662 0.923342 0.109767
0.429491 0.318506 0.286233
0.247115 0.475421 0.172144
0.110489 0.270163 0.111631
0.133236 0.763778 0.115506
0.386281 0.269909 0.454804
0.386631 0.27051 0.453095
0.206046 0.310163 0.487658
0.401369 0.707235 0.126098
0.415596 0.300195 0.292302
0.400823 0.475439 0.275184
0.482425 0.70869 0.18485
0.356266 0.528183 0.212835
0.406657 0.450472 0.465836
0.326056 0.528187 0.234596
0.402413 0.298623 0.400764
0.165352 0.528226 0.446943
0.0990769 0.445147 0.170981
0.313062 0.52823 0.470911
0.292031 0.528236 0.505747
0.128249 0.475463 0.411883
0.423668 0.309212 0.220242
0.381012 0.480858 0.486381
0.231785 0.475475 0.471743
0.389185 0.0473748 0.447227
0.442238 0.529973 0.327521
0.256779 0.955388 0.0898217
0.450687 0.489954 0.406442
0.35005 0.528193 0.267808
0.369076 0.528182 0.20572
0.323662 0.947037 0.076234
0.104235 0.47546 0.39204
0.240538 0.482414 0.524249
0.249407 0.954612 0.0689688
0.231292 0.528176 0.171091
0.351741 0.528225 0.44274
0.155987 0.536374 0.232439
0.411182 0.396017 0.139689
0.390359 0.52806 0.480167
0.377663 0.535187 0.401416
0.405821 0.255481 0.152114
0.134447 0.216882 0.462146
0.0865352 0.171568 0.10295
0.155715 0.528212 0.374417
0.431966 0.360335 0.135676
0.396563 0.321014 0.402968
0.156465 0.563101 0.111681
0.109192 0.310099 0.286215
0.0375629 0.772604 0.184826
0.278847 0.475451 0.341003
0.0570319 0.514696 0.284898
0.133086 0.604644 0.127063
0.247795 0.538414 0.196967
0.294432 0.475473 0.464209
0.133547 0.40093 0.463476
0.364902 0.87142 0.118144
0.394523 0.762188 0.140472
0.070085 0.511388 0.231762
0.114409 0.327937 0.464606
0.434504 0.528445 0.185469
0.399086 0.53588 0.335164
0.411312 0.159028 0.46063
0.377407 0.549583 0.131348
0.193352 0.528181 0.198976
0.388302 0.480001 0.153373
0.406659 0.528226 0.451723
0.374965 0.612761 0.139082
0.326831 0.542169 0.386029
0.415816 0.313692 0.3238
0.337043 0.528226 0.452859
0.287119 0.316755 0.471195
0.364473 0.492414 0.0989501
0.431904 0.275443 0.169485
0.0923586 0.558317 0.187112
0.239348 0.536049 0.453076
0.397037 0.935734 0.085579
0.16092 0.917027 0.111093
0.193596 0.47543 0.227095
0.120016 0.157224 0.467662
0.158871 0.528181 0.202927
0.22756 0.475436 0.258359
0.0829687 0.106903 0.0835146
0.0964661 0.28457 0.218886
0.38348 0.32049 0.44307
0.141051 0.536856 0.374128
0.10385 0.300966 0.189363
0.43381 0.292159 0.127186
0.434739 0.529211 0.245084
0.0914917 0.290627 0.185306
0.411201 0.259598 0.460778
0.478386 0.794907 0.178894
0.275128 0.543082 0.256614
0.373177 0.319864 0.428496
0.389818 0.352309 0.446225
0.102415 0.477755 0.451838
0.218102 0.475479 0.496301
0.136997 0.300995 0.44078
0.285769 0.528222 0.427235
0.394644 0.698104 0.118805
0.161895 0.475431 0.230175
0.223215 0.532148 0.157843
0.0714595 0.475451 0.338455
0.188916 0.528206 0.343118
0.169369 0.512078 0.1166
0.14021 0.531547 0.196054
0.155954 0.539807 0.278055
0.313729 0.528181 0.202867
0.100621 0.147906 0.0837484
0.209698 0.475478 0.491585
0.129446 0.52819 0.248264
0.475733 0.88282 0.142632
0.114435 0.475463 0.412234
0.320269 0.528188 0.239586
0.302448 0.532592 0.473649
0.286658 0.532278 0.479054
0.435986 0.522208 0.428577
0.16313 0.56074 0.125824
0.438072 0.57684 0.165679
0.0646896 0.0763627 0.0476746
0.111219 0.423515 0.450908
0.193381 0.534652 0.448662
0.42571 0.29816 0.356085
0.21829 0.528196 0.285701
0.121121 0.813268 0.132043
0.161725 0.52822 0.418571
0.321053 0.475449 0.326427
0.205526 0.535091 0.182107
0.169127 0.528188 0.238023
0.304746 0.528177 0.179478
0.262254 0.528223 0.432897
0.154551 0.594366 0.136096
0.25348 0.502082 0.52686
0.464055 0.490735 0.359288
0.200009 0.531319 0.156682
0.0896727 0.296393 0.273969
0.248358 0.544579 0.317005
0.211708 0.475426 0.203374
0.188648 0.528206 0.338204
0.217969 0.543582 0.33501
0.282339 0.528217 0.399321
0.373629 0.30022 0.448784
0.0953982 0.229001 0.0951303
0.375801 0.88482 0.10122
0.412736 0.229699 0.109439
0.375404 0.957198 0.0840812
0.340348 0.528216 0.394765
0.364764 0.597651 0.121417
0.276085 0.528172 0.147349
0.0341189 0.766569 0.183609
0.277439 0.540155 0.20967
0.381646 0.303937 0.447273
0.441429 0.175457 0.100935
0.311384 0.323717 0.476179
0.222188 0.528166 0.117441
0.0465697 0.882647 0.142356
0.411082 0.280878 0.195888
0.479264 0.696009 0.187088
0.196778 0.528185 0.219754
0.232431 0.528235 0.501508
0.372032 0.528195 0.279017
0.112978 0.301984 0.44772
0.215167 0.508809 0.519122
0.358916 0.475476 0.478149
0.370631 0.528178 0.187375
0.410019 0.47544 0.280992
0.0967402 0.55234 0.18254
0.3059 0.528182 0.210551
0.413075 0.302274 0.266441
0.0827603 0.92028 0.10117
0.108965 0.240314 0.116203
0.381038 0.528173 0.156376
0.432885 0.475456 0.37094
0.240951 0.528209 0.354739
0.138713 0.512623 0.484228
0.354457 0.499951 0.118363
0.24444 0.528175 0.165602
0.339964 0.528193 0.265602
0.249941 0.974116 0.0812076
0.410798 0.315592 0.448953
0.0805149 0.895512 0.131716
0.26812 0.544772 0.317547
0.430764 0.520434 0.198461
0.396938 0.475455 0.362727
0.421813 0.484393 0.449927
0.12123 0.338062 0.467872
0.103425 0.481002 0.181556
0.083873 0.530196 0.335379
0.170677 0.53866 0.396305
0.377921 0.317296 0.421065
0.176506 0.475428 0.216794
0.335038 0.475452 0.348251
0.433608 0.0986597 0.0602392
0.412002 0.223676 0.458089
0.113671 0.278198  0.158
0.476714 0.680189 0.184175
0.233063 0.542839 0.25187
0.312304 0.475467 0.432614
0.379204 0.528223 0.431548
0.323898 0.528223 0.429574
0.381196 0.528202 0.314771
0.262771 0.301762 0.474929
0.362959 0.475471 0.452934
0.169386 0.532858 0.187561
0.395975 0.528218 0.40303
0.241872 0.544368 0.313853
0.13084 0.479104 0.479006
0.0915036 0.528189 0.242564
0.167997 0.542183 0.321838
0.14314 0.835184 0.111824
0.211862 0.528187 0.233819
0.356497 0.951877 0.0999347
0.390115 0.528195 0.278612
0.44154 0.50922 0.420215
0.161495 0.528208 0.349674
0.0823085 0.145089 0.0709897
0.317705 0.528201 0.311962
0.255054 0.528173 0.156627
0.136535 0.151186 0.454124
0.139843 0.475447 0.31939
0.136253 0.297101 0.457602
0.10673 0.284274 0.133679
0.37661 0.528208 0.354501
0.324488 0.528178 0.184478
0.113134 0.115562 0.462864
0.0441242 0.776155 0.158961
0.0439793 0.692053 0.178545
0.368955 0.528188 0.239502
0.11243 0.400507 0.142379
0.183556 0.528186 0.227698
0.362078 0.528197 0.290782
0.237103 0.943215 0.0939736
0.330285 0.509754 0.120324
0.398129 0.476593 0.468063
0.464028 0.475441 0.284223
0.0929346 0.297995 0.340246
0.410472 0.136916 0.448492
0.154141 0.475452 0.344242
0.288307 0.475479 0.493684
0.168744 0.528192 0.259393
0.377848 0.47542 0.168937
0.380424 0.754196 0.127036
0.399541 0.528178 0.186669
0.0894277 0.390591 0.144132
0.174399 0.928078 0.106115
0.124487 0.26971 0.468171
0.390131 0.109194 0.464549
0.129426 0.232191 0.443556
0.408237 0.401878 0.464801
0.323091 0.528179 0.188142
0.0975987 0.528203 0.320961
0.377023 0.850279 0.109677
0.319832 0.528176 0.175915
0.296942 0.528185 0.227509
0.0929259 0.475438 0.267583
0.142595 0.528205 0.328979
0.463536 0.0597397 0.0423135
0.434129 0.126923 0.0652492
0.401902 0.830661 0.115379
0.136245 0.689374 0.116627
0.470888 0.480506 0.325449
0.343221 0.898547 0.110982
0.139957 0.475467 0.431078
0.185324 0.52822 0.414758
0.341206 0.305437 0.475659
0.0862259 0.528208 0.347781
0.244637 0.528198 0.293023
0.164699 0.475439 0.275101
0.400939 0.305963 0.386073
0.274379 0.960479 0.0671024
0.420072 0.475447 0.316406
0.135899 0.475466 0.426731
0.397415 0.51659 0.475484
0.275718 0.321958 0.47838
0.263974 0.528195 0.278578
0.409314 0.318811 0.3693
0.393248 0.86386 0.109516
0.0835676 0.528212 0.370785
0.0699055 0.900727 0.109038
0.302831 0.475416 0.148561
0.371861 0.534407 0.215287
0.251281 0.528228 0.462262
0.405748 0.325952 0.443847
0.469272 0.506432 0.333448
0.442465 0.500369 0.418822
0.433827 0.528196 0.282752
0.423606 0.934301 0.113114
0.0660885 0.516202 0.240046
0.0896564 0.475455 0.360773
0.297738 0.528171 0.145168
0.115468 0.498297 0.464632
0.113029 0.341595 0.129446
0.386564 0.538014 0.322698
0.290862 0.528216 0.395553
0.300328 0.528173 0.156061
0.140155 0.674931 0.117317
0.38502 0.528184 0.218293
0.217062 0.320994 0.470395
0.0897767 0.320199 0.133581
0.128766 0.528203 0.325256
0.436724 0.530728 0.306485
0.347172 0.534294 0.439929
0.215438 0.540364 0.219156
0.45832 0.709388 0.185174
0.136239 0.184946 0.457691
0.265563 0.951798 0.0717655
0.340593 0.528216 0.393586
0.118913 0.802304 0.131726
0.18379 0.475456 0.366838
0.466657 0.742454 0.173341
0.135918 0.226404 0.451092
0.355964 0.528218 0.406299
0.161713 0.541004 0.29117
0.49404 0.826459 0.152784
0.17855 0.528217 0.401133
0.455926 0.882277 0.141889
0.373903 0.528204 0.329763
0.399478 0.129281 0.468358
0.3954 0.27653 0.44278
0.292366 0.528231 0.480909
0.0910309 0.509486 0.18254
0.192613 0.528189 0.24251
0.40885 0.385186 0.44599
0.164759 0.89539 0.100052
0.254683 0.52821 0.360364
0.401643 0.807925 0.113683
0.190508 0.528194 0.27227
0.125381 0.472793 0.467952
0.424633 0.5282 0.302797
0.0750627 0.561011 0.16963
0.0869522 0.52821 0.35846
0.410359 0.0304902 0.462081
0.158624 0.528179 0.186983
0.192189 0.475456 0.371391
0.30242 0.528225 0.446473
0.158596 0.528193 0.267435
0.26161 0.475483 0.515836
0.336189 0.528196 0.28452
0.387953 0.475431 0.230862
0.161203 0.475456 0.371647
0.0982407 0.143245 0.0770005
0.135765 0.0988217 0.460087
0.218045 0.504445 0.115202
0.308857 0.528187 0.230682
0.279275 0.544262 0.333182
0.178276 0.531699 0.463126
0.375262 0.50419 0.105492
0.305402 0.951343 0.0709037
0.248352 0.47545 0.332627
0.111135 0.528175 0.170357
0.382505 0.528191 0.252491
0.169989 0.479434  0.505
0.106029 0.204919 0.112787
0.173986 0.475458 0.378369
0.380576 0.53517 0.237897
0.3139 0.5282 0.304566
0.413872 0.309196 0.317025
0.431291 0.342695 0.143771
0.103197 0.531962 0.369734
0.125904 0.832417 0.131597
0.433624 0.374035 0.141212
0.445062 0.528209 0.356498
0.487337 0.786876 0.157151
0.0931228 0.288672 0.232955
0.215542 0.528213 0.378744
0.226058 0.542316 0.400186
0.245832 0.528195 0.278236
0.350867 0.542109 0.281613
0.146385 0.322525 0.442172
0.137963 0.528179 0.188214
0.319118 0.483073 0.516839
0.111389 0.919539 0.113803
0.13469 0.51683 0.481556
0.185934 0.528227 0.45531
0.413653 0.226908 0.110361
0.217978 0.52822 0.415772
0.295255 0.475459 0.38581
0.434309 0.541979 0.16158
0.386624 0.664275 0.142009
0.110862 0.369127 0.151754
0.0693178 0.528214 0.382525
0.166524 0.538683 0.119434
0.382667 0.475425 0.198847
0.410643 0.525835 0.1682
0.382833 0.746335 0.119463
0.369093 0.475455 0.364697
0.284848 0.53213 0.15471
0.200241 0.528868 0.139394
0.357255 0.323087 0.456203
0.463113 0.475439 0.274695
0.431339 0.528192 0.263966
0.383628 0.528189 0.243715
0.101533 0.475458 0.379175
0.477682 0.854363 0.15896
0.373427 0.577314 0.11129
0.292189 0.54044 0.214656
0.472808 0.817019 0.155229
0.147584 0.475429 0.221762
0.0627552 0.508514 0.256556
0.158573 0.600844 0.124083
0.128279 0.532183 0.221882
0.442922 0.52821 0.356541
0.377643 0.507009 0.146291
0.132975 0.528222 0.425178
0.286891 0.475418 0.157705
0.345992 0.943221 0.0938298
0.387207 0.151238 0.4503
0.114539 0.327675 0.135226
0.415107 0.52821 0.362564
0.15144 0.572116 0.110798
0.136483 0.11825 0.453877
0.189133 0.315586 0.479737
0.387127 0.482946 0.459678
0.1591 0.528178 0.185575
0.0554315 0.505677 0.292826
0.376707 0.941386 0.105331
0.0774166 0.611716 0.192679
0.277938 0.528212 0.374623
0.107841 0.475766 0.170092
0.277062 0.528223 0.434449
0.431889 0.111763 0.0630327
0.407959 0.535046 0.3146
0.112264 0.341371 0.461519
0.111097 0.475429 0.220324
0.319939 0.528232 0.482374
0.145327 0.528862 0.170442
0.412808 0.528181 0.202794
0.111151 0.273986 0.459022
0.099307 0.326866 0.145497
0.483976 0.800112 0.153038
0.389664 0.437787 0.463848
0.153769 0.503007 0.102103
0.409807 0.340004 0.129671
0.14977 0.528187 0.233116
0.387806 0.125928 0.449279
0.0896599 0.483821 0.432627
0.260733 0.948815 0.103302
0.356829 0.528229 0.466001
0.224726 0.475428 0.212216
0.345656 0.475477 0.486146
0.0585796 0.517431 0.277233
0.126451 0.025028 0.456221
0.297024 0.528206 0.338757
0.278873 0.47542 0.166976
0.397936 0.753964 0.138911
0.448415 0.0456535 0.04019
0.392244 0.477283 0.444364
0.120835 0.708887 0.130002
0.116224 0.224461 0.465823
0.137408 0.537522 0.345029
0.217636 0.475427 0.210424
0.149383 0.650662 0.120075
0.394071 0.832664 0.109121
0.395606 0.285344 0.442738
0.102332 0.228064 0.119143
0.410167 0.53476 0.315554
0.402304 0.24089 0.467775
0.146497 0.68717 0.123079
0.317799 0.52817 0.13615
0.391007 0.824318 0.134402
0.372949 0.539467 0.339503
0.158052 0.94539 0.100914
0.0394634 0.817487 0.147672
0.470855 0.498508 0.32561
0.207697 0.528192 0.262416
0.129694 0.498328 0.457106
0.423746 0.297411 0.356607
0.404669 0.233706 0.128554
0.380391 0.528193 0.266714
0.36222 0.478971 0.49886
0.134333 0.178103 0.448039
0.115919 0.475469 0.441776
0.208616 0.528187 0.23474
0.434376 0.910867 0.100593
0.0817808 0.927024 0.114977
0.264761 0.542321 0.22893
0.391235 0.528224 0.440628
0.195598 0.475418 0.15738
0.464495 0.528206 0.338338
0.411863 0.359434 0.458747
0.278616 0.528176 0.174641
0.354138 0.958235 0.097653
0.111238 0.534412 0.323727
0.249874 0.475417 0.152653
0.362068 0.487868 0.135953
0.381941 0.475428 0.215034
0.364724 0.528214 0.384555
0.155205 0.623403 0.131822
0.146445 0.528216 0.390002
0.133796 0.826115 0.108998
0.324457 0.52823 0.475678
0.27035 0.93097 0.0913218
0.314023 0.918702 0.110801
0.392316 0.0541973 0.466018
0.334125 0.528231 0.478732
0.204395 0.536514 0.19462
0.342609 0.52818 0.199329
0.118201 0.361729 0.44318
0.348435 0.528197 0.291024
0.37661 0.312173 0.419452
0.103788 0.377613 0.156598
0.377365 0.475442 0.290905
0.222289 0.528171 0.146659
0.438005 0.471222 0.163087
0.0885693 0.433285 0.151505
0.169333 0.316477 0.468792
0.410126 0.921944 0.114142
0.184476 0.528196 0.282641
0.186012 0.475475 0.471977
0.407235 0.528179 0.190218
0.371103 0.48549 0.141953
0.335165 0.528191 0.252139
0.297825 0.950973 0.0898717
0.170344 0.475418 0.156236
0.236173 0.544182 0.324236
0.0785519 0.528215 0.387174
0.0443779 0.815777 0.149938
0.42045 0.16848 0.0868781
0.39559 0.528186 0.228347
0.200274 0.475465 0.422481
0.102488 0.297657 0.31083
0.117545 0.803503 0.126797
0.418025 0.528216 0.392213
0.156907 0.475417 0.152016
0.144937 0.885424 0.125335
0.425629 0.528206 0.339852
0.314561 0.528206 0.341267
0.407025 0.235841 0.444716
0.0947224 0.395411 0.137147
0.31141 0.52819 0.247176
0.0748506 0.475461 0.397754
0.372212 0.53906 0.277772
0.286724 0.528186 0.227907
0.210373 0.528178 0.180724
0.105064 0.528215 0.388844
0.327429 0.52822 0.416461
0.331567 0.475473 0.464293
0.425428 0.530926 0.183617
0.300532 0.524773 0.114313
0.314246 0.53739 0.198995
0.491359 0.758625 0.183277
0.0682863 0.475437 0.263706
0.078805 0.636067 0.173515
0.429026 0.388011 0.135803
0.357281 0.528208 0.353145
0.267139 0.541612 0.217844
0.323892 0.52822 0.416951
0.113298 0.146696 0.447264
0.0650658 0.477746 0.245118
0.280582 0.528185 0.222729
0.239251 0.52818 0.191603
0.223867 0.972907 0.0814185
0.392056 0.528196 0.284476
0.410313 0.528181 0.198653
0.211309 0.528219 0.412276
0.200656 0.52818 0.19559
0.134895 0.475447 0.314836
0.155318 0.898037 0.0990403
0.219535 0.948097 0.0767917
0.454147 0.686695 0.18842
0.403153 0.489927 0.467561
0.170445 0.475423 0.185946
0.0627502 0.528193 0.270153
0.326631 0.532574 0.167342
0.0520781 0.0441044 0.0498846
0.488789 0.796049 0.15503
0.321363 0.917466 0.113159
0.182695 0.528225 0.447414
0.217151 0.542351 0.24305
0.38797 0.434995 0.448978
0.398863 0.475472 0.462306
0.303185 0.475436 0.259558
0.0786823 0.0718123 0.0463631
0.412454 0.106251 0.455902
0.356303 0.475459 0.386869
0.143141 0.534025 0.412714
0.40864 0.219258 0.116893
0.113548 0.345629 0.131927
0.194112 0.475465 0.419365
0.15795 0.533881 0.431488
0.338433 0.52823 0.471486
0.117988 0.0250237 0.447085
0.161322 0.528183 0.21069
0.291752 0.528222 0.42459
0.0550964 0.488317 0.340424
0.373471 0.475418 0.154799
0.140436 0.528224 0.438181
0.115057 0.533647 0.265774
0.105346 0.357095 0.151787
0.286357 0.528231 0.482543
0.370979 0.528192 0.262978
0.13342 0.528214 0.384992
0.205817 0.47542 0.166397
0.34631 0.475448 0.325186
0.382208 0.321082 0.442205
0.141013 0.768231 0.130722
0.246599 0.528218 0.404066
0.449967 0.520224 0.227381
0.0428482 0.702674 0.175731
0.418956 0.528199 0.29862
0.414706 0.305083 0.344508
0.446439 0.528199 0.297582
0.066615 0.52821 0.362816
0.374802 0.86286 0.127034
0.0737316 0.528206 0.342099
0.13839 0.836022 0.109165
0.0907099 0.531426 0.326247
0.123807 0.826958 0.131388
0.39124 0.440532 0.445033
0.457337 0.528213 0.376386
0.372227 0.475422 0.180157
0.29285 0.528173 0.156844
0.409518 0.29585 0.202109
0.216032 0.475483 0.514836
0.17595 0.528221 0.423618
0.354089 0.96273 0.0930919
0.204094 0.528203 0.321006
0.43497 0.299595 0.225016
0.238248 0.475413 0.130607
0.290232 0.528168 0.128725
0.11343 0.290775 0.18302
0.414412 0.531396 0.24175
0.409542 0.528195 0.278349
0.427203 0.528195 0.278606
0.273861 0.514917 0.10893
0.0924982 0.475432 0.239346
0.412024 0.0993082 0.452383
0.110692 0.447979 0.453547
0.426288 0.558663 0.16946
0.298194 0.543658 0.340985
0.171539 0.94395 0.0768637
0.189524 0.529643 0.147621
0.0794045 0.124241 0.0878924
0.0721747 0.478943 0.228621
0.17447 0.52822 0.413565
0.414255 0.392031 0.137007
0.0851332 0.315032 0.323426
0.383042 0.785643 0.11904
0.39705 0.315262 0.392964
0.463824 0.486533 0.274479
0.14826 0.47547 0.4507
0.41463 0.312243 0.285172
0.423563 0.528196 0.284257
0.129891 0.21901 0.443865
0.249945 0.52823 0.47131
0.134281 0.475428 0.215031
0.21123 0.482595 0.518332
0.463032 0.720882 0.187619
0.471715 0.509186 0.313557
0.0330452 0.838077 0.146011
0.329414 0.528227 0.457097
0.393116 0.752959 0.140678
0.458618 0.905368 0.128153
0.435501 0.221542 0.0963788
0.41185 0.342278 0.451466
0.273068 0.538279 0.195595
0.0795197 0.0716834 0.0467281
0.0934887 0.904072 0.116445
0.346784 0.528202 0.316395
0.116494 0.232341  0.466
0.361239 0.475419 0.162897
0.0743083 0.899663 0.13501
0.251636 0.528211 0.365827
0.274608 0.544057 0.345179
0.377491 0.486835 0.109992
0.437507 0.528183 0.214257
0.243921 0.533756 0.470176
0.0778995 0.614108 0.168894
0.141622 0.739038 0.122144
0.357123 0.529707 0.123263
0.20017 0.528198 0.295765
0.423281 0.299176 0.372284
0.427246 0.279522 0.132737
0.261512 0.538597 0.195494
0.42907 0.53101 0.278548
0.302278 0.52822 0.419059
0.392163 0.528183 0.209703
0.337652 0.539871 0.399969
0.369239 0.528183 0.212502
0.0647158 0.601552 0.18285
0.176534 0.920052 0.119224
0.168316 0.528179 0.187298
0.123336 0.0415176 0.442056
0.386415 0.528191 0.253199
0.364182 0.528634 0.475591
0.0306008 0.752172 0.177666
0.390536 0.528226 0.450382
0.483916 0.839192 0.165095
0.266105 0.475425 0.193195
0.127313 0.388666 0.442711
0.152164 0.536112 0.234927
0.219554 0.921586 0.110751
0.205281 0.539741 0.414335
0.0874698 0.230697 0.116937
0.0962418 0.25834 0.162885
0.327902 0.541233 0.39515
0.111732 0.528189 0.243614
0.418906 0.528219 0.411177
0.238482 0.534711 0.46234
0.279385 0.475455 0.361934
0.245372 0.475415 0.140209
0.302848 0.542447 0.390925
0.266456 0.475411 0.116945
0.247436 0.544388 0.331265
0.180298 0.898901 0.111042
0.167842 0.528178 0.181313
0.394699 0.855411 0.108328
0.204453 0.475439 0.273184
0.0702423 0.528448 0.328802
0.466848 0.475447 0.316404
0.11277 0.53458 0.309327
0.396066 0.498323 0.457448
0.113609 0.130785 0.446796
0.456992 0.528209 0.356032
0.13014 0.47542 0.169836
0.346276 0.541884 0.269975
0.0563884 0.510064 0.346818
0.175631 0.528228 0.458312
0.124536 0.445228 0.46813
0.0393965 0.798555 0.153366
0.291943 0.528174 0.158998
0.2491 0.934331 0.114965
0.312701 0.523866 0.518129
0.314408 0.528175 0.164426
0.308694 0.543555 0.31421
0.161953 0.537114 0.232694
0.38846 0.248109 0.462059
0.160833 0.528232 0.483021
0.218168 0.475448 0.325966
0.0730104 0.674276 0.183652
0.111842 0.288954 0.213283
0.0779065 0.528196 0.283098
0.356781 0.486589 0.101036
0.231829 0.528204 0.328618
0.342164 0.528198 0.293322
0.195961 0.475467 0.431222
0.395875 0.533623 0.241623
0.282344 0.538107 0.196253
0.460365 0.622616 0.173346
0.408771 0.53266 0.249014
0.401341 0.350797 0.442352
0.113179 0.127231 0.462929
0.417329 0.528212 0.370556
0.261249 0.320833 0.491943
0.235229 0.52817 0.14226
0.308739 0.961787 0.0932263
0.0581091 0.898216 0.12208
0.242753 0.528193 0.268176
0.289203 0.53637 0.449682
0.338296 0.528207 0.345035
0.328071 0.47545 0.332152
0.394602 0.833468 0.132616
0.375785 0.504608 0.106538
0.427374 0.205414 0.124471
0.154042 0.540663 0.31765
0.276749 0.475411 0.115584
0.313788 0.528211 0.367802
0.250258 0.475436 0.259275
0.14781 0.528192 0.258658
0.0978749 0.528192 0.259433
0.390573 0.528211 0.365463
0.0919394 0.292318 0.24955
0.132993 0.475448 0.324159
0.463511 0.48832 0.272928
0.254198 0.475439 0.271136
0.407081 0.0892294 0.44478
0.150577 0.539283 0.28633
0.339241 0.475429 0.221886
0.324801 0.528219 0.410417
0.156804 0.508517 0.127849
0.271244 0.475455 0.362853
0.085847 0.528216 0.39494
0.110429 0.0352626 0.455534
0.153973 0.475423 0.184024
0.379025 0.837669 0.126391
0.0967615 0.567658 0.179857
0.0802546 0.108817 0.0579162
0.383476 0.528188 0.23967
0.294189 0.528223 0.436825
0.268277 0.528196 0.280841
0.322114 0.5282 0.306908
0.274943 0.528165 0.114174
0.348861 0.895085 0.112851
0.116509 0.528193 0.264949
0.0978501 0.475428 0.216208
0.459957 0.528198 0.296874
0.183737 0.528187 0.229706
0.455442 0.872591 0.130786
0.390325 0.66898 0.14046
0.386997 0.328553 0.451294
0.0992712 0.321298 0.14422
0.419481 0.47545 0.336571
0.189706 0.528192 0.262264
0.434801 0.29773 0.259659
0.315923 0.921085 0.114629
0.393087 0.473098 0.443808
0.0274328 0.787583 0.167188
0.101813 0.475466 0.424334
0.185285 0.528659 0.493028
0.136217 0.420088 0.457763
0.423417 0.528182 0.209286
0.0742333 0.47546 0.391047
0.404604 0.0250081 0.463186
0.136072 0.0278992 0.458558
0.138746 0.74616 0.138352
0.0510458 0.477156 0.320367
0.0399636 0.707792 0.181746
0.192652 0.528226 0.450675
0.312906 0.475463 0.408417
0.303537 0.528209 0.352793
0.415823 0.510936 0.175961
0.249768 0.528197 0.287699
0.1365 0.576391 0.122454
0.380263 0.301099 0.420765
0.250817 0.484034 0.526325
0.156071 0.528205 0.331388
0.250269 0.532337 0.153722
0.411303 0.0771368 0.460658
0.414683 0.475438 0.266819
0.335206 0.486602 0.121322
0.361459 0.584357 0.126024
0.417421 0.483304 0.456542
0.402491 0.474289 0.467695
0.110406 0.290467 0.227592
0.245161 0.528228 0.46094
0.294913 0.528219 0.415642
0.365208 0.508418 0.138035
0.31865 0.542843 0.27637
0.307704 0.535291 0.181564
0.360534 0.541062 0.34536
0.257154 0.972608 0.0736696
0.14945 0.521499 0.128065
0.24971 0.528226 0.451347
0.380998 0.802674 0.123196
0.397508 0.528224 0.436034
0.0535958 0.477224 0.301921
0.466227 0.476323 0.286382
0.0988429 0.312659 0.235518
0.291685 0.528186 0.231101
0.348444 0.528223 0.43245
0.0623278 0.863853 0.140622
0.419666 0.475444 0.30368
0.253003 0.528215 0.386988
0.133806 0.0509873 0.447274
0.42553 0.283371 0.109987
0.321794 0.531614 0.158547
0.168308 0.528211 0.36683
0.215949 0.536008 0.18646
0.0960444 0.503379 0.180531
0.162361 0.513889 0.49993
0.143789 0.528229 0.467525
0.197645 0.539879 0.226931
0.432774 0.385498 0.149462
0.134447 0.371467 0.462117
0.128379 0.52822 0.417531
0.269076 0.475455 0.363881
0.426652 0.475464 0.415412
0.33394 0.528228 0.465789
0.0887218 0.319305 0.347378
0.391782 0.238927 0.465628
0.408807 0.32066 0.130481
0.124415 0.821851 0.111349
0.433938 0.475538 0.203248
0.049693 0.852181 0.132339
0.372188 0.475475 0.47747
0.246253 0.528233 0.493744
0.285017 0.323337 0.483322
0.279803 0.475428 0.21363
0.177639 0.528182 0.205453
0.441386 0.143779 0.0707112
0.369636 0.47544 0.27993
0.280791 0.933142 0.114975
0.216287 0.475462 0.401225
0.369192 0.298567 0.447469
0.481276 0.846253 0.162733
0.36763 0.528175 0.166852
0.42395 0.484099 0.188204
0.36319 0.313251 0.46464
0.0928798 0.56606 0.186568
0.443341 0.475452 0.348141
0.116974 0.196245 0.44403
0.209097 0.475474 0.469545
0.190556 0.951269 0.0724092
0.121366 0.311719 0.44241
0.258528 0.528209 0.35669
0.162028 0.531816 0.451348
0.429129 0.250658 0.147578
0.435658 0.258773 0.118767
0.124213 0.445022 0.468196
0.0632142 0.525823 0.254279
0.291326 0.528232 0.48554
0.454858 0.601996 0.171088
0.409545 0.402811 0.447039
0.368511 0.483563 0.0990659
0.296469 0.475431 0.229414
0.404175 0.0651421 0.467434
0.1225 0.166074 0.468156
0.386691 0.528204 0.330659
0.359343 0.540262 0.269415
0.260312 0.528174 0.160818
0.440323 0.528184 0.217764
0.112947 0.0664134 0.44781
0.339722 0.475445 0.305265
0.462827 0.627106 0.189482
0.473394 0.691772 0.171558
0.175274 0.528168 0.126779
0.146456 0.958732 0.0917229
0.329251 0.535833 0.439062
0.395927 0.192417 0.44269
0.0644233 0.686432 0.194101
0.0858384 0.494135 0.175953
0.168857 0.475465 0.420885
0.435531 0.267779 0.119467
0.251652 0.543142 0.257866
0.270725 0.973307 0.0768875
0.165459 0.52821 0.357581
0.297856 0.528211 0.369619
0.318485 0.528237 0.510029
0.437489 0.529415 0.370706
0.307052 0.475423 0.186784
0.357201 0.528224 0.438879
0.271795 0.543197 0.25981
0.357096 0.528181 0.200386
0.469169 0.475448 0.320535
0.207265 0.542937 0.277561
0.44651 0.59925 0.192987
0.448806 0.528214 0.383409
0.219102 0.532491 0.474072
0.120288 0.480571 0.442601
0.290244 0.537972 0.43817
0.391864 0.536243 0.358374
0.141554 0.538157 0.121985
0.152062 0.52819 0.249894
0.421012 0.529381 0.226562
0.174738 0.529781 0.476697
0.329704 0.528231 0.482684
0.349765 0.475447 0.318548
0.38108 0.47547 0.447696
0.104406 0.407383 0.162751
0.133359 0.280491 0.463782
0.414967 0.5282 0.304623
0.336498 0.542348 0.362149
0.459836 0.475455 0.361312
0.244928 0.513235 0.525131
0.286535 0.528166 0.117824
0.24981 0.94012 0.114847
0.389685 0.307244 0.404584
0.367053 0.539876 0.280663
0.291962 0.475481 0.505564
0.275295 0.538929 0.434439
0.411745 0.528183 0.210605
0.0958234 0.461095 0.149007
0.0682932 0.876097 0.124578
0.128621 0.52822 0.412646
0.176828 0.528181 0.201266
0.253857 0.528165 0.113103
0.190043 0.528184 0.219692
0.398409 0.684427 0.133924
0.1148 0.226672 0.141283
0.450427 0.650214 0.193667
0.20936 0.475442 0.293956
0.395086 0.15092 0.4675
0.145879 0.528225 0.444968
0.397193 0.662266 0.129325
0.398854 0.475431 0.231544
0.374566 0.620827 0.116245
0.423598 0.32133 0.373708
0.429456 0.345509 0.12776
0.161136 0.528217 0.397129
0.330522 0.910231 0.102913
0.135365 0.52822 0.414037
0.132402 0.612725 0.124737
0.142015 0.569428 0.11339
0.150963 0.475473 0.463662
0.434818 0.242575 0.12001
0.434696 0.294324 0.217842
0.265495 0.475421 0.173602
0.187501 0.528225 0.443555
0.122749 0.47545 0.332529
0.35538 0.52823 0.46946
0.404653 0.501515 0.164227
0.252482 0.486604 0.52666
0.183705 0.47543 0.227538
0.266982 0.475481 0.507682
0.166115 0.963167 0.0917964
0.10307 0.475462 0.402393
0.226027 0.475462 0.40454
0.420604 0.156591 0.0876232
0.417088 0.316849 0.293784
0.41237 0.279698 0.454085
0.234927 0.528201 0.310315
0.456792 0.503631 0.239652
0.135986 0.0705889 0.451454
0.0573703 0.85152 0.152506
0.194056 0.944556 0.0803466
0.381916 0.53715 0.119929
0.178306 0.528224 0.438982
0.163038 0.528169 0.136499
0.136397 0.156649 0.456905
0.296033 0.528204 0.330578
0.190499 0.528224 0.439377
0.389348 0.534643 0.244521
0.283803 0.298066 0.483693
0.138349 0.798467 0.13336
0.159218 0.528181 0.196294
0.191171 0.5282 0.307697
0.191694 0.475458 0.378955
0.111261 0.0783257 0.459599
0.415303 0.314586 0.266548
0.441982 0.12745 0.0648156
0.257232 0.528236 0.507137
0.27585 0.481995 0.525576
0.113944 0.342065 0.44625
0.429208 0.496173 0.180246
0.354325 0.528212 0.375283
0.423377 0.213613 0.091379
0.107387 0.199562 0.101263
0.164915 0.528915 0.10983
0.412877 0.292231 0.234854
0.416566 0.528194 0.275832
0.365557 0.475461 0.397443
0.0789598 0.0597022 0.0457052
0.107252 0.528209 0.356854
0.47788 0.761791 0.162361
0.436952 0.528206 0.336748
0.104788 0.298092 0.304067
0.143863 0.52078 0.147254
0.123335 0.127718 0.468329
0.295044 0.475456 0.369275
0.114331 0.475444 0.298912
0.132539 0.924566 0.0970224
0.167601 0.528174 0.165159
0.380851 0.635499 0.115511
0.406888 0.261752 0.465716
0.387763 0.179843 0.461016
0.397577 0.313486 0.390593
0.366893 0.528693 0.473303
0.075643 0.528195 0.280353
0.0981662 0.528211 0.369218
0.0581847 0.642086 0.174219
0.375689 0.697216 0.131819
0.288939 0.475468 0.436675
0.0945516 0.528675 0.160323
0.0857167 0.530338 0.295432
0.403406 0.528223 0.431386
0.33704 0.528221 0.424717
0.348402 0.53494 0.201375
0.150918 0.866913 0.125198
0.254267 0.475472 0.456511
0.356414 0.475418 0.155035
0.448495 0.518545 0.225164
0.425173 0.362328 0.15264
0.301196 0.528235 0.499313
0.0806781 0.570298 0.190458
0.141293 0.71978 0.138689
0.117852 0.456865 0.443397
0.360749 0.538323 0.247361
0.442801 0.184059 0.09618
0.465488 0.49314 0.352194
0.119069 0.43435 0.467424
0.468342 0.528103 0.296849
0.313157 0.475449 0.329017
0.390429 0.475462 0.406427
0.107073 0.528199 0.30022
0.410462 0.528188 0.237562
0.416256 0.925582 0.092255
0.281525 0.528192 0.262611
0.0821569 0.528564 0.384179
0.122271 0.306861 0.468085
0.282872 0.530735 0.144502
0.136393 0.274605 0.453403
0.287671 0.528233 0.492799
0.386336 0.451862 0.454505
0.424876 0.470282 0.175617
0.40654 0.528177 0.1764
0.284506 0.528203 0.320549
0.383777 0.528214 0.382995
0.415723 0.53178 0.386602
0.38654 0.528217 0.399294
0.0947226 0.574702 0.175112
0.409828 0.316024 0.126083
0.485035 0.792642 0.180771
0.0312999 0.77579 0.164031
0.205696 0.475469 0.441091
0.444881 0.528937 0.350689
0.300188 0.475443 0.299194
0.238406 0.528201 0.310649
0.132865 0.459513 0.464462
0.0981571 0.286308 0.231979
0.117057 0.475448 0.324591
0.287153 0.54348 0.275434
0.237117 0.475455 0.363533
0.0784311 0.0741556 0.0468437
0.225526 0.528184 0.218915
0.132856 0.690324 0.117685
0.350778 0.542283 0.309414
0.100149 0.532926 0.314086
0.436399 0.303127 0.245027
0.410855 0.29526 0.229515
0.433275 0.47545 0.334804
0.430234 0.456426 0.171202
0.32881 0.528187 0.230042
0.439965 0.114475 0.0863308
0.247087 0.542948 0.252257
0.145266 0.497718 0.115021
0.109419 0.383137 0.135401
0.387419 0.528188 0.241985
0.0599439 0.528207 0.345754
0.0649383 0.523136 0.245741
0.246469 0.532425 0.155112
0.43691 0.104106 0.081592
0.328277 0.532055 0.471065
0.348084 0.475415 0.138595
0.446437 0.885635 0.133156
0.38584 0.32353 0.428957
0.215813 0.543278 0.285032
0.117619 0.749396 0.12583
0.195761 0.475427 0.211335
0.194538 0.519889 0.514955
0.386396 0.307286 0.454237
0.35925 0.528235 0.500203
0.424797 0.532665 0.319942
0.470047 0.688504 0.171249
0.174013 0.475477 0.487455
0.135707 0.668534 0.141994
0.362566 0.559767 0.131287
0.0915456 0.369873 0.150185
0.133443 0.696708 0.117254
0.174126 0.954038 0.0985699
0.0439549 0.808571 0.17544
0.423023 0.528215 0.386725
0.0897806 0.44583 0.167059
0.437024 0.313017 0.297639
0.353205 0.535294 0.207495
0.112317 0.465471 0.448692
0.304822 0.528172 0.147478
0.40991 0.0977991 0.462742
0.0843075 0.528195 0.27836
0.100098 0.339175 0.123202
0.185783 0.52821 0.362237
0.23035 0.514401 0.112716
0.229179 0.921737 0.10261
0.215674 0.528176 0.171946
0.259251 0.528232 0.483225
0.417759 0.511638 0.172746
0.092927 0.529397 0.240284
0.355138 0.527289 0.118082
0.37795 0.506622 0.48841
0.397536 0.754959 0.139098
0.215358 0.522981 0.115741
0.288794 0.528228 0.460993
0.108493 0.528179 0.192485
0.26292 0.299395 0.479793
0.177894 0.47546 0.392597
0.231127 0.921909 0.104286
0.139625 0.635116 0.140849
0.290687 0.528234 0.496518
0.461687 0.508137 0.371009
0.110881 0.109307 0.452657
0.08808 0.517061 0.20466
0.136391 0.25198 0.4534
0.215384 0.528216 0.396675
0.0959279 0.338788 0.12431
0.196245 0.542915 0.29663
0.21295 0.954037 0.0921453
0.42778 0.278389 0.157832
0.24517 0.542267 0.406121
0.131036 0.48674 0.465679
0.45873 0.0616031 0.0411709
0.385757 0.526577 0.483223
0.31926 0.492365 0.516809
0.0917144 0.42812 0.164106
0.266962 0.94664 0.110149
0.12226 0.528962 0.190831
0.346969 0.528213 0.379953
0.316433 0.528184 0.220666
0.382143 0.528201 0.308834
0.155508 0.475475 0.472799
0.254962 0.47546 0.391558
0.0614154 0.475445 0.305513
0.0716754 0.47546 0.394579
0.109297 0.308938 0.31029
0.362181 0.937937 0.0897867
0.271524 0.533431 0.161174
0.31917 0.52823 0.473263
0.386548 0.0709277 0.456847
0.130038 0.0440849 0.443994
0.391064 0.528226 0.451511
0.179975 0.475422 0.177223
0.265918 0.475413 0.129236
0.306693 0.528228 0.463003
0.376556 0.490828 0.115456
0.455995 0.642582 0.195077
0.268834 0.528208 0.352889
0.393857 0.475421 0.173501
0.106848 0.201388 0.0989833
0.368826 0.475416 0.143639
0.140321 0.790015 0.119986
0.434663 0.530598 0.3433
0.108397 0.353587 0.128105
0.220403 0.475416 0.145492
0.359651 0.52817 0.139661
0.111263 0.148287 0.459595
0.141643 0.646506 0.141352
0.138471 0.562274 0.120385
0.329881 0.475446 0.313088
0.126637 0.468339 0.467696
0.389519 0.319277 0.446678
0.409718 0.524175 0.167586
0.146758 0.529759 0.458263
0.335923 0.486574 0.513446
0.432038 0.528199 0.302306
0.147058 0.528189 0.242174
0.179635 0.542516 0.323636
0.402686 0.0250103 0.463769
0.260977 0.528185 0.223892
0.452479 0.516292 0.231165
0.0952686 0.296063 0.322413
0.199138 0.320703 0.463926
0.316669 0.320276 0.483543
0.279445 0.528169 0.136642
0.19421 0.5358 0.195459
0.417169 0.281897 0.206472
0.15801 0.872098 0.110389
0.354545 0.528212 0.370077
0.434083 0.528203 0.322077
0.22505 0.528181 0.199249
0.483343 0.726437 0.170538
0.160962 0.528186 0.228228
0.128339 0.475423 0.185513
0.166971 0.475428 0.216491
0.453632 0.605484 0.169645
0.389722 0.760683 0.115573
0.364335 0.528178 0.182128
0.425374 0.528223 0.430909
0.210476 0.52817 0.140019
0.130313 0.864052 0.108609
0.0877095 0.528187 0.234745
0.15708 0.528227 0.454918
0.112566 0.28805 0.127435
0.30914 0.543477 0.303668
0.12721 0.528219 0.409993
0.0887547 0.252612 0.106329
0.0833218 0.528205 0.328646
0.216831 0.530806 0.485494
0.466184 0.741808 0.174727
0.23166 0.530602 0.145265
0.414346 0.233449 0.103892
0.164893 0.537303 0.124447
0.299418 0.475475 0.474149
0.437147 0.475431 0.23167
0.297778 0.972599 0.0826339
0.221443 0.528235 0.502768
0.408878 0.287995 0.179683
0.109554 0.250824 0.107753
0.181271 0.528201 0.308091
0.440805 0.48478 0.213587
0.269036 0.528174 0.163855
0.119726 0.321927 0.395579
0.0713617 0.640627 0.194008
0.0768365 0.475461 0.399976
0.495131 0.7966 0.170257
0.18732 0.528228 0.464131
0.102739 0.271281 0.18694
0.0538063 0.0473246 0.0538051
0.272204 0.535641 0.458249
0.154079 0.86356 0.119394
0.168543 0.528212 0.372135
0.13458 0.107664 0.461963
0.0701611 0.475456 0.370076
0.284482 0.528169 0.136834
0.381437 0.945026 0.0801968
0.0353669 0.829829 0.143812
0.411591 0.332522 0.142452
0.378473 0.696441 0.121008
0.412738 0.533471 0.283484
0.134095 0.100672 0.447696
0.231876 0.528193 0.269289
0.332272 0.528211 0.367613
0.25279 0.475464 0.409816
0.171073 0.475468 0.435499
0.264407 0.475476 0.477002
0.475309 0.780043 0.16065
0.41527 0.52802 0.175124
0.137581 0.829447 0.132218
0.201006 0.937746 0.0978795
0.342029 0.911334 0.0961569
0.408626 0.528214 0.381122
0.111363 0.422858 0.450183
0.426233 0.214053 0.0901104
0.399845 0.475428 0.216222
0.10112 0.389721 0.159935
0.091289 0.397949 0.142152
0.0970022 0.52818 0.194179
0.315682 0.528197 0.288034
0.200844 0.475431 0.231289
0.115882 0.475431 0.233122
0.226747 0.528234 0.495254
0.136834 0.649785 0.141071
0.466359 0.733653 0.187331
0.375423 0.528195 0.278705
0.40516 0.326544 0.443455
0.124132 0.466557 0.442063
0.286722 0.528208 0.350714
0.328999 0.48726 0.514843
0.330249 0.534904 0.446109
0.436348 0.595852 0.190011
0.373208 0.885004 0.125894
0.2931 0.528221 0.418764
0.0888996 0.20681 0.112347
0.459434 0.510184 0.382166
0.131651 0.528204 0.329784
0.291712 0.475475 0.47349
0.204695 0.475477 0.486723
0.429653 0.255173 0.144316
0.4183 0.309765 0.229262
0.336323 0.475457 0.376018
0.162804 0.528229 0.464466
0.450633 0.528198 0.293417
0.149572 0.483682 0.10179
0.284207 0.528239 0.520468
0.369813 0.537944 0.25627
0.161634 0.52823 0.474711
0.292907 0.5282 0.30462
0.356773 0.528222 0.425474
