0.545316 0.464519 0.0520509
0.0380542 0.107291 0.0598021
0.061121 0.225342 0.540847
0.298741 0.464519 0.455794
0.0579623 0.282865 0.529422
0.62153 0.937766 0.22549
0.357736 0.464519 0.440665
0.21477 0.535704 0.520611
0.567064 0.464519 0.216699
0.588413 0.384198 0.507434
0.383656 0.535704 0.496285
0.505091 0.269674 0.0635936
0.590105 0.950601 0.316695
0.306861 0.50312 0.0490154
0.48869 0.464519 0.120432
0.394651 0.535704 0.364846
0.351686 0.534896 0.52358
0.556418 0.423811 0.0506697
0.362336 0.523735 0.52358
0.394483 0.535704 0.336761
0.251904 0.535704 0.0894287
0.25923 0.48265 0.0490154
0.161512 0.535704 0.148683
0.5771 0.58103 0.151345
0.589736 0.819701 0.521515
0.560194 0.567629 0.510341
0.581903 0.38286 0.0309619
0.601739 0.859323 0.299956
0.61318 0.733596 0.530034
0.543159 0.525889 0.52358
0.085446 0.426986 0.032036
0.620474 0.131307 0.0336295
0.0655204 0.23913 0.505527
0.590304 0.948568 0.142861
0.206967 0.470491 0.0490154
0.377424 0.518231 0.0490154
0.595283 0.35536 0.0352736
0.319166 0.271685 0.53667
0.622107 0.891792 0.305262
0.474985 0.464519 0.274075
0.27131 0.464519 0.521255
0.572734 0.702059 0.522952
0.580759 0.27724 0.0559359
0.571011 0.505432 0.451414
0.339637 0.278022 0.485807
0.364897 0.51332 0.0490154
0.582621 0.321605 0.505527
0.200668 0.464519 0.285557
0.608544 0.118874 0.0309619
0.415138 0.526132 0.0490154
0.45222 0.535704 0.394551
0.317933 0.464519 0.486112
0.588603 0.269418 0.0637914
0.582823 0.282079 0.539004
0.599447 0.860726 0.135649
0.573202 0.384788 0.506014
0.45946 0.464519 0.421716
0.380958 0.464519 0.387213
0.600842 0.861799 0.253395
0.621063 0.778294 0.0505868
0.576414 0.280561 0.532663
0.566811 0.635476 0.0379248
0.327992 0.247506 0.111237
0.621454 0.96422 0.180622
0.137347 0.464519 0.165671
0.177377 0.535704 0.244148
0.321073 0.535704 0.0948122
0.0619697 0.213223 0.541634
0.170872 0.535704 0.102998
0.559509 0.47589 0.539328
0.101758 0.413476 0.0343219
0.150812 0.535704 0.36194
0.502082 0.464519 0.302136
0.575719 0.558825 0.432214
0.147348 0.464519 0.0714888
0.108556 0.464519 0.0593196
0.0663638 0.108537 0.0622709
0.602202 0.180972 0.505527
0.0726568 0.137901 0.534894
0.570657 0.464519 0.0890529
0.580443 0.667497 0.32131
0.187187 0.464519 0.232672
0.566398 0.626368 0.270764
0.0660386 0.245807 0.0309619
0.348929 0.267159 0.328245
0.549577 0.487598 0.53064
0.182378 0.52172 0.0490154
0.226548 0.535704 0.289993
0.345126 0.274092 0.200443
0.571011 0.501953 0.309854
0.459792 0.535704 0.168992
0.359232 0.262032 0.539377
0.428679 0.464519 0.449586
0.0424995 0.163724 0.52681
0.555201 0.535704 0.507475
0.0445696 0.041391 0.505527
0.483442 0.535704 0.391689
0.210347 0.464519 0.350681
0.167336 0.464519 0.0528217
0.52391 0.535704 0.328059
0.353387 0.251442 0.0602655
0.584071 0.217713 0.514648
0.37063 0.48344 0.0490154
0.562443 0.535704 0.386535
0.578001 0.496055 0.0352505
0.0443605 0.0854689 0.506033
0.0826178 0.497108 0.522665
0.507236 0.535704 0.391472
0.0384199 0.12609 0.518718
0.148777 0.535704 0.480707
0.624169 0.158481 0.056619
0.530116 0.261734 0.507783
0.341483 0.258228 0.0648122
0.417136 0.535704 0.178674
0.609616 0.961316 0.26215
0.58211 0.73301 0.135211
0.275023 0.464519 0.0815989
0.504968 0.27719 0.0419872
0.559773 0.272512 0.536104
0.201034 0.464519 0.258769
0.593042 0.822768 0.436177
0.562621 0.620812 0.0536156
0.591088 0.85379 0.0515682
0.581301 0.56235 0.0333444
0.627682 0.850402 0.0422187
0.61873 0.843896 0.0318098
0.626922 0.914492 0.469644
0.604593 0.0475545 0.0411224
0.505796 0.464519 0.18343
0.485523 0.464519 0.374018
0.571011 0.527628 0.223049
0.569577 0.442556 0.0670689
0.443476 0.464519 0.427268
0.40243 0.535704 0.503938
0.572269 0.535704 0.527021
0.345315 0.464519 0.105656
0.608127 0.870892 0.534219
0.570003 0.535704 0.103058
0.629124 0.122405 0.5176
0.475157 0.535704 0.416905
0.557122 0.535704 0.084209
0.0964464 0.473062 0.143134
0.247129 0.464519 0.101637
0.0616549 0.272404 0.511051
0.155374 0.464519 0.481535
0.0964464 0.511431 0.346025
0.590843 0.248321 0.0427094
0.195836 0.535704 0.406459
0.182745 0.464519 0.0492829
0.618503 0.96102 0.42309
0.513391 0.535704 0.500668
0.598664 0.720405 0.265384
0.605353 0.330449 0.0483421
0.50009 0.464519 0.13821
0.104487 0.43347 0.509087
0.333461 0.464519 0.349497
0.624962 0.928165 0.301952
0.261881 0.464519 0.108945
0.189098 0.535704 0.0617441
0.572056 0.302199 0.527455
0.356968 0.268495 0.538993
0.273944 0.535704 0.097212
0.0980893 0.464519 0.176706
0.285731 0.464519 0.430664
0.344714 0.494327 0.0490154
0.546979 0.535704 0.514104
0.600178 0.263007 0.0670689
0.221222 0.464519 0.452025
0.107897 0.487262 0.543155
0.362934 0.469691 0.0490154
0.147548 0.464519 0.344883
0.089031 0.254697 0.518037
0.459497 0.464519 0.258607
0.550211 0.531533 0.532592
0.168561 0.535704 0.176566
0.579034 0.675208 0.155212
0.593549 0.360306 0.0344603
0.151854 0.535704 0.0619784
0.578837 0.722497 0.317452
0.605279 0.93107 0.428822
0.632657 0.0966894 0.5284
0.613029 0.819551 0.142436
0.605601 0.86762 0.132645
0.555633 0.448919 0.0403563
0.29234 0.268374 0.0645066
0.317456 0.261777 0.362407
0.595923 0.122524 0.514094
0.624362 0.915711 0.479566
0.184313 0.535704 0.106854
0.320151 0.272208 0.0509745
0.36661 0.464519 0.283735
0.196793 0.535704 0.320654
0.102295 0.427897 0.0334343
0.0964464 0.466024 0.119087
0.624557 0.907578 0.457238
0.486442 0.464519 0.137275
0.226739 0.535704 0.436757
0.22279 0.464519 0.300251
0.0757544 0.479902 0.0583598
0.594101 0.480608 0.0470474
0.568182 0.664418 0.526455
0.55565 0.497096 0.039553
0.58158 0.745538 0.0400468
0.0920271 0.471301 0.541388
0.278189 0.483289 0.52358
0.627017 0.945684 0.134533
0.0654053 0.195377 0.505527
0.558486 0.585398 0.268147
0.551397 0.528767 0.536242
0.55047 0.540544 0.144284
0.510402 0.464519 0.445195
0.437532 0.535704 0.282785
0.3285 0.247097 0.310626
0.317734 0.264676 0.519664
0.537802 0.535704 0.52075
0.583762 0.754834 0.254869
0.538851 0.464519 0.196077
0.404875 0.519996 0.0490154
0.186809 0.464519 0.516801
0.60839 0.87451 0.0419924
0.592103 0.952996 0.13676
0.115717 0.535704 0.312791
0.238852 0.266277 0.0648122
0.604701 0.843745 0.32131
0.451219 0.251288 0.0378918
0.111182 0.4895 0.0318275
0.593653 0.838006 0.0551788
0.417766 0.535704 0.23962
0.492508 0.464519 0.333381
0.619843 0.936552 0.168607
0.530059 0.535704 0.316904
0.338597 0.258646 0.507783
0.318808 0.535704 0.346021
0.589742 0.210982 0.0348881
0.375524 0.519889 0.52358
0.0803451 0.238795 0.50889
0.625908 0.957251 0.338919
0.0429958 0.172404 0.0505098
0.324429 0.275612 0.217986
0.591965 0.210397 0.507902
0.511922 0.276819 0.515406
0.584245 0.616242 0.0309619
0.593206 0.682796 0.432009
0.60009 0.160423 0.506462
0.576739 0.724883 0.264044
0.174028 0.535704 0.412639
0.622554 0.923713 0.438025
0.564361 0.598164 0.438248
0.144659 0.464519 0.502212
0.282984 0.535704 0.194904
0.313336 0.535704 0.329583
0.625607 0.908532 0.145194
0.613957 0.756734 0.0371876
0.0908792 0.266528 0.527909
0.141743 0.47562 0.0490154
0.342854 0.275721 0.307006
0.363035 0.464519 0.102592
0.0831163 0.38912 0.541634
0.597962 0.0991449 0.0420573
0.465868 0.535704 0.294484
0.145482 0.535704 0.147719
0.608701 0.922672 0.0901155
0.592863 0.915983 0.121435
0.455201 0.535704 0.283049
0.59919 0.874328 0.256669
0.575639 0.525084 0.507603
0.24454 0.535704 0.258727
0.597188 0.817648 0.439677
0.437092 0.464519 0.344289
0.385059 0.464519 0.226568
0.114732 0.529991 0.0636244
0.600768 0.175221 0.0670689
0.590677 0.522954 0.0615182
0.374884 0.464519 0.263521
0.581732 0.607786 0.137738
0.321654 0.535704 0.51025
0.441096 0.464519 0.114199
0.0964464 0.513685 0.411976
0.571011 0.507399 0.103007
0.22117 0.464519 0.415739
0.177584 0.535704 0.311237
0.509216 0.464519 0.182252
0.399773 0.466952 0.0490154
0.621479 0.0852584 0.0309619
0.599208 0.923837 0.0952881
0.575941 0.710493 0.423462
0.0784987 0.450872 0.0546653
0.49574 0.464519 0.517209
0.568928 0.246517 0.524348
0.256143 0.535704 0.110274
0.14553 0.464519 0.519985
0.598319 0.869412 0.04182
0.596085 0.384395 0.532362
0.230515 0.487818 0.0490154
0.0964464 0.523178 0.0929469
0.493388 0.464519 0.209413
0.372373 0.535704 0.295633
0.0655622 0.0980088 0.510678
0.501268 0.535704 0.322079
0.318989 0.268632 0.0491088
0.263687 0.535704 0.47807
0.0676267 0.0670359 0.524222
0.0642255 0.258437 0.0324361
0.163109 0.535704 0.174999
0.612726 0.800289 0.066132
0.0947608 0.300144 0.518518
0.583678 0.763205 0.316236
0.571011 0.527118 0.443118
0.129557 0.248893 0.0406582
0.59587 0.318468 0.540161
0.604021 0.757253 0.141661
0.115457 0.535704 0.307172
0.201797 0.464519 0.507633
0.592315 0.408261 0.534786
0.611346 0.949914 0.45526
0.612868 0.932891 0.302855
0.608167 0.209236 0.0663865
0.606387 0.255032 0.538185
0.584342 0.687212 0.0309619
0.172339 0.535704 0.232834
0.3479 0.255347 0.168188
0.561909 0.626225 0.0489033
0.236924 0.535704 0.359625
0.30114 0.535704 0.455389
0.549142 0.517069 0.51786
0.233815 0.535704 0.150598
0.205023 0.464519 0.370591
0.618242 0.210822 0.529687
0.344864 0.464519 0.0694536
0.571011 0.529319 0.508106
0.59088 0.711995 0.0670689
0.0964464 0.509425 0.108815
0.509075 0.535704 0.154084
0.333834 0.247042 0.235603
0.472528 0.275574 0.513294
0.39007 0.464519 0.305507
0.549245 0.522882 0.0547887
0.138911 0.535704 0.174793
0.48838 0.464519 0.450354
0.407198 0.24855 0.0418877
0.109869 0.535704 0.447913
0.599456 0.956943 0.444483
0.603133 0.698165 0.0353215
0.603206 0.16312 0.541634
0.0682432 0.0722009 0.049709
0.471608 0.464519 0.0974157
0.382509 0.464519 0.161075
0.57316 0.512593 0.0476966
0.58038 0.630625 0.541634
0.321704 0.494335 0.0490154
0.102766 0.498204 0.0377437
0.603513 0.932889 0.315023
0.573554 0.472773 0.0715823
0.216222 0.464519 0.493185
0.0830585 0.448166 0.510196
0.61089 0.81568 0.303672
0.56994 0.616639 0.0643128
0.101555 0.277785 0.528522
0.334561 0.278645 0.19263
0.619084 0.80857 0.510201
0.137852 0.535704 0.242436
0.380937 0.464519 0.30733
0.19439 0.464519 0.422535
0.627224 0.118762 0.511953
0.571011 0.476672 0.239673
0.51325 0.535704 0.434547
0.384752 0.535704 0.162322
0.608578 0.259139 0.0616778
0.611519 0.0806318 0.505527
0.117168 0.534987 0.0397629
0.605701 0.252534 0.535586
0.106966 0.278553 0.526163
0.591434 0.820871 0.0422755
0.584592 0.735167 0.272855
0.33229 0.535704 0.360091
0.594973 0.898849 0.0746695
0.244202 0.464519 0.488484
0.388169 0.464519 0.161266
0.609829 0.920598 0.139086
0.606039 0.069023 0.510253
0.604018 0.170492 0.0670689
0.173401 0.535704 0.157702
0.193303 0.247356 0.045428
0.040935 0.142834 0.517306
0.231069 0.464519 0.16417
0.232328 0.535704 0.226049
0.518762 0.269725 0.538123
0.348134 0.464519 0.19764
0.47164 0.499232 0.52358
0.113849 0.535704 0.0585205
0.409923 0.535704 0.22626
0.438606 0.535704 0.209765
0.591483 0.955542 0.24169
0.0964464 0.532322 0.124927
0.276909 0.535704 0.117602
0.267014 0.535704 0.324072
0.546153 0.259018 0.507783
0.344606 0.464519 0.0943313
0.609787 0.119162 0.0309619
0.348487 0.268566 0.104142
0.0536877 0.252306 0.519351
0.323317 0.274807 0.204953
0.0965324 0.498265 0.0490154
0.558255 0.571876 0.420823
0.633038 0.8636 0.524561
0.268293 0.535704 0.293068
0.561963 0.542376 0.32131
0.19329 0.464519 0.235331
0.097127 0.535704 0.503724
0.410109 0.481446 0.0490154
0.574767 0.281299 0.0446887
0.571011 0.468525 0.266604
0.516217 0.519241 0.52358
0.0973312 0.464519 0.367611
0.573431 0.543723 0.424612
0.593262 0.763741 0.417384
0.0908212 0.256489 0.0340599
0.0964464 0.506177 0.0765185
0.563107 0.253683 0.0361684
0.585269 0.53136 0.518668
0.319882 0.464519 0.244761
0.484204 0.464519 0.30859
0.597333 0.909463 0.489745
0.590793 0.470535 0.511434
0.562425 0.464519 0.456229
0.580583 0.75393 0.0513497
0.551066 0.485303 0.0573486
0.474894 0.523565 0.52358
0.477283 0.535704 0.0659919
0.612262 0.969026 0.166562
0.586574 0.393079 0.0323278
0.559161 0.57872 0.512205
0.571011 0.475766 0.354894
0.482166 0.535704 0.097143
0.580157 0.58622 0.142175
0.0964464 0.518844 0.281438
0.593117 0.675266 0.309637
0.305487 0.464519 0.41998
0.312405 0.261627 0.539377
0.385721 0.535704 0.362505
0.592934 0.879896 0.486907
0.0977696 0.476135 0.546147
0.127661 0.535704 0.240245
0.563591 0.629546 0.146157
0.614081 0.833267 0.148088
0.118782 0.25985 0.539377
0.599845 0.327102 0.0619662
0.345985 0.273449 0.295138
0.125336 0.535704 0.420042
0.164468 0.464519 0.137739
0.571319 0.321961 0.0580403
0.0964464 0.480568 0.195528
0.581626 0.332337 0.0309619
0.112927 0.535704 0.122329
0.31974 0.270853 0.493612
0.222802 0.464519 0.191354
0.345202 0.274032 0.222374
0.0927158 0.339752 0.538276
0.390945 0.464519 0.251045
0.51762 0.535704 0.0891702
0.151876 0.535704 0.281423
0.610037 0.888567 0.32131
0.356716 0.473852 0.0490154
0.600914 0.864079 0.134932
0.609158 0.794056 0.146301
0.440749 0.464519 0.284725
0.334386 0.257744 0.0648122
0.239022 0.259384 0.0332186
0.616422 0.91366 0.251286
0.34327 0.275405 0.372758
0.452431 0.464519 0.411366
0.483347 0.535704 0.34222
0.456444 0.535704 0.165045
0.500361 0.464519 0.467985
0.244836 0.535704 0.0610354
0.333522 0.535704 0.331576
0.0964464 0.480767 0.248441
0.247582 0.464519 0.466837
0.130787 0.535704 0.270574
0.596527 0.393167 0.519437
0.609135 0.94838 0.428667
0.583569 0.500519 0.521594
0.104795 0.464519 0.369679
0.065293 0.246561 0.0502334
0.319147 0.269091 0.187552
0.586923 0.781933 0.435902
0.319429 0.269934 0.312008
0.626412 0.893703 0.0799581
0.502923 0.535704 0.382683
0.430592 0.535704 0.0927634
0.598272 0.294499 0.540548
0.279344 0.464519 0.206096
0.498103 0.267887 0.0648122
0.31855 0.25839 0.460629
0.580303 0.58874 0.260182
0.598582 0.872014 0.257531
0.11563 0.247863 0.518386
0.0843582 0.493401 0.0299038
0.607159 0.91511 0.420337
0.611523 0.968993 0.330455
0.574121 0.618881 0.0309619
0.556562 0.550003 0.253731
0.394828 0.535704 0.215966
0.118347 0.535704 0.199703
0.235149 0.535704 0.118083
0.571011 0.52101 0.311593
0.62628 0.944626 0.427719
0.365528 0.247869 0.518523
0.061277 0.0673936 0.536866
0.343903 0.27501 0.0559519
0.497522 0.277842 0.0439989
0.612951 0.0738104 0.0670689
0.264592 0.464519 0.0747039
0.520607 0.278363 0.045587
0.571011 0.493305 0.251042
0.239941 0.535704 0.0881989
0.603983 0.671333 0.0411944
0.210446 0.535704 0.143316
0.261256 0.535704 0.2547
0.322533 0.535704 0.212533
0.298084 0.535704 0.232594
0.604797 0.759246 0.263327
0.571011 0.469879 0.163233
0.161395 0.464519 0.0675892
0.356016 0.464519 0.381626
0.576754 0.464519 0.0679347
0.571011 0.510125 0.335472
0.13649 0.464519 0.137135
0.151313 0.535704 0.200233
0.273858 0.259942 0.507783
0.586834 0.714194 0.251286
0.111702 0.535704 0.1371
0.604433 0.285481 0.0356929
0.471947 0.464519 0.265813
0.0819397 0.402765 0.506988
0.0994205 0.459648 0.541634
0.585384 0.677172 0.132753
0.0995711 0.44379 0.0670689
0.595057 0.216243 0.0670689
0.378541 0.535704 0.467894
0.275346 0.464519 0.488784
0.585033 0.209005 0.514971
0.402095 0.535704 0.463163
0.556181 0.484079 0.034944
0.590449 0.580516 0.533756
0.568579 0.613126 0.538254
0.152775 0.264735 0.539377
0.493112 0.464519 0.319313
0.370131 0.535704 0.37768
0.427197 0.482819 0.52358
0.115699 0.475087 0.516957
0.592209 0.131081 0.524927
0.0766456 0.276765 0.0570841
0.606357 0.118441 0.031089
0.612747 0.229462 0.0367355
0.111655 0.535511 0.506735
0.595432 0.25229 0.511749
0.605502 0.104354 0.0329509
0.223287 0.464519 0.39225
0.405667 0.527709 0.52358
0.586909 0.538078 0.52637
0.58804 0.471084 0.524468
0.0659968 0.110531 0.0353189
0.596969 0.773735 0.298743
0.107677 0.505158 0.52358
0.582604 0.492939 0.504108
0.254424 0.535704 0.463598
0.0961987 0.535704 0.505538
0.600693 0.884346 0.150119
0.229418 0.278113 0.0450022
0.238488 0.535704 0.0795756
0.607569 0.172791 0.0670689
0.312542 0.535704 0.205672
0.388849 0.246345 0.0486639
0.571011 0.510794 0.50043
0.578687 0.247496 0.519939
0.47644 0.4926 0.0490154
0.532719 0.266728 0.539377
0.625727 0.824198 0.0560321
0.596288 0.364968 0.0611833
0.591089 0.828935 0.144577
0.552312 0.54491 0.529266
0.559488 0.417821 0.057801
0.592825 0.429966 0.52525
0.406287 0.535704 0.225058
0.606603 0.26647 0.0620062
0.195235 0.535704 0.443709
0.562534 0.56266 0.508155
0.0964464 0.481628 0.143545
0.0608531 0.267832 0.0559045
0.410665 0.464519 0.198887
0.107872 0.399936 0.0466276
0.398777 0.272298 0.0616713
0.386193 0.464519 0.315007
0.459497 0.531685 0.52358
0.595459 0.775167 0.32131
0.0621208 0.0865226 0.509212
0.14229 0.464519 0.215745
0.346569 0.273007 0.378407
0.375563 0.464519 0.478097
0.0964464 0.495255 0.231838
0.571011 0.511984 0.316327
0.622769 0.938628 0.407561
0.603736 0.143537 0.505527
0.333875 0.464519 0.41281
0.137081 0.524662 0.52358
0.626873 0.93892 0.127149
0.544013 0.535704 0.487893
0.520971 0.535704 0.488512
0.523066 0.464519 0.114499
0.571625 0.300161 0.0508103
0.082124 0.462861 0.0604272
0.62561 0.896538 0.472852
0.486772 0.464519 0.356531
0.152105 0.522689 0.52358
0.274486 0.535704 0.153543
0.619162 0.965863 0.291638
0.216792 0.464519 0.508051
0.582107 0.649116 0.417971
0.0964464 0.483413 0.493253
0.0835885 0.205908 0.527476
0.483747 0.535704 0.47429
0.607168 0.788153 0.138019
0.305529 0.246549 0.524611
0.616885 0.934385 0.251335
0.60102 0.25309 0.0366045
0.18996 0.535704 0.488195
0.516274 0.535704 0.520026
0.545812 0.464519 0.197078
0.111814 0.464519 0.158054
0.437566 0.535704 0.355549
0.584389 0.458419 0.0365296
0.591519 0.761378 0.298743
0.308168 0.502198 0.52358
0.604143 0.910136 0.423007
0.52181 0.535704 0.327486
0.394187 0.464519 0.485459
0.564707 0.531848 0.132645
0.166947 0.464519 0.267927
0.585485 0.645084 0.270428
0.58634 0.391021 0.0660536
0.60082 0.878806 0.25513
0.571521 0.297541 0.524077
0.587963 0.470317 0.508002
0.485093 0.464519 0.337664
0.591831 0.835143 0.0508533
0.0992959 0.464519 0.370565
0.361272 0.464519 0.0846736
0.575597 0.464519 0.543492
0.112455 0.464519 0.522966
0.324347 0.275561 0.178798
0.331374 0.278657 0.129751
0.509082 0.268696 0.0337261
0.607281 0.94212 0.142403
0.28105 0.257125 0.53897
0.227501 0.464519 0.23904
0.0964464 0.49756 0.509628
0.625563 0.85996 0.509197
0.120141 0.535704 0.442917
0.593087 0.149017 0.0382694
0.0781133 0.505142 0.0635898
0.0913674 0.271359 0.0357229
0.394891 0.464519 0.291797
0.0643777 0.130432 0.0323917
0.243744 0.464519 0.355685
0.351453 0.464519 0.148074
0.611791 0.955234 0.42106
0.560786 0.595784 0.513855
0.598315 0.711827 0.144131
0.571011 0.470052 0.446419
0.584586 0.205366 0.0548985
0.546057 0.499644 0.0490154
0.599286 0.798342 0.251286
0.605991 0.80996 0.134155
0.585077 0.65895 0.253015
0.612552 0.93169 0.15017
0.29195 0.464519 0.343202
0.268197 0.535704 0.371659
0.580213 0.249298 0.532558
0.0780975 0.268949 0.0670689
0.571011 0.505065 0.419246
0.607836 0.953942 0.163477
0.571163 0.600273 0.417384
0.589511 0.178274 0.038234
0.593069 0.496761 0.518438
0.417748 0.464519 0.502293
0.569145 0.552588 0.505527
0.0636663 0.113315 0.539204
0.0742098 0.393641 0.0371905
0.0964464 0.507726 0.383358
0.583357 0.533997 0.0300907
0.313992 0.518375 0.52358
0.604322 0.736989 0.0322516
0.326195 0.535704 0.351724
0.59887 0.935949 0.417963
0.323907 0.275179 0.484661
0.592837 0.841681 0.0470809
0.604269 0.0349781 0.525771
0.157925 0.246718 0.521935
0.340272 0.248023 0.450501
0.55001 0.49121 0.531972
0.620995 0.145831 0.0627416
0.473271 0.278511 0.520638
0.369088 0.464519 0.29509
0.359698 0.46805 0.0490154
0.177105 0.535704 0.152165
0.62671 0.891179 0.078733
0.10561 0.526263 0.52358
0.0518275 0.226621 0.515413
0.571011 0.47937 0.318013
0.408889 0.464519 0.156232
0.371247 0.50461 0.52358
0.196095 0.535704 0.0853168
0.101961 0.464519 0.354314
0.345588 0.535704 0.328617
0.21908 0.464519 0.0607324
0.582769 0.763677 0.0441925
0.246866 0.535704 0.281687
0.562191 0.567806 0.439756
0.457381 0.464519 0.281156
0.45854 0.53422 0.52358
0.093591 0.456259 0.0309619
0.439797 0.535704 0.277385
0.13312 0.256987 0.538891
0.571011 0.513702 0.347534
0.271017 0.464519 0.358772
0.332896 0.535704 0.203854
0.228573 0.464519 0.454518
0.264823 0.464519 0.380139
0.574907 0.369495 0.506136
0.539969 0.248509 0.0420981
0.595931 0.380196 0.534404
0.17096 0.535704 0.257099
0.100988 0.349611 0.0444495
0.117898 0.464519 0.260375
0.294723 0.535704 0.049587
0.599565 0.247928 0.0541085
0.562623 0.371741 0.524687
0.420865 0.535704 0.298728
0.565836 0.433432 0.507024
0.567688 0.462733 0.505527
0.469532 0.464519 0.427132
0.596946 0.970886 0.426077
0.438834 0.464519 0.108636
0.171045 0.469262 0.52358
0.56855 0.535704 0.309905
0.315629 0.535704 0.215877
0.379314 0.480068 0.0490154
0.564785 0.582716 0.251286
0.0502685 0.215783 0.531044
0.0772083 0.509411 0.0351964
0.220972 0.255042 0.0629
0.391778 0.27799 0.519084
0.375033 0.535704 0.164922
0.576409 0.704806 0.512929
0.347248 0.272372 0.12862
0.0721484 0.304251 0.0309619
0.249736 0.535704 0.414799
0.567228 0.514448 0.541634
0.162421 0.464519 0.0534221
0.428948 0.268395 0.0335195
0.625684 0.911477 0.312316
0.0882765 0.426676 0.541634
0.411148 0.464519 0.366458
0.0643131 0.193948 0.0670689
0.444829 0.464519 0.295525
0.602237 0.333198 0.532743
0.0964464 0.465801 0.517395
0.185259 0.47393 0.52358
0.596236 0.963996 0.341445
0.32874 0.535704 0.147016
0.0702933 0.322239 0.0337016
0.524618 0.464519 0.248468
0.223665 0.50464 0.52358
0.607293 0.768827 0.505736
0.49131 0.535704 0.210366
0.577872 0.448332 0.0309619
0.345802 0.464519 0.182536
0.247263 0.535704 0.151364
0.558109 0.260977 0.0332186
0.0687267 0.255589 0.0347109
0.353132 0.464519 0.399525
0.102689 0.427838 0.538872
0.586873 0.762428 0.1531
0.0718807 0.114582 0.0435603
0.598018 0.39007 0.522832
0.582188 0.693285 0.0653762
0.571011 0.497898 0.161353
0.239154 0.535704 0.0951055
0.551613 0.530201 0.52358
0.192598 0.464519 0.51729
0.553462 0.464519 0.0522731
0.545334 0.535704 0.190476
0.446926 0.535704 0.0952072
0.39513 0.535704 0.387256
0.608781 0.91428 0.132773
0.348437 0.256978 0.273069
0.595507 0.11038 0.0453479
0.555307 0.56047 0.269134
0.520007 0.258218 0.0332186
0.56015 0.464519 0.509584
0.578651 0.733545 0.306433
0.274718 0.51409 0.0490154
0.101576 0.383618 0.511396
0.17458 0.269244 0.063857
0.564493 0.464519 0.0766416
0.488749 0.464519 0.255477
0.609988 0.802283 0.0309619
0.151147 0.247846 0.518458
0.209614 0.464519 0.181291
0.226223 0.533673 0.52358
0.065379 0.251913 0.0310275
0.272402 0.262335 0.0648122
0.573563 0.289278 0.0453774
0.453082 0.464519 0.0731507
0.132316 0.464519 0.280784
0.204289 0.464519 0.449105
0.556122 0.535704 0.263971
0.576333 0.332823 0.50835
0.574617 0.669277 0.134159
0.0964464 0.530781 0.253731
0.608981 0.798812 0.433616
0.34995 0.535704 0.310425
0.290261 0.535704 0.499497
0.590701 0.173761 0.0605432
0.168685 0.464519 0.507383
0.592478 0.861024 0.529366
0.495308 0.464519 0.485865
0.0578859 0.294717 0.522411
0.288457 0.464519 0.376104
0.596952 0.214179 0.0670689
0.113398 0.464519 0.375677
0.570212 0.606322 0.298743
0.242519 0.464519 0.0751237
0.624853 0.910621 0.455487
0.108071 0.491183 0.543028
0.549066 0.464519 0.444066
0.185389 0.486075 0.52358
0.0964464 0.477851 0.417452
0.555767 0.5387 0.438076
0.608581 0.751646 0.0641968
0.298418 0.464519 0.346833
0.117248 0.506501 0.514573
0.493204 0.272177 0.0617732
0.240972 0.464519 0.302687
0.34663 0.464519 0.466796
0.106655 0.464519 0.477566
0.277714 0.528991 0.0490154
0.0677781 0.0763495 0.527248
0.571011 0.52515 0.318361
0.571011 0.491485 0.241036
0.209976 0.535704 0.153355
0.571011 0.465576 0.207377
0.26458 0.535704 0.467763
0.320859 0.464519 0.300369
0.481854 0.278941 0.0506393
0.522283 0.464519 0.0789828
0.352567 0.464519 0.166738
0.613442 0.854963 0.43763
0.0799552 0.273705 0.541634
0.400833 0.535704 0.166005
0.199736 0.464519 0.272887
0.119796 0.535704 0.162392
0.289484 0.464519 0.258347
0.41516 0.535704 0.252789
0.429345 0.497559 0.0490154
0.204366 0.535704 0.387707
0.618905 0.0267325 0.526129
0.161225 0.464519 0.213294
0.55584 0.523176 0.506708
0.626389 0.878094 0.0642629
0.569728 0.572679 0.155212
0.0973068 0.535704 0.0596079
0.603872 0.152613 0.505527
0.0964464 0.46767 0.358264
0.0567602 0.135212 0.541634
0.598329 0.67793 0.538685
0.347597 0.254368 0.39924
0.169592 0.464519 0.388207
0.564326 0.638895 0.0510673
0.107469 0.464519 0.543359
0.583146 0.487799 0.504502
0.396691 0.464519 0.108271
0.589307 0.588535 0.036457
0.25501 0.464519 0.296925
0.53438 0.535704 0.393084
0.554118 0.525305 0.30045
0.467142 0.464519 0.287056
0.0974234 0.312787 0.521917
0.607198 0.722624 0.536822
0.307521 0.531022 0.52358
0.506329 0.464519 0.229576
0.29287 0.248163 0.529587
0.088878 0.492289 0.035335
0.152327 0.535704 0.0660295
0.368247 0.464519 0.119043
0.536047 0.464519 0.438828
0.326145 0.2488 0.34846
0.617323 0.967196 0.303043
0.524056 0.464519 0.198796
0.448374 0.464519 0.330968
0.580156 0.239531 0.0541631
0.187461 0.535704 0.201781
0.586181 0.755235 0.438068
0.606382 0.0668593 0.0356312
0.571011 0.514726 0.0564415
0.565193 0.535704 0.281348
0.571011 0.479873 0.41897
0.444772 0.535704 0.058901
0.47632 0.496395 0.52358
0.0999293 0.464519 0.202528
0.586276 0.784116 0.43384
0.603913 0.0513846 0.0417645
0.592042 0.39247 0.0362171
0.606603 0.266116 0.0577444
0.150443 0.535704 0.26727
0.597635 0.106014 0.532115
0.596229 0.963996 0.31684
0.582203 0.765328 0.261763
0.571011 0.527698 0.199546
0.561403 0.464519 0.393727
0.049621 0.0985335 0.0670689
0.599001 0.24822 0.505527
0.600958 0.246894 0.0471072
0.604959 0.195814 0.0670689
0.383434 0.464519 0.354411
0.598087 0.809229 0.539658
0.559334 0.535704 0.415775
0.278287 0.464519 0.209926
0.55896 0.523676 0.506785
0.349065 0.26675 0.276802
0.0608551 0.257785 0.537682
0.342965 0.519616 0.52358
0.625412 0.958798 0.237466
0.62286 0.900889 0.150293
0.536528 0.535704 0.36864
0.61568 0.933522 0.193145
0.406364 0.535704 0.522105
0.0527521 0.229427 0.0390748
0.31509 0.464519 0.430713
0.340156 0.464519 0.182118
0.60157 0.934004 0.333193
0.0971446 0.395871 0.0325517
0.0964464 0.525901 0.0608817
0.601111 0.892802 0.266411
0.19157 0.464519 0.238434
0.325755 0.249118 0.178897
0.347397 0.253823 0.057344
0.0866598 0.484721 0.53633
0.467991 0.535704 0.473015
0.62145 0.805176 0.512247
0.208235 0.261358 0.0648122
0.0724613 0.407291 0.52005
0.562924 0.479418 0.541634
0.374773 0.464519 0.324584
0.0626841 0.333267 0.522192
0.552535 0.531581 0.50911
0.18923 0.535704 0.0851054
0.197474 0.503226 0.52358
0.0886687 0.464519 0.0297577
0.343629 0.275186 0.168873
0.0964464 0.523841 0.0785818
0.379812 0.535704 0.335377
0.175221 0.464519 0.131951
0.340777 0.248442 0.19494
0.262189 0.464519 0.196746
0.31367 0.490377 0.0490154
0.604708 0.845436 0.508612
0.571011 0.502082 0.0836972
0.21639 0.535704 0.0690997
0.617692 0.96696 0.146239
0.554817 0.568141 0.311813
0.0485532 0.189343 0.512194
0.139144 0.535704 0.431485
0.574834 0.702069 0.516555
0.418263 0.535704 0.342928
0.243486 0.535704 0.332523
0.62752 0.949577 0.386725
0.586144 0.480862 0.520565
0.340656 0.27728 0.490934
0.0964464 0.489443 0.195918
0.597858 0.84636 0.271158
0.545528 0.464519 0.114357
0.595384 0.255027 0.0351966
0.452671 0.535704 0.444996
0.583949 0.535704 0.520686
0.318939 0.464519 0.114468
0.620337 0.892959 0.436511
0.420636 0.464519 0.293591
0.0988722 0.464519 0.369641
0.472554 0.535704 0.418094
0.174198 0.464519 0.248911
0.0279142 0.0296999 0.0578878
0.581141 0.66615 0.0309619
0.0964464 0.484849 0.214808
0.271727 0.535704 0.330993
0.435222 0.269499 0.0343209
0.290923 0.535704 0.235308
0.174294 0.464519 0.117178
0.327345 0.464519 0.157574
0.496517 0.464519 0.241917
0.570707 0.59637 0.066914
0.267329 0.535704 0.218279
0.571011 0.465466 0.255971
0.379467 0.535704 0.189246
0.550528 0.535704 0.382588
0.62701 0.948047 0.190389
0.580174 0.446537 0.0324394
0.610848 0.710624 0.0527387
0.191425 0.464519 0.165476
0.18445 0.535704 0.342091
0.321781 0.251989 0.258132
0.218393 0.464519 0.492078
0.280142 0.464519 0.351924
0.0891057 0.261058 0.0567137
0.593178 0.129822 0.0528506
0.396208 0.268225 0.033401
0.0739688 0.424351 0.525325
0.28967 0.270493 0.035064
0.0978885 0.464519 0.274652
0.107692 0.464519 0.193604
0.331233 0.535704 0.217276
0.25789 0.535704 0.342633
0.0808931 0.459444 0.0587693
0.22648 0.464519 0.285612
0.61109 0.711825 0.045514
0.59279 0.581036 0.0457523
0.592073 0.76652 0.539649
0.5867 0.787557 0.138934
0.215501 0.478562 0.52358
0.291805 0.271138 0.510097
0.601863 0.894973 0.138723
0.624794 0.903657 0.0828658
0.580351 0.477334 0.509855
0.0453231 0.149735 0.53614
0.514502 0.535704 0.402838
0.571011 0.497197 0.246211
0.571011 0.472825 0.451143
0.602338 0.813478 0.0670689
0.556376 0.52702 0.0662763
0.376124 0.535704 0.311406
0.315547 0.535704 0.273233
0.225395 0.535704 0.492801
0.229076 0.276554 0.0578284
0.0305188 0.0633468 0.527807
0.497496 0.464519 0.121599
0.307378 0.535704 0.241182
0.141318 0.533021 0.52358
0.32527 0.27428 0.0378101
0.569662 0.674303 0.052167
0.592929 0.731364 0.439894
0.559867 0.585153 0.317689
0.626401 0.955738 0.316253
0.612619 0.956015 0.152052
0.351794 0.464519 0.0530618
0.220698 0.469083 0.0490154
0.107184 0.482085 0.543673
0.599074 0.842881 0.134113
0.54467 0.517217 0.52358
0.346651 0.264707 0.0648122
0.322309 0.274088 0.137756
0.533647 0.465104 0.52358
0.603193 0.956442 0.160975
0.613633 0.932884 0.336373
0.51401 0.464519 0.488817
0.59268 0.58048 0.526941
0.587143 0.424325 0.537095
0.567803 0.507441 0.501013
0.603959 0.907076 0.268979
0.148491 0.464519 0.445485
0.100568 0.385987 0.510459
0.285823 0.464519 0.147697
0.610568 0.853974 0.417737
0.38634 0.464519 0.255875
0.261548 0.277889 0.518854
0.463568 0.464519 0.226891
0.0323488 0.0374802 0.510452
0.0964464 0.518209 0.500426
0.183917 0.514417 0.52358
0.585281 0.212807 0.534372
0.244832 0.464519 0.257163
0.474182 0.464519 0.38989
0.332378 0.278628 0.273612
0.558051 0.515029 0.542058
0.615282 0.733556 0.52355
0.499609 0.464519 0.305306
0.225904 0.277285 0.517021
0.562057 0.513686 0.43408
0.588989 0.793003 0.302424
0.31743 0.263832 0.0611624
0.578071 0.511903 0.0454678
0.614688 0.250223 0.525787
0.565514 0.248362 0.53003
0.568109 0.549129 0.154589
0.0475554 0.0913078 0.0670689
0.575428 0.615751 0.251286
0.111168 0.535704 0.353923
0.0512935 0.0263965 0.0602683
0.564386 0.543648 0.298743
0.58181 0.729406 0.511144
0.497679 0.268839 0.0641989
0.569622 0.625423 0.537761
0.573905 0.627475 0.439951
0.16155 0.535704 0.483468
0.0722536 0.146292 0.036669
0.0591582  0.192 0.0670689
0.578951 0.734481 0.52927
0.099665 0.455377 0.0309619
0.262388 0.464519 0.399277
0.593554 0.842363 0.312438
0.179149 0.535704 0.254834
0.0504821 0.135992 0.541075
0.168644 0.527236 0.52358
0.601424 0.854048 0.41829
0.368181 0.464519 0.42697
0.449006 0.535704 0.224127
0.377725 0.496526 0.52358
0.0994197 0.348875 0.514498
0.571011 0.474072 0.158433
0.0731003 0.168663 0.0353016
0.591214 0.677641 0.505527
0.415375 0.524519 0.0490154
0.613874 0.842478 0.532557
0.589952 0.813254 0.0544983
0.571011 0.532988 0.299845
0.590437 0.823458 0.144934
0.588845 0.67142 0.254465
0.506143 0.464519 0.110127
0.115559 0.464519 0.189441
0.202108 0.464519 0.417103
0.611174 0.957397 0.269418
0.273057 0.535704 0.156248
0.590831 0.948352 0.376418
0.626952 0.94088 0.151857
0.596457 0.866582 0.0409043
0.624105 0.939609 0.359909
0.111112 0.424518 0.0473188
0.0321895 0.0287388 0.0378144
0.367343 0.464519 0.374683
0.578249 0.590659 0.270132
0.472768 0.464519 0.331855
0.369786 0.464519 0.13773
0.577391 0.253859 0.0469497
0.337247 0.278579 0.512736
0.243032 0.464519 0.394955
0.119896 0.465948 0.0481553
0.615109 0.933089 0.284534
0.284414 0.516578 0.0490154
0.619175 0.218896 0.0487846
0.321092 0.464519 0.348923
0.161721 0.535704 0.423424
0.571011 0.498252 0.18877
0.571011 0.52478 0.256484
0.157036 0.533003 0.0490154
0.0804448 0.248195 0.517343
0.0964863 0.497673 0.505527
0.576624 0.400498 0.0309619
0.579123 0.239801 0.051108
0.571011 0.504554 0.461087
0.329187 0.535704 0.194548
0.116007 0.535704 0.152447
0.0964464 0.471659 0.306355
0.235228 0.464519 0.37068
0.603339 0.764582 0.317121
0.261956 0.275801 0.0591057
0.301798 0.535704 0.43746
0.479819 0.535704 0.318101
0.362013 0.52097 0.0490154
0.149678 0.464519 0.314498
0.378059 0.535704 0.226296
0.142105 0.513608 0.52358
0.0711345 0.278278 0.0456081
0.6091 0.853021 0.417384
0.169799 0.255811 0.0345639
0.260137 0.535704 0.455815
0.625668 0.930511 0.133438
0.602309 0.107762 0.0630784
0.32426 0.250155 0.425021
0.199103 0.535704 0.497738
0.370775 0.535704 0.181954
0.534722 0.464519 0.338554
0.612632 0.861417 0.438865
0.139905 0.277296 0.517108
0.278215 0.464519 0.0665795
0.618237 0.900253 0.272661
0.608981 0.722145 0.0371044
0.568322 0.530452 0.0264485
0.0964464 0.464784 0.39643
0.285323 0.535704 0.456239
0.289124 0.268733 0.53881
0.509454 0.464519 0.0936323
0.604928 0.826502 0.541634
0.0809098 0.535704 0.527429
0.574416 0.561095 0.136597
0.197016 0.535704 0.387646
0.608975 0.0335193 0.511275
0.128138 0.264961 0.0332186
0.22624 0.464519 0.10355
0.591156 0.468247 0.512551
0.425176 0.464519 0.242964
0.570802 0.67402 0.149088
0.580775 0.683658 0.0653329
0.0964464 0.532879 0.191734
0.0964464 0.477244 0.113461
0.588257 0.255749 0.540595
0.571011 0.481955 0.185761
0.599411 0.863898 0.302093
0.603739 0.875015 0.530099
0.345337 0.464519 0.479913
0.55305 0.535347 0.317819
0.588848 0.747905 0.132645
0.218695 0.464519 0.421437
0.550571 0.464519 0.0429515
0.368084 0.535704 0.219211
0.0964464 0.48638 0.0740528
0.345741 0.464519 0.477934
0.20749 0.535704 0.450644
0.30835 0.464519 0.21973
0.302564 0.535704 0.498302
0.0724916 0.231319 0.541634
0.539213 0.535704 0.354661
0.298176 0.535704 0.180339
0.610991 0.80456 0.263855
0.623371 0.905702 0.490678
0.34844 0.268634 0.471447
0.586055 0.790909 0.26098
0.496065 0.519026 0.0490154
0.368574 0.269574 0.53821
0.408081 0.535704 0.405143
0.603642 0.811493 0.0309619
0.625701 0.957918 0.186679
0.605907 0.969865 0.435325
0.412398 0.535704 0.201095
0.630446 0.126343 0.0485488
0.591121 0.778854 0.439234
0.378962 0.535704 0.173387
0.506056 0.277161 0.0418968
0.609741 0.2386 0.062655
0.617298 0.854717 0.266112
0.616387 0.886913 0.468755
0.587576 0.633856 0.0670689
0.223746 0.535704 0.114364
0.570589 0.478234 0.501013
0.536983 0.464519 0.362486
0.576045 0.531192 0.0715823
0.148327 0.464519 0.457871
0.0762413 0.477273 0.512737
0.438207 0.535704 0.478189
0.326107 0.248884 0.0695859
0.118699 0.464519 0.501597
0.325821 0.249049 0.280705
0.0964464 0.511659 0.393033
0.549577 0.535704 0.184977
0.623675 0.126592 0.0355206
0.479114 0.535704 0.255974
0.609401 0.796308 0.141331
0.348938 0.535704 0.421403
0.0964464 0.467126 0.393831
0.612638 0.168994 0.0313103
0.447755 0.535704 0.239158
0.499593 0.535704 0.234642
0.219332 0.535704 0.178143
0.555766 0.546394 0.301396
0.0775333 0.429407 0.0382747
0.583905 0.628887 0.421309
0.593501 0.851117 0.0594001
0.567871 0.429334 0.0313546
0.610766 0.229248 0.0627426
0.283452 0.24719 0.0520352
0.614012 0.731893 0.526769
0.240739 0.260731 0.0648122
0.578301 0.470123 0.0264485
0.290742 0.263162 0.507783
0.0328649 0.028656 0.533645
0.571411 0.654752 0.536083
0.42554 0.535704 0.180893
0.607483 0.714628 0.0367864
0.350231 0.263124 0.464183
0.59257 0.717035 0.418632
0.407362 0.528602 0.0490154
0.57671 0.710348 0.255445
0.302451 0.535704 0.473451
0.0747996 0.468817 0.529986
0.524693 0.535704 0.2699
0.387445 0.507521 0.52358
0.567916 0.550275 0.0670689
0.615933 0.908756 0.132645
0.420456 0.535704 0.297907
0.428044 0.535704 0.178911
0.208477 0.535704 0.0682689
0.0508157 0.199068 0.0611736
0.349413 0.265669 0.325986
0.464214 0.273453 0.0371889
0.605721 0.891226 0.109737
0.0996672 0.276368 0.514274
0.307426 0.535704 0.16835
0.393793 0.464519 0.342807
0.332446 0.464519 0.0811521
0.584653 0.58001 0.508536
0.591229 0.598593 0.0612075
0.606537 0.810759 0.300565
0.0903476 0.483131 0.546147
0.614742 0.0262221 0.515866
0.535554 0.535704 0.284396
0.557687 0.514301 0.134637
0.191561 0.279211 0.0484046
0.448514 0.535704 0.310674
0.0475412 0.188472 0.0396539
0.609028 0.699571 0.0535546
0.571011 0.484057 0.381662
0.0963732 0.308354 0.526792
0.568658 0.65181 0.533305
0.279847 0.464519 0.458717
0.32114 0.252462 0.224192
0.0753007 0.414031 0.0393359
0.0773047 0.168969 0.0582719
0.189482 0.256276 0.0342291
0.516621 0.535704 0.422726
0.592108 0.866813 0.52197
0.559429 0.590213 0.515603
0.575994 0.488221 0.06492
0.57071 0.464519 0.0450898
0.0642044 0.0903966 0.0622242
0.592792 0.769838 0.417384
0.55184 0.493767 0.062981
0.133028 0.535704 0.347345
0.625842 0.95749 0.155077
0.594298 0.83279 0.533945
0.252866 0.464519 0.231218
0.388079 0.464519 0.432968
0.607947 0.806509 0.505527
0.594298 0.529008 0.0476549
0.221414 0.535704 0.330649
0.630527 0.0670571 0.509764
0.116098 0.499681 0.52358
0.620483 0.175725 0.0604675
0.156678 0.278091 0.0530529
0.11193 0.535704 0.152911
0.347986 0.261748 0.507783
0.0964464 0.522897 0.2004
0.097955 0.525168 0.52358
0.0964464 0.492387 0.333368
0.152875 0.535704 0.186788
0.555826 0.489745 0.506718
0.601852 0.797736 0.132645
0.20603 0.535704 0.221818
0.414518 0.499186 0.0490154
0.599675 0.954142 0.409319
0.099079 0.484598 0.0490154
0.342925 0.266444 0.0332186
0.555355 0.535704 0.313804
0.0687722 0.0855471 0.519504
0.0483978 0.2037 0.529855
0.589036 0.250968 0.0598859
0.607804 0.934088 0.269131
0.234872 0.464519 0.0846788
0.591738 0.858475 0.0590772
0.0339831 0.0795764 0.51485
0.3833 0.464519 0.423982
0.203984 0.535704 0.252305
0.57952 0.276418 0.0395636
0.4501 0.257682 0.0332461
0.596507 0.922594 0.0968205
0.132513 0.464519 0.283375
0.382271 0.247731 0.518957
0.275793 0.277314 0.517076
0.227084 0.535704 0.39872
0.202924 0.464519 0.182233
0.202344 0.464519 0.363912
0.571011 0.511499 0.135908
0.0593673 0.112366 0.0309619
0.570232 0.665988 0.137063
0.291735 0.535704 0.271876
0.0866822 0.342749 0.0670689
0.254492 0.535704 0.0859538
0.0910535 0.276893 0.531259
0.108607 0.493802 0.506724
0.430964 0.464519 0.332465
0.632983 0.082152 0.0582813
0.260072 0.535704 0.0841975
0.5757 0.643463 0.155212
0.476362 0.528493 0.0490154
0.598271 0.200186 0.0309619
0.550381 0.515327 0.43027
0.59017 0.431455 0.0582397
0.574972 0.335753 0.538089
0.480918 0.464519 0.157855
0.226674 0.252449 0.0370155
0.132649 0.535704 0.511684
0.582153 0.519916 0.0585224
0.56847 0.532921 0.43743
0.448295 0.464519 0.520128
0.580656 0.698316 0.0342653
0.362355 0.464519 0.452936
0.588123 0.794437 0.422284
0.321662 0.252091 0.183542
0.595994 0.938069 0.264601
0.593082 0.825894 0.317248
0.608476 0.0254538 0.0470711
0.0693468 0.253999 0.0309619
0.599041 0.926846 0.474129
0.313124 0.535704 0.427965
0.333961 0.535704 0.220563
0.523542 0.464519 0.494913
0.384059 0.464519 0.273303
0.231013 0.535704 0.197726
0.106525 0.416513 0.0605398
0.597453 0.298779 0.5064
0.271455 0.464519 0.257582
0.265182 0.503894 0.0490154
0.626823 0.06126 0.540582
0.155389 0.535704 0.455179
0.585643 0.72916 0.0337954
0.574192 0.701949 0.140394
0.511917 0.535704 0.467477
0.215697 0.464519 0.480393
0.615192 0.968735 0.345928
0.582243 0.63066 0.301293
0.330412 0.525559 0.0490154
0.0996808 0.456473 0.0309619
0.456274 0.535704 0.0753904
0.114076 0.464519 0.277626
0.572386 0.295258 0.0512992
0.611234 0.96903 0.149037
0.535889 0.249362 0.039469
0.618163 0.961068 0.302385
0.177465 0.247404 0.519836
0.543042 0.464519 0.289455
0.550603 0.464519 0.123053
0.625758 0.859219 0.0627135
0.618929 0.179994 0.535775
0.336164 0.535704 0.460549
0.565258 0.397887 0.0360192
0.568555 0.464519 0.509939
0.583114 0.488626 0.068117
0.54989 0.535704 0.412464
0.605396 0.925191 0.313058
0.281087 0.464519 0.204304
0.0606336 0.0304561 0.515276
0.408378 0.508123 0.0490154
0.256994 0.535704 0.0835292
0.584251 0.647222 0.0309619
0.600904 0.763658 0.271322
0.579531 0.582104 0.145827
0.257829 0.464519 0.167453
0.260949 0.535704 0.065474
0.586251 0.791536 0.264488
0.0964464 0.499967 0.447265
0.101878 0.464519 0.396105
0.356863 0.464519 0.211117
0.571011 0.51293 0.311869
0.461311 0.535704 0.169153
0.614345 0.916991 0.132645
0.0727908 0.369837 0.0619216
0.627271 0.953046 0.388173
0.619707 0.884106 0.269971
0.280488 0.517969 0.52358
0.574585 0.644654 0.155212
0.481569 0.535704 0.399664
0.528677 0.464519 0.453536
0.477013 0.535704 0.489016
0.581332 0.613297 0.31766
0.0964464 0.483295 0.520085
0.456054 0.464519 0.374246
0.420458 0.464519 0.288735
0.615915 0.891296 0.320883
0.320876 0.252612 0.426183
0.638305 0.0421495 0.515589
0.581293 0.604065 0.268503
0.134901 0.476455 0.0490154
0.603939 0.18327 0.0309619
0.515354 0.464519 0.45482
0.334976 0.464519 0.137946
0.0927418 0.274216 0.525099
0.421801 0.464519 0.386494
0.573072 0.535704 0.539057
0.571011 0.520638 0.111425
0.61351 0.969015 0.222906
0.400645 0.466243 0.52358
0.0493085 0.0266398 0.0502318
0.425393 0.464519 0.242974
0.598256 0.868486 0.529913
0.581787 0.213962 0.524131
0.303138 0.464519 0.176275
0.578869 0.731719 0.423628
0.26559 0.535704 0.0916132
0.336573 0.246988 0.506083
0.605675 0.772484 0.147678
0.0419579 0.130644 0.037195
0.571872 0.695008 0.0479954
0.627494 0.949512 0.313025
0.587947 0.547509 0.0526808
0.103044 0.535704 0.379407
0.49736 0.464519 0.129702
0.568555 0.649953 0.43603
0.22325 0.472917 0.52358
0.0696036 0.270414 0.0309619
0.571011 0.509819 0.422146
0.152148 0.535704 0.407803
0.591928 0.809421 0.30197
0.55774 0.57367 0.31732
0.603767 0.672403 0.514645
0.571011 0.51688 0.213551
0.147867 0.464519 0.0929975
0.550193 0.535704 0.457626
0.512848 0.535704 0.284552
0.45066 0.464519 0.500748
0.517479 0.535704 0.186738
0.370686 0.464519 0.0741444
0.114495 0.535704 0.44754
0.213015 0.271154 0.510121
0.175841 0.464519 0.318637
0.335574 0.535704 0.512527
0.304804 0.535704 0.0943656
0.0373189 0.0963292 0.0375063
0.588412 0.772777 0.319258
0.584059 0.610206 0.309893
0.573688 0.420491 0.541634
0.148489 0.464519 0.455996
0.571011 0.498946 0.253681
0.307683 0.535704 0.213785
0.595725 0.406282 0.0506959
0.603349 0.90224 0.150551
0.584519 0.476661 0.533134
0.0550384 0.0322538 0.538258
0.532392 0.464519 0.366826
0.629034 0.939176 0.258626
0.186989 0.535704 0.301577
0.0964464 0.533486 0.0494962
0.0926413 0.273167 0.535559
0.0964464 0.508167 0.294577
0.334534 0.278662 0.108647
0.371651 0.535704 0.249748
0.572058 0.673242 0.512671
0.58096 0.671955 0.439951
0.567109 0.647067 0.304579
0.34905 0.266822 0.151595
0.084446 0.499474 0.504405
0.481227 0.535704 0.434029
0.429301 0.464519 0.413224
0.326731 0.277251 0.384815
0.421609 0.535704 0.263015
0.615502 0.793238 0.0346091
0.0906314 0.255917 0.524692
0.325129 0.535704 0.359486
0.594259 0.584562 0.523878
0.615429 0.96855 0.410825
0.607013 0.221086 0.0318601
0.245413 0.464519 0.109677
0.458948 0.278667 0.0465611
0.0796049 0.464519 0.0540555
0.609584 0.150498 0.541634
0.274203 0.535704 0.155583
0.302026 0.535704 0.434818
0.551412 0.498369 0.0363079
0.565111 0.535704 0.0403938
0.569624 0.519062 0.315123
0.139537 0.464519 0.24432
0.30496 0.464519 0.344458
0.565508 0.598726 0.272919
0.0766206 0.198767 0.0628523
0.094821 0.471573 0.0309619
0.260831 0.51374 0.0490154
0.620722 0.192559 0.518209
0.431732 0.464519 0.451771
0.253251 0.264334 0.539377
0.141104 0.247539 0.0448348
0.0964464 0.495557 0.480302
0.529773 0.464519 0.217275
0.470896 0.535704 0.514477
0.610615 0.932909 0.211862
0.361693 0.535704 0.144407
0.440626 0.490466 0.52358
0.615471 0.838087 0.426679
0.391065 0.535704 0.329636
0.44636 0.480392 0.0490154
0.395463 0.535704 0.156689
0.587757 0.73919 0.539307
0.603429 0.778604 0.271017
0.21907 0.535704 0.221661
0.139966 0.535704 0.110474
0.542343 0.464519 0.363072
0.558739 0.505209 0.0300374
0.238869 0.270383 0.509556
0.394548 0.464519 0.208755
0.626555 0.959889 0.318535
0.355712 0.535704 0.494907
0.566944 0.498481 0.513379
0.232362 0.464519 0.217603
0.569407 0.635635 0.510587
0.316287 0.535704 0.502279
0.183662 0.464519 0.0841416
0.378174 0.25674 0.0641108
0.0923542 0.320954 0.0623097
0.592425 0.87419 0.0777727
0.597975 0.812688 0.0646631
0.135581 0.464519 0.149338
0.585356 0.492911 0.522668
0.501439 0.535704 0.0583707
0.561232 0.514383 0.417384
0.476248 0.535704 0.228111
0.428054 0.464519 0.269548
0.313754 0.464519 0.28487
0.236486 0.464519 0.145687
0.592341 0.775064 0.417384
0.331306 0.278628 0.275907
0.589271 0.432671 0.0602572
0.320807 0.464519 0.269484
0.455619 0.464519 0.456104
0.558493 0.497444 0.534853
0.11737 0.504674 0.532213
0.619664 0.96225 0.437982
0.253709 0.535704 0.130873
0.571011 0.523404 0.339707
0.299375 0.464519 0.153543
0.489076 0.263453 0.507783
0.0964464 0.468506 0.308168
0.567272 0.33342 0.04806
0.0964464 0.505482 0.403817
0.300893 0.535704 0.456489
0.580585 0.261438 0.535565
0.0994894 0.342623 0.517053
0.620569 0.964828 0.349851
0.287597 0.278266 0.0454364
0.590921 0.845434 0.535516
0.584956 0.660324 0.300246
0.592952 0.960039 0.346723
0.322099 0.25698 0.0642934
0.551011 0.517261 0.318181
0.586442 0.1948 0.05661
0.274776 0.248063 0.054726
0.341774 0.535704 0.438775
0.36624 0.535704 0.0746875
0.55747 0.466078 0.0670714
0.627299 0.932591 0.435079
0.136846 0.464519 0.448815
0.571011 0.523554 0.398719
0.616305 0.219825 0.514929
0.556247 0.472398 0.0490154
0.533161 0.253718 0.536457
0.566586 0.597797 0.53837
0.460898 0.511835 0.52358
0.618603 0.927952 0.298743
0.338283 0.464519 0.138787
0.604155 0.319745 0.0406726
0.454113 0.264797 0.0648122
0.573243 0.479329 0.546147
0.167698 0.464519 0.0794107
0.497983 0.535704 0.491813
0.392137 0.535704 0.354564
0.476194 0.535704 0.247868
0.0582896 0.276599 0.0398269
0.512276 0.464519 0.434972
0.577171 0.680712 0.439119
0.573248 0.374614 0.540281
0.567581 0.34434 0.0550037
0.298375 0.246504 0.0481175
0.0896547 0.464519 0.0316353
0.115001 0.484706 0.0375738
0.602169 0.750799 0.433814
0.550093 0.486595 0.0576645
0.105575 0.461927 0.0327904
0.0441407 0.154642 0.534853
0.0788329 0.263879 0.0310168
0.478723 0.464519 0.375618
0.555034 0.535704 0.310742
0.335288 0.24707 0.0983892
0.589961 0.715548 0.155212
0.579953 0.336374 0.505527
0.617752 0.195618 0.511918
0.592149 0.169486 0.0368212
0.619933 0.936593 0.286256
0.0964464 0.523558 0.516242
0.169383 0.535704 0.410972
0.0963585 0.24868 0.0567357
0.59153 0.955673 0.306166
0.616989 0.152733 0.539586
0.607864 0.901504 0.120007
0.617025 0.0273816 0.0314467
0.603697 0.785861 0.41968
0.485395 0.525942 0.0490154
0.299304 0.535704 0.461348
0.340433 0.277519 0.115661
0.606004 0.862012 0.0654538
0.572541 0.539701 0.433711
0.21167 0.535704 0.252784
0.0760642 0.507949 0.513282
0.459779 0.535704 0.508836
0.577965 0.632072 0.298743
0.565566 0.464519 0.314022
0.54571 0.464519 0.0564788
0.570384 0.338292 0.0375914
0.0815743 0.282771 0.0667074
0.125105 0.464519 0.372362
0.158205 0.464519 0.411203
0.236159 0.498719 0.0490154
0.052207 0.054867 0.0670689
0.577342 0.693891 0.0618284
0.225958 0.464519 0.133516
0.563084 0.517314 0.273629
0.0945386 0.497097 0.0715823
0.0964464 0.470436 0.445696
0.32367 0.535704 0.215214
0.623486 0.841122 0.537083
0.0903874 0.425844 0.0670689
0.590315 0.150978 0.0520285
0.484436 0.277891 0.518724
0.287555 0.535704 0.287103
0.350149 0.535704 0.123255
0.501276 0.464519 0.296925
0.069896 0.267157 0.539377
0.570473 0.513696 0.309817
0.571011 0.533414 0.339245
0.625921 0.890816 0.497659
0.111802 0.535704 0.37167
0.559488 0.535704 0.429601
0.225369 0.464519 0.0747346
0.615024 0.869453 0.271859
0.338585 0.278642 0.20641
0.234931 0.535704 0.493184
0.446432 0.464519 0.430783
0.274783 0.464519 0.313381
0.285104 0.464519 0.444783
0.104846 0.535704 0.109094
0.228519 0.464519 0.483811
0.104503 0.464519 0.319245
0.115418 0.248268 0.0425727
0.127334 0.464519 0.122513
0.614887 0.774539 0.0360568
0.59696 0.244499 0.541634
0.619879 0.94651 0.119108
0.330525 0.278665 0.092148
0.605666 0.93291 0.20673
0.256829 0.464519 0.5047
0.163505 0.535704 0.304869
0.112822 0.535704 0.34734
0.108463 0.535704 0.161285
0.107279 0.418297 0.534655
0.638952 0.0569297 0.0485347
0.119348 0.521526 0.0515611
0.571011 0.492459 0.146227
0.436322 0.491423 0.52358
0.171406 0.535704 0.317158
0.512831 0.464519 0.0525224
0.603452 0.791729 0.319784
0.554442 0.558363 0.423837
0.591955 0.234668 0.0668327
0.0714107 0.233166 0.0670689
0.5948 0.762448 0.155212
0.571011 0.466607 0.186655
0.556428 0.535704 0.182968
0.609719 0.709175 0.0424705
0.564683 0.464519 0.109167
0.564029 0.384669 0.533823
0.136863 0.247983 0.518029
0.613301 0.244037 0.514821
0.614977 0.941262 0.413001
0.106958 0.492682 0.0669624
0.176647 0.535704 0.140742
0.591811 0.266573 0.0332186
0.594128 0.850818 0.0468899
0.609671 0.776532 0.506667
0.531383 0.464519 0.198733
0.273982 0.464519 0.320022
0.559909 0.498245 0.52358
0.0732599 0.335004 0.539905
0.619518 0.805414 0.0362675
0.41153 0.464519 0.276495
0.16473 0.535704 0.0666945
0.569742 0.464519 0.539755
0.583516 0.551904 0.510559
0.462071 0.464519 0.314329
0.181916 0.464519 0.200984
0.064982 0.0853824 0.0368107
0.58874 0.452204 0.517761
0.0831519 0.385393 0.0309619
0.627481 0.949487 0.232896
0.629031 0.938948 0.424814
0.119476 0.249402 0.0588176
0.579257 0.640022 0.505527
0.499273 0.464519 0.348071
0.497935 0.524574 0.0490154
0.146979 0.535704 0.0798634
0.586849 0.575347 0.536574
0.33109 0.464519 0.138507
0.498623 0.464519 0.274308
0.592264 0.699254 0.13547
0.606798 0.69876 0.512594
0.393396 0.535704 0.246183
0.593066 0.408536 0.532541
0.599343 0.806388 0.439951
0.594517 0.870018 0.0797212
0.181856 0.464519 0.493427
0.210951 0.273769 0.512021
0.571011 0.51708 0.300073
0.580385 0.27791 0.0441572
0.562411 0.384545 0.0437611
0.554494 0.465082 0.0331222
0.578899 0.648949 0.0670689
0.602143 0.933591 0.317406
0.411878 0.464519 0.112792
0.19021 0.464519 0.488683
0.604149 0.763276 0.424211
0.619823 0.941017 0.155212
0.595815 0.862012 0.0514861
0.330991 0.278621 0.308209
0.0964464 0.47071 0.301498
0.602938 0.654284 0.0527188
0.181353 0.535704 0.0860859
0.329343 0.278598 0.42095
0.339389 0.259539 0.539377
0.34262 0.535704 0.51574
0.235157 0.535704 0.171324
0.0964464 0.525268 0.206471
0.359391 0.498358 0.0490154
0.427424 0.464519 0.411255
0.217109 0.535704 0.518755
0.624812 0.960134 0.139188
0.0604332 0.0715238 0.0632751
0.607723 0.788478 0.258213
0.34571 0.252052 0.0698492
0.616489 0.895352 0.154782
0.0513955 0.112727 0.0309619
0.105491 0.464519 0.0777337
0.571011 0.490977 0.457255
0.106114 0.535704 0.474602
0.483275 0.248429 0.0557216
0.488059 0.535704 0.28589
0.594296 0.939305 0.252761
0.574832 0.464519 0.518416
0.296839 0.464519 0.411494
0.599714 0.646096 0.0590399
0.119658 0.490729 0.523969
0.0759829 0.253789 0.505527
0.0822164 0.493739 0.0480644
0.156301 0.464519 0.3239
0.591721 0.956275 0.238023
0.58582 0.53317 0.519571
0.327346 0.535704 0.0638275
0.334295 0.535704 0.187505
0.0964464 0.483826 0.321874
0.0698827 0.373007 0.0575091
0.585926 0.758881 0.253721
0.182806 0.535704 0.461231
0.350234 0.263126 0.409999
0.566428 0.469302 0.541634
0.347414 0.535704 0.411478
0.264769 0.535704 0.21961
0.202798 0.277516 0.0548495
0.19128 0.464519 0.496867
0.488775 0.535704 0.276069
0.623916 0.962404 0.315207
0.530523 0.257313 0.539069
0.237027 0.464519 0.381678
0.348182 0.535704 0.171012
0.595591 0.679226 0.0662212
0.130786 0.464519 0.183228
0.562223 0.398835 0.0389861
0.130026 0.535704 0.0555849
0.395723 0.535704 0.325579
0.530802 0.535704 0.44549
0.267767 0.464519 0.38345
0.397972 0.464519 0.420581
0.579553 0.308861 0.508147
0.58998 0.65683 0.145983
0.604463 0.125615 0.0662108
0.0964464 0.519336 0.201992
0.320209 0.464519 0.436672
0.37819 0.257477 0.507949
0.181428 0.464519 0.216416
0.627399 0.875297 0.0707351
0.426295 0.535704 0.0496018
0.609092 0.913596 0.153803
0.602906 0.169237 0.0670689
0.35984 0.464519 0.322522
0.385652 0.535704 0.143069
0.264541 0.535704 0.37758
0.588119 0.656995 0.302858
0.604885 0.961017 0.444166
0.55439 0.535704 0.323093
0.0633249 0.325298 0.0553456
0.601329 0.666558 0.535377
0.554394 0.464519 0.142013
0.0660792 0.0666682 0.528812
0.452739 0.464519 0.460918
0.586801 0.595167 0.0640469
0.582249 0.550345 0.03524
0.497683 0.535704 0.210336
0.578825 0.424062 0.541634
0.598155 0.771169 0.439951
0.55808 0.464519 0.151505
0.525094 0.535704 0.302299
0.160092 0.535704 0.451189
0.392402 0.535704 0.0634282
0.0762402 0.24744 0.0450977
0.602087 0.254622 0.0312731
0.25985 0.535704 0.370719
0.616245 0.197158 0.061629
0.399298 0.464519 0.161998
0.589061 0.464519 0.0589254
0.209178 0.464519 0.414054
0.627286 0.153222 0.0490667
0.577076 0.686312 0.0356272
0.11195 0.441456 0.0435363
0.630259 0.856102 0.042149
0.192868 0.535704 0.254503
0.438528 0.535704 0.420219
0.56043 0.535704 0.0434366
0.602954 0.26698 0.507556
0.487694 0.464519 0.250348
0.0608546 0.26015 0.0336576
0.112563 0.535704 0.104725
0.411087 0.262428 0.539377
0.183052 0.277031 0.0563307
0.568983 0.366945 0.510634
0.327536 0.24779 0.346824
0.568936 0.656921 0.435464
0.399751 0.255866 0.538037
0.139177 0.464519 0.522934
0.600678 0.311684 0.509867
0.0831191 0.501487 0.505369
0.608373 0.857202 0.417384
0.105714 0.252777 0.0367591
0.589265 0.740892 0.506941
0.0397758 0.118465 0.060339
0.603016 0.669882 0.513433
0.526599 0.464519 0.202076
0.0514245 0.186903 0.0353426
0.346779 0.252821 0.106944
0.598608 0.936137 0.424989
0.613461 0.876416 0.439786
0.195041 0.522382 0.52358
0.512406 0.257124 0.538935
0.180346 0.535704 0.358082
0.606996 0.808834 0.437604
0.62138 0.896404 0.108197
0.339376 0.49767 0.52358
0.580571 0.520542 0.0280667
0.570669 0.527868 0.31571
0.0420081 0.049141 0.541634
0.584179 0.471427 0.0605026
0.592982 0.839071 0.0526775
0.111523 0.430975 0.0518733
0.32468 0.275787 0.250533
0.579578 0.707951 0.25314
0.581134 0.479182 0.0284758
0.585544 0.541122 0.0407594
0.311882 0.266848 0.507783
0.526303 0.464519 0.261855
0.56518 0.50899 0.0490154
0.595712 0.637202 0.53645
0.162141 0.24831 0.517037
0.293634 0.535704 0.197451
0.431373 0.464519 0.436607
0.0741909 0.518179 0.519048
0.084082 0.507085 0.504669
0.372682 0.535704 0.27888
0.0990836 0.466567 0.505527
0.102158 0.53248 0.52358
0.083745 0.388972 0.0309619
0.476414 0.25088 0.534404
0.0855478 0.308123 0.506512
0.480131 0.464519 0.0791509
0.448017 0.464519 0.24413
0.0746625 0.256212 0.0342592
0.153576 0.502244 0.52358
0.571011 0.525506 0.0884872
0.309625 0.535704 0.0690304
0.0963091 0.364314 0.509305
0.326427 0.261868 0.507783
0.622754 0.850997 0.538609
0.0488723 0.18416 0.535655
0.564963 0.601649 0.252908
0.605451 0.875295 0.439794
0.206799 0.255463 0.509387
0.167469 0.464519 0.465741
0.180119 0.535704 0.285425
0.219928 0.535704 0.160982
0.318063 0.265706 0.420853
0.0975692 0.535704 0.103823
0.55787 0.583006 0.0427059
0.132528 0.258294 0.0332186
0.239918 0.277687 0.528911
0.594558 0.49387 0.0495762
0.333502 0.464519 0.175827
0.142319 0.530387 0.0490154
0.266505 0.4953 0.52358
0.0555096 0.125177 0.505527
0.571011 0.512143 0.379262
0.0771099 0.385978 0.0636092
0.482947 0.248506 0.042071
0.498526 0.535704 0.248752
0.598649 0.869044 0.422154
0.592431 0.41608 0.531656
0.429802 0.535704 0.197435
0.0765977 0.224044 0.032927
0.600149 0.9385 0.418664
0.616671 0.934238 0.212605
0.592435 0.51909 0.516488
0.124962 0.532502 0.52358
