0.344207 0.459391 0.0808339
0.453821 0.516358 0.131431
0.108018 0.24235 0.445663
0.382768 0.169747 0.120526
0.0733278 0.47246 0.133757
0.452707 0.521626 0.130443
0.316977 0.96979 0.066195
0.0802847 0.311186 0.477441
0.447215 0.465126 0.510001
0.138449 0.589042 0.094748
0.0883934 0.687748 0.13889
0.0705413 0.925317 0.136021
0.427437 0.933318 0.131947
0.438452 0.493336 0.30444
0.423779 0.494672 0.363658
0.338502 0.494672 0.182894
0.114204 0.441391 0.125226
0.102602 0.388962 0.159805
0.0858261 0.6575 0.13583
0.143237 0.104991 0.0889152
0.112258 0.262261 0.472344
0.392739 0.454864 0.517778
0.155088 0.492905 0.145384
0.382334 0.141232 0.0909071
0.493452 0.45644 0.313065
0.424637 0.306759 0.482861
0.0918073 0.894511 0.140633
0.407103 0.427987 0.16483
0.310502 0.494672 0.250979
0.488306 0.425967 0.502969
0.14293 0.358984 0.141697
0.0614745 0.688617 0.133957
0.331345 0.86614 0.0859702
0.112258 0.261159 0.472369
0.317986 0.477802 0.50903
0.448472 0.460322 0.130022
0.041651 0.464578 0.284628
0.286635 0.438781 0.111826
0.0885576 0.773574 0.148715
0.341769 0.804593 0.0721076
0.439866 0.785652 0.13756
0.121628 0.489951 0.47564
0.324529 0.494672 0.377491
0.100856 0.304743 0.445663
0.45828 0.570302 0.13957
0.0417556 0.477981 0.391099
0.032279 0.449957 0.336304
0.391063 0.485356 0.104823
0.411306 0.282746 0.475859
0.18193 0.494672 0.177441
0.422962 0.351905 0.142878
0.293087 0.492715 0.469217
0.143237 0.423479 0.1724
0.135351 0.098708 0.0915753
0.350773 0.435499 0.0827206
0.0515806 0.462945 0.504727
0.473901 0.486059 0.427389
0.228961 0.960827 0.0844229
0.150681   0.57 0.0988682
0.112258 0.261146 0.466543
0.329859 0.947273 0.0898247
0.245575 0.491246 0.106591
0.372549 0.61588 0.116079
0.388019 0.459863 0.10565
0.451055 0.577678 0.126783
0.150086 0.458414 0.0931555
0.0825572 0.489593 0.247001
0.389628 0.494672 0.24276
0.0543012 0.485884 0.438025
0.422962 0.287942 0.138897
0.456125 0.461079 0.13509
0.202264 0.434729 0.108956
0.0893221 0.0338453 0.471686
0.176856 0.494672 0.34211
0.0670173 0.901655 0.143615
0.406078 0.494672 0.28368
0.223403 0.494672 0.440482
0.100423 0.64462 0.142962
0.340083 0.448748 0.519207
0.422962 0.187199 0.113071
0.443298 0.409805 0.451083
0.121854 0.093825 0.0591195
0.448616 0.491093 0.456495
0.0783714 0.349695 0.449517
0.0653796 0.859573 0.128376
0.465809 0.461737 0.196548
0.143237 0.247398 0.130055
0.434912 0.637906 0.150417
0.431592 0.448882 0.514983
0.185091 0.494672 0.242816
0.102602 0.299974 0.130549
0.197092 0.462217 0.0782596
0.0700954 0.69639 0.129533
0.468662 0.472947 0.22365
0.385241 0.494672 0.385489
0.257195 0.948388 0.058417
0.352124 0.494672 0.450868
0.377363 0.555416 0.120366
0.0327734 0.423568 0.33092
0.466144 0.603895 0.137758
0.289295 0.444044 0.110395
0.457727 0.800801 0.12849
0.410927 0.463423 0.516114
0.415292 0.293638 0.482861
0.0299759 0.424525 0.364884
0.0406857 0.449316 0.502761
0.338533 0.909057 0.0932868
0.106714 0.286708 0.125542
0.143237 0.4273 0.156338
0.22059 0.494672 0.134781
0.411306 0.100016 0.459069
0.0862907 0.695197 0.153843
0.101297 0.492567 0.221425
0.382334 0.413758 0.16251
0.066151 0.754241 0.150321
0.411951 0.422962 0.150941
0.147014 0.690526 0.095929
0.32667 0.434547 0.109886
0.442476 0.706406 0.153866
0.104294 0.313591 0.159861
0.352243 0.466659 0.115442
0.312104 0.494672 0.301053
0.246271 0.434614 0.101755
0.328434 0.905841 0.0682905
0.101033 0.259239 0.445663
0.0826395 0.432642 0.128792
0.469226 0.473169 0.225847
0.436453 0.0459531 0.451083
0.0811305 0.772964 0.155547
0.3732 0.446301 0.120986
0.263929 0.948862 0.083316
0.142026 0.494672 0.173291
0.092704 0.358643 0.445663
0.146979 0.502406 0.122126
0.103978 0.403997 0.477441
0.379365 0.626017 0.0922763
0.1132 0.183251 0.12499
0.445192 0.393266 0.475577
0.188577 0.459323 0.079991
0.109817 0.498931 0.138608
0.416672 0.549625 0.139124
0.0885128 0.858092 0.140156
0.392527 0.475009 0.100483
0.160371 0.539191 0.108338
0.190551 0.922487 0.085469
0.174803 0.490473 0.477121
0.115389 0.0744765 0.0788114
0.139192 0.0379583 0.0421582
0.0738895 0.477524 0.190529
0.192273 0.835756 0.0917414
0.411306 0.0735082 0.481683
0.187451 0.44342 0.108124
0.110508 0.494519 0.239777
0.0582598 0.781424 0.133039
0.206603 0.461277 0.519569
0.173928 0.494672 0.281326
0.115202 0.494672 0.425122
0.103435 0.23081 0.445663
0.0776685 0.445626 0.146416
0.134658 0.511161 0.109767
0.109993 0.36595 0.445663
0.102038 0.40889 0.445663
0.412605 0.27852 0.482861
0.0758757 0.482936 0.207615
0.495091 0.432008 0.493471
0.0922617 0.218793 0.477441
0.143237 0.153234 0.110412
0.0931074 0.919979 0.13836
0.15927 0.494672 0.170299
0.422962 0.215066 0.120811
0.144168 0.560183 0.12279
0.137635 0.46742 0.100129
0.222018 0.424997 0.0682709
0.414955 0.96988 0.107762
0.0277427 0.427254 0.402653
0.0783714 0.382406 0.473567
0.224003 0.912905 0.0618986
0.0940382 0.0530845 0.445663
0.386032 0.494672 0.255749
0.11713 0.0575724 0.0689966
0.128682 0.469405 0.110825
0.107736 0.960157 0.125884
0.332347 0.494672 0.296893
0.175499 0.493239 0.136128
0.0683957 0.484872 0.483004
0.178814 0.493385 0.462189
0.437228 0.0529762 0.482861
0.0320692 0.426899 0.338589
0.398953 0.959489 0.104121
0.433753 0.361624 0.482861
0.0826655 0.845659 0.15107
0.0321209 0.456008 0.338027
0.329132 0.917838 0.0908554
0.0845876 0.455957 0.515104
0.461429 0.62601 0.141937
0.389357 0.475465 0.105842
0.097494 0.408816 0.477441
0.0783714 0.381918 0.452149
0.377201 0.693282 0.114631
0.431756 0.720654 0.144293
0.428426 0.0948539 0.482861
0.445192 0.0363064 0.466075
0.0783742 0.576208 0.125842
0.298231 0.491117 0.106154
0.0846604 0.23464 0.445663
0.397258 0.48941 0.144658
0.38694 0.0868141 0.0550457
0.422968 0.489564 0.474714
0.0516267 0.768739 0.13978
0.498177 0.431356 0.350633
0.166953 0.494672 0.3523
0.415381 0.419354 0.451083
0.116517 0.370684 0.172081
0.411306 0.26217 0.479647
0.375693 0.677891 0.114689
0.0850645 0.693199 0.137403
0.112258 0.378236 0.452081
0.140541 0.789731 0.0855932
0.158629 0.824348 0.0780699
0.447215 0.49082 0.266952
0.417392 0.330589 0.163661
0.429621 0.430096 0.154573
0.0482529 0.467455 0.252614
0.290427 0.954267 0.0725625
0.38245 0.62624 0.0905119
0.445192 0.284369 0.48134
0.421292 0.5339 0.144574
0.0567761 0.485828 0.375337
0.105895 0.144424 0.110503
0.0912257 0.488367 0.20479
0.069354 0.799855 0.131799
0.0771125 0.674148 0.152999
0.112258 0.354041 0.458096
0.25949 0.494672 0.207658
0.230222 0.494672 0.286012
0.317771 0.46172 0.519485
0.142544 0.444202  0.118
0.388873 0.677262 0.113925
0.437218 0.493325 0.445963
0.118736 0.494672 0.383961
0.222851 0.436028 0.520123
0.281128 0.494672 0.150881
0.390469 0.431998 0.104316
0.417765 0.317714 0.451083
0.326813 0.494672 0.335359
0.0521319 0.481609 0.314813
0.0699744 0.487939 0.282193
0.376685 0.494672 0.242947
0.424632 0.160508 0.482861
0.192427 0.932989 0.0713207
0.09681 0.494672 0.368168
0.0820895 0.583756 0.128061
0.416098 0.360102 0.141947
0.334065 0.786627 0.0976453
0.390968 0.249246 0.145479
0.121427 0.494672 0.249628
0.17019 0.957472 0.0836546
0.0404078 0.430114 0.259401
0.382334 0.350504 0.158173
0.332772 0.494672 0.344174
0.38882 0.148236 0.112013
0.502573 0.443735 0.422526
0.4323 0.539309 0.127194
0.411306 0.13854 0.461902
0.0861183 0.883547 0.135098
0.424869 0.29634 0.451083
0.445192 0.274246 0.479757
0.0268876 0.425658 0.417114
0.326606 0.44439 0.114261
0.431947 0.710711 0.139467
0.382334 0.0420814 0.0490534
0.102602 0.0905343 0.0829609
0.422738 0.163664 0.118119
0.489258 0.473559 0.360297
0.0807558 0.483591 0.196285
0.207922 0.492257 0.118741
0.13862 0.774246 0.108973
0.084204 0.539185 0.125737
0.0783714 0.397186 0.462242
0.13654 0.68361 0.09146
0.154126 0.618932 0.116461
0.437031 0.773019 0.146379
0.183877 0.477176 0.509197
0.387399 0.974361 0.0939554
0.143237 0.264707 0.145295
0.46436 0.666832 0.133345
0.401162 0.0463094 0.0288129
0.422962 0.260914 0.145454
0.277435 0.494672 0.404978
0.180905 0.494672 0.177378
0.102602 0.391604 0.171085
0.458225 0.490619 0.402234
0.368594 0.964515 0.0997964
0.343986 0.464703 0.517353
0.365698 0.494672 0.323222
0.386635 0.712898 0.115227
0.0565569 0.458307 0.508328
0.220287 0.487503 0.488884
0.193684 0.929644 0.0695045
0.13453 0.570189 0.114712
0.102382 0.494672 0.287179
0.459733 0.490314 0.408949
0.422962 0.301916 0.132791
0.0755661 0.429416 0.135175
0.141165 0.513693 0.116668
0.422962 0.283572 0.126128
0.0848986 0.54444 0.148596
0.0367897 0.464863 0.488958
0.198922 0.494672 0.333759
0.0870805 0.678427 0.137667
0.396409 0.0954537 0.0898616
0.360407 0.862596 0.0741615
0.121948 0.663559 0.104591
0.190376 0.969753 0.0653421
0.10499 0.237333 0.112915
0.295445 0.494672 0.21287
0.0594865 0.816373 0.130238
0.420866 0.183867 0.451083
0.060331 0.782278 0.131067
0.28416 0.494672 0.387532
0.465378 0.459385 0.509481
0.160476 0.800377 0.106448
0.476598 0.806227 0.141423
0.382334 0.423347 0.159045
0.0782521 0.486304 0.480517
0.112258 0.0871468 0.457055
0.0801014 0.169665 0.477441
0.178861 0.832656 0.0724685
0.12608 0.439609 0.517498
0.21428 0.449326 0.0690788
0.137312 0.494672 0.192412
0.0872252 0.518829 0.148161
0.316499 0.494672 0.181182
0.345238 0.862534 0.097095
0.243032 0.434832 0.106953
0.130888 0.0409157 0.0304475
0.218402 0.905189 0.0634805
0.444918 0.361001 0.451083
0.294492 0.919981 0.0688002
0.434656 0.493245 0.2636
0.382334 0.320394 0.153337
0.143237 0.377609 0.152271
0.202792 0.91545 0.0901925
0.136191 0.647576 0.09314
0.398467 0.580617 0.104768
0.412754 0.473949 0.510678
0.102602 0.414691 0.172024
0.430888 0.494484 0.315743
0.398548 0.579256 0.098581
0.470859 0.487174 0.427414
0.427725 0.623615 0.145129
0.359803 0.524187 0.115406
0.13572 0.285201 0.153515
0.107598 0.305241 0.445663
0.135977 0.415665 0.150022
0.382334 0.231351 0.127497
0.491683 0.465681 0.344244
0.271268 0.95922 0.0577098
0.411467 0.330831 0.135405
0.382334 0.339912 0.138278
0.277582 0.494672 0.137727
0.0729539 0.491112 0.383354
0.328761 0.962066 0.0888825
0.102602 0.30797 0.144879
0.0783714 0.280121 0.454613
0.412819 0.426638 0.113346
0.494978 0.440863 0.315788
0.433612 0.493243 0.260127
0.13912 0.460786 0.51794
0.426959 0.44346 0.152081
0.161704 0.80069 0.106022
0.0958938 0.506674 0.152085
0.129646 0.127286 0.103721
0.385564 0.04082 0.0310424
0.296873 0.963122 0.0588659
0.442958 0.822714 0.149772
0.115527 0.383907 0.173746
0.440918 0.71341 0.134272
0.126279 0.534334 0.101743
0.273643 0.494672 0.379803
0.0848733 0.63462 0.154586
0.0371703 0.467806 0.348917
0.256502 0.491204 0.475942
0.172808 0.489625 0.120192
0.45839 0.490539 0.400054
0.160984 0.794239 0.0786865
0.440427 0.486812 0.201909
0.369091 0.617908 0.104788
0.272719 0.494672 0.240448
0.262381 0.494672 0.295805
0.0831171 0.0852819 0.445663
0.099491 0.269512 0.445663
0.429828 0.196319 0.451083
0.138557 0.276812 0.151639
0.070212 0.488559 0.298074
0.0640179 0.599514 0.142349
0.10557 0.429401 0.516231
0.112258 0.381293 0.461832
0.424909 0.938254 0.118547
0.129822 0.494672 0.393527
0.315142 0.444035 0.107198
0.0720663 0.823337 0.133481
0.0871924 0.487117 0.146917
0.422962 0.349783 0.157057
0.305926 0.474174 0.513688
0.412998 0.452089 0.113459
0.16243 0.577867 0.113685
0.121934 0.494672 0.348325
0.107137 0.354613 0.445663
0.387786 0.162602 0.117699
0.427621 0.493997 0.446869
0.0761226 0.800325 0.155688
0.370691 0.477512 0.100381
0.440361 0.832848 0.146966
0.123052 0.714067 0.0956276
0.23867 0.494672 0.270545
0.0699678 0.478435 0.207411
0.355914 0.886314 0.0719876
0.129718 0.492783 0.166248
0.468056 0.488124 0.427321
0.143237 0.188399 0.118751
0.256142 0.494672 0.354282
0.233415 0.494672 0.285285
0.415041 0.485132 0.490998
0.385433 0.274101 0.122724
0.31565 0.940865 0.0620939
0.0815439 0.508069 0.144342
0.445192 0.299419 0.453009
0.131523 0.697139 0.0929086
0.052102 0.696254 0.141946
0.0935472 0.494409 0.361735
0.175397 0.494672 0.157033
0.481376 0.474332 0.274546
0.112258 0.397326 0.455178
0.356863 0.494672 0.39794
0.113076 0.973129 0.0995808
0.422962 0.151175 0.0871235
0.366128 0.620159 0.108698
0.238515 0.494672 0.153627
0.393068 0.475416 0.101646
0.0783714 0.0940766 0.45507
0.3367 0.875791 0.0944802
0.0483032 0.483292 0.402016
0.349357 0.494672 0.193247
0.21181 0.477837 0.509022
0.262457 0.437188 0.520332
0.139194 0.534308 0.0970331
0.188146 0.922123 0.0898158
0.0725501 0.862579 0.152835
0.193916 0.426317 0.078862
0.442566 0.492588 0.288018
0.43546 0.921668 0.12282
0.463291 0.469967 0.201407
0.469888 0.720373 0.142833
0.118478 0.494672 0.37188
0.247481 0.494672 0.260479
0.18957 0.470226 0.0842729
0.112258 0.380743 0.447072
0.433167 0.745077 0.139858
0.157857 0.494672 0.2443
0.411306 0.097503 0.457333
0.247863 0.494672 0.410367
0.151678 0.494672 0.293849
0.109771 0.475999 0.127335
0.108228 0.494672 0.266547
0.135884 0.231777 0.111149
0.143237 0.256084 0.123779
0.152418 0.613293 0.103743
0.14017 0.494672 0.391688
0.143237 0.183773 0.105696
0.157998 0.557577 0.117664
0.170389 0.848649 0.0982697
0.419181 0.494672 0.402166
0.432906 0.517143 0.124967
0.451439 0.491723 0.446985
0.445192 0.213801 0.462558
0.382334 0.282097 0.131382
0.225288 0.492915 0.467309
0.445192 0.232366 0.473847
0.16609 0.465709 0.516375
0.411522 0.308199 0.130346
0.42367 0.494672 0.282974
0.395491 0.758387 0.0997068
0.407658 0.102774 0.0937174
0.366227 0.494672 0.313799
0.279866 0.437332 0.110791
0.2903 0.494672 0.267713
0.215159 0.929467 0.0622307
0.192742 0.494672 0.284082
0.425382 0.395889 0.451083
0.0867115 0.290397 0.477441
0.132781 0.713294 0.112568
0.084335 0.733954 0.154149
0.157471 0.72431 0.106328
0.411306 0.0522104 0.47273
0.39173 0.521024 0.098311
0.429341 0.198566 0.482861
0.26548 0.494672 0.32203
0.0999764 0.919118 0.130968
0.480336 0.483448 0.415521
0.260773 0.494672 0.217223
0.0549749 0.477729 0.253669
0.0682336 0.429352 0.175853
0.247688 0.494672 0.346659
0.445192 0.210723 0.452674
0.0748712 0.762861 0.133927
0.184778 0.494672 0.32178
0.143237 0.259817 0.121182
0.0698387 0.473097 0.190222
0.253387 0.494672 0.244671
0.0763898 0.927357 0.137942
0.411305 0.494672 0.343618
0.0831503 0.481951 0.494198
0.2792 0.434712 0.104099
0.441596 0.11026 0.482861
0.151875 0.9668 0.102715
0.0916175 0.365452 0.477441
0.125938 0.342906 0.166413
0.442941 0.434252 0.513218
0.150641 0.534781 0.0950234
0.426125 0.158254 0.451083
0.210165 0.434263 0.0857776
0.48887 0.475189 0.367929
0.102657 0.0860782 0.0546176
0.0331279 0.4677 0.47119
0.232714 0.494672 0.320976
0.29544 0.494672 0.262083
0.24314 0.95114 0.0585615
0.214385 0.494672 0.245171
0.413626 0.494672 0.237076
0.136825 0.549574 0.115134
0.196416 0.947274 0.0901788
0.0901033 0.477448 0.160591
0.364719 0.494672 0.433265
0.405313 0.493733 0.191947
0.386579 0.335431 0.164744
0.422962 0.270031 0.138858
0.0661995 0.633958 0.132844
0.0727785 0.804025 0.133615
0.143237 0.223597 0.136058
0.342934 0.493624 0.133743
0.0783714 0.346568 0.460632
0.108485 0.33488 0.445663
0.495466 0.454698 0.321106
0.0783714 0.357644 0.474158
0.112258 0.100969 0.456871
0.378134 0.77373 0.1115
0.0783714 0.248207 0.477322
0.0708063 0.429081 0.143179
0.112258 0.244182 0.468152
0.448655 0.956336 0.110779
0.3945 0.494672 0.323581
0.460948 0.601117 0.133099
0.0551709 0.486252 0.422771
0.199593 0.902329 0.0786639
0.312023 0.493052 0.465941
0.0799888 0.726226 0.135848
0.337602 0.494672 0.429816
0.418676 0.464273 0.145683
0.0925702 0.494406 0.37825
0.347883 0.807892 0.07342
0.41258 0.280748 0.12421
0.0868694 0.937624 0.137038
0.131043 0.0492628 0.0313059
0.113172 0.0403992 0.0312385
0.430311 0.0262893 0.479546
0.130454 0.771455 0.0902248
0.445192 0.181817 0.459739
0.463255 0.687583 0.144717
0.143237 0.252571 0.122966
0.13561 0.699624 0.115769
0.449504 0.550216 0.142866
0.10472 0.494672 0.337323
0.411306 0.0872451 0.480385
0.419418 0.440286 0.130122
0.440347 0.611827 0.128858
0.414022 0.350556 0.451083
0.422962 0.266927 0.146695
0.264825 0.494672 0.423393
0.205863 0.952358 0.0733469
0.294504 0.494672 0.128094
0.343856 0.494672 0.396404
0.0890522 0.489322 0.222375
0.463136 0.710669 0.130381
0.142233 0.279307 0.123887
0.368838 0.440134 0.518427
0.268646 0.444021 0.112601
0.219368 0.455403 0.0682709
0.461104 0.87291 0.123264
0.127912 0.700779 0.0942175
0.428387 0.035943 0.451083
0.137098 0.297749 0.128009
0.134555 0.447959 0.104393
0.196035 0.452298 0.0778439
0.482437 0.436805 0.238999
0.38535 0.794628 0.0971564
0.2021 0.443799 0.51956
0.411306 0.31899 0.452584
0.190763 0.430078 0.519253
0.327468 0.970442 0.0817558
0.375228 0.494672 0.439463
0.065843 0.606161 0.134575
0.388196 0.974439 0.0958209
0.058074 0.749379 0.134731
0.0714082 0.700767 0.151097
0.196531 0.494672 0.450834
0.167312 0.83402 0.093216
0.411306 0.364951 0.468315
0.147265 0.972632 0.0825258
0.0783714 0.0657607 0.466276
0.408391 0.494672 0.271133
0.167226 0.499304 0.113616
0.123645 0.0843289 0.053601
0.438687 0.163552 0.482861
0.478745 0.857843 0.139096
0.186804 0.494672 0.208551
0.365814 0.835796 0.0793346
0.166953 0.459244 0.118582
0.354205 0.494672 0.447258
0.464882 0.851745 0.145284
0.471253 0.770838 0.134677
0.488743 0.438819 0.502358
0.0401709 0.472708 0.34066
0.337448 0.435884 0.0870848
0.422962 0.0983733 0.0840562
0.372983 0.490518 0.133701
0.334108 0.783318 0.0977855
0.445192 0.10193 0.473856
0.146179 0.494672 0.309298
0.130434 0.489773 0.47779
0.416739 0.427336 0.115823
0.172045 0.494672 0.214104
0.236021 0.494672 0.277804
0.0823605 0.492268 0.310447
0.345188 0.871324 0.0701056
0.151333 0.66768 0.115513
0.102602 0.301305 0.130311
0.133954 0.494672 0.272017
0.112258 0.219327 0.476428
0.102602 0.156097 0.0980777
0.445757 0.839075 0.134071
0.444283 0.770285 0.152994
0.300893 0.439441 0.52027
0.127089 0.30669 0.130008
0.0657271 0.8641 0.149881
0.432952 0.239465 0.482861
0.368353 0.575117 0.116226
0.207557 0.44184 0.0900677
0.350803 0.494672 0.389637
0.449269 0.811234 0.152854
0.112258 0.238758 0.4756
0.410619 0.0433002 0.0578486
0.388718 0.962196 0.10833
0.459882 0.747778 0.147819
0.44405 0.0346389 0.477638
0.102602 0.205526 0.127224
0.262797 0.95909 0.0770652
0.331087 0.494672 0.185874
0.180142 0.878537 0.070235
0.125338 0.588547 0.0998778
0.418359 0.381855 0.145766
0.209495 0.433996 0.087001
0.112258 0.111152 0.471759
0.109082 0.151339 0.445663
0.104329 0.255711 0.146923
0.365489 0.852652 0.0796763
0.41709 0.439512 0.116045
0.137392 0.107349 0.0655593
0.464162 0.76111 0.128878
0.450696 0.769828 0.131203
0.411306 0.381689 0.457374
0.410641 0.955777 0.119888
0.423469 0.294085 0.482861
0.422962 0.402253 0.175068
0.0954222 0.567065 0.151658
0.112208 0.45937 0.116588
0.109248 0.425179 0.177391
0.149136 0.728223 0.113892
0.396101 0.494672 0.199675
0.366345 0.79742 0.0782668
0.396545 0.194745 0.128576
0.382334 0.221683 0.1203
0.423369 0.2704 0.482861
0.411306 0.404425 0.471313
0.0370777 0.429343 0.49771
0.382334 0.188946 0.102539
0.46613 0.80293 0.145855
0.474192 0.453982 0.212281
0.148597 0.540847 0.121927
0.107647 0.494672 0.437635
0.323678 0.494672 0.382812
0.460293 0.6464 0.130823
0.064366 0.771323 0.150189
0.139262 0.613295 0.0933687
0.233859 0.429132 0.0682709
0.43423 0.630536 0.13413
0.273034 0.494672 0.276166
0.143237 0.0815021 0.0598844
0.347737 0.795025 0.0739852
0.273039 0.965112 0.0824651
0.375462 0.432758 0.123083
0.281976 0.948189 0.077189
0.159553 0.494672 0.214838
0.102602 0.2776 0.144217
0.0783714 0.187937 0.451428
0.382334 0.372017 0.157375
0.0277575 0.429474 0.402402
0.239779 0.965358 0.0679399
0.40791 0.375647 0.172707
0.458054 0.807089 0.149209
0.126754 0.494672 0.280474
0.377185 0.562535 0.120018
0.220714 0.494672 0.265647
0.397132 0.741203 0.10098
0.431191 0.494669 0.334816
0.0604657 0.484636 0.476493
0.0869136 0.949818 0.128334
0.351537 0.850327 0.0724691
0.0313701 0.448164 0.346203
0.264053 0.494672 0.341251
0.0345594 0.427845 0.311469
0.409531 0.42582 0.174527
0.371874 0.494672 0.292113
0.137657 0.0900182 0.0569073
0.411306 0.414071 0.464001
0.401018 0.434096 0.13774
0.349425 0.896978 0.0699125
0.493606 0.422892 0.300843
0.439314 0.730197 0.150142
0.435584 0.502262 0.121859
0.201068 0.494672 0.26889
0.390603 0.493744 0.166495
0.408915 0.493694 0.45407
0.135283 0.182572 0.0955179
0.05661 0.441611 0.206884
0.463482 0.934338 0.122974
0.250832 0.494672 0.138343
0.109363 0.33614 0.477441
0.303763 0.434918 0.520192
0.366797 0.77407 0.0953393
0.443288 0.74695 0.153005
0.415413 0.494672 0.371938
0.377346 0.695836 0.0936037
0.102602 0.339818 0.142772
0.405777 0.216142 0.135248
0.102573 0.0937923 0.477441
0.426194 0.281086 0.482861
0.0783714 0.0802797 0.457213
0.211772 0.494672 0.186258
0.0513942 0.823469 0.145356
0.0869405 0.256536 0.477441
0.143237 0.0566409 0.0423916
0.372793 0.747476 0.110575
0.434424 0.809058 0.14063
0.0535326 0.421392 0.216859
0.46457 0.845711 0.125559
0.361977 0.837878 0.0755372
0.139088 0.427663 0.16628
0.338658 0.872217 0.0951054
0.112258 0.336143 0.448399
0.22467 0.494672 0.37175
0.0808261 0.119492 0.477441
0.238153 0.967197 0.0802337
0.0730054 0.490002 0.323296
0.101904 0.456024 0.121678
0.434342 0.422788 0.45827
0.394524 0.68171 0.0928005
0.143237 0.23022 0.131064
0.423573 0.430351 0.141069
0.455077 0.608405 0.128143
0.0787853 0.325599 0.477441
0.0624592 0.487361 0.461591
0.384607 0.470035 0.110562
0.382369 0.963886 0.0879483
0.403028 0.971041 0.111826
0.4617 0.715752 0.128948
0.234209 0.494672 0.264534
0.32085 0.494672 0.384235
0.125849 0.741621 0.0933471
0.411306 0.254209 0.455729
0.266254 0.494672 0.441145
0.411306 0.319238 0.462398
0.084209 0.462476 0.154077
0.140509 0.55509 0.119153
0.0836859 0.476125 0.503444
0.390761 0.494672 0.429555
0.431943 0.494175 0.301838
0.433893 0.493069 0.256698
0.453621 0.488583 0.261244
0.376445 0.491922 0.09437
0.112258 0.123403 0.457001
0.157021 0.615802 0.115434
0.127498 0.358565 0.141604
0.428085 0.446425 0.130686
0.308828 0.494672 0.278541
0.271427 0.946367 0.0763512
0.197344 0.902749 0.0919018
0.0783714 0.136788 0.45429
0.439809 0.233429 0.451083
0.456491 0.439025 0.13892
0.0661209 0.735289 0.149666
0.135129 0.240049 0.142702
0.10691 0.494672 0.337373
0.373652 0.974494 0.0971381
0.085218 0.904964 0.146123
0.343508 0.474035 0.512722
0.0783714 0.271168 0.471892
0.454843 0.496987 0.132712
0.356421 0.905197 0.0711328
0.387433 0.493956 0.455149
0.397482 0.0378049 0.0497498
0.414652 0.101421 0.482861
0.422962 0.34358 0.161523
0.143237 0.290361 0.135764
0.121229 0.957269 0.109347
0.144213 0.494941 0.118538
0.0911726 0.461638 0.141345
0.336471 0.862208 0.0758901
0.14251 0.039365 0.0400694
0.404713 0.256273 0.118739
0.379824 0.680953 0.116148
0.454449 0.480026 0.135703
0.112258 0.363947 0.467429
0.101156 0.0583422 0.477441
0.0451588 0.858262 0.142082
0.108065 0.274728 0.477441
0.365952 0.840095 0.0764255
0.434052 0.656274 0.136472
0.0770025 0.771357 0.135268
0.0798852 0.0375369 0.477441
0.115767 0.288958 0.154355
0.123632 0.431118 0.139048
0.112258 0.0912056 0.473626
0.225402 0.494251 0.456397
0.313736 0.433891 0.0845163
0.108192 0.459199 0.146641
0.476026 0.786643 0.138358
0.382334 0.129485 0.0785852
0.0270835 0.452202 0.475805
0.0659498 0.570422 0.140983
0.232337 0.494672 0.24756
0.360419 0.852535 0.0871083
0.0976296 0.658381 0.142225
0.168418 0.864746 0.0738954
0.0355084 0.447359 0.301134
0.262654 0.462511 0.0688478
0.132158 0.735939 0.0911166
0.464067 0.4865 0.303006
0.382209 0.494672 0.322161
0.195417 0.494672 0.375769
0.0783714 0.149003 0.466893
0.398113 0.354192 0.168937
0.11534 0.94725 0.121323
0.385037 0.714018 0.087784
0.44192 0.539025 0.146166
0.112258 0.0758692 0.469973
0.111008 0.299073 0.156616
0.293515 0.431559 0.520332
0.338151 0.467767 0.0830659
0.146194 0.530736 0.123169
0.396282 0.762372 0.0982704
0.141294 0.278282 0.151968
0.0896197 0.507949 0.126008
0.134182 0.547236 0.0983701
0.154252 0.494672 0.419761
0.253175 0.494672 0.203945
0.231437 0.964166 0.0589266
0.25039 0.48155 0.504288
0.356537 0.494672 0.402379
0.089975 0.489788 0.224952
0.438674 0.480081 0.144683
0.0833605 0.833355 0.139209
0.0444063 0.480333 0.399093
0.395873 0.585444 0.0973413
0.407449 0.4839 0.496122
0.08249 0.429643 0.51264
0.382334 0.185485 0.115872
0.433658 0.87801 0.136953
0.214465 0.970424 0.0812374
0.385166 0.432178 0.130984
0.399941 0.335962 0.164862
0.0379925 0.434464 0.27408
0.350633 0.494672 0.376298
0.24563 0.494672 0.218726
0.370952 0.492921 0.144089
0.415252 0.415097 0.482861
0.237856 0.494672 0.319604
0.115525 0.416046 0.15007
0.341278 0.893173 0.0947338
0.483105 0.469345 0.26826
0.0833548 0.492833 0.334337
0.431568 0.382934 0.482861
0.416961 0.494672 0.346345
0.329453 0.494672 0.440902
0.422392 0.325838 0.482861
0.0273315 0.428152 0.478991
0.115179 0.431914 0.143844
0.231539 0.435962 0.0682709
0.102025 0.33301 0.445663
0.307176 0.906231 0.0703203
0.0700795 0.907845 0.119963
0.452525 0.483982 0.216276
0.113093 0.0910017 0.087516
0.210299 0.494672 0.339639
0.318907 0.458122 0.521153
0.343429 0.777315 0.087502
0.404665 0.607567 0.099749
0.379621 0.96413 0.0937706
0.103919 0.45377 0.14988
0.0954414 0.946162 0.108206
0.0668769 0.864625 0.128689
0.380433 0.450669 0.094172
0.158782 0.790949 0.0793706
0.143237 0.376039 0.14812
0.133457 0.494672 0.278444
0.422962 0.0688614 0.0637795
0.359198 0.518986 0.10993
0.0913286 0.440157 0.12597
0.0881994 0.493983 0.398278
0.0499869 0.477257 0.275509
0.445192 0.160634 0.47601
0.466648 0.653603 0.141121
0.110341 0.494672 0.306111
0.39491 0.149399 0.0832802
0.0760082 0.807173 0.135256
0.422962 0.0817436 0.0818872
0.382334 0.411867 0.167791
0.360238 0.433674 0.119536
0.217275 0.935625 0.0871936
0.123778 0.575585 0.101075
0.487342 0.476655 0.375041
0.31779 0.908426 0.0890144
0.42557 0.527677 0.147774
0.0823453 0.915095 0.14535
0.0644211 0.556197 0.137229
0.411306 0.308586 0.478178
0.47441 0.791184 0.136734
0.219841 0.436677 0.0873728
0.144105 0.799397 0.0839087
0.418251 0.268478 0.482861
0.0909959 0.956229 0.101964
0.225232 0.911707 0.0872561
0.448411 0.447454 0.154437
0.411306 0.30267 0.475127
0.448927 0.751411 0.152504
0.452315 0.484627 0.221381
0.287961 0.494672 0.241587
0.441004 0.961082 0.104113
0.0874819 0.958572 0.104092
0.0912837 0.766782 0.146489
0.384727 0.535448 0.115665
0.118794 0.615904 0.101545
0.497906 0.42653 0.347683
0.225663 0.494672 0.190206
0.243908 0.494672 0.355849
0.45351 0.46927 0.132981
0.120624 0.378196 0.173027
0.396612 0.43508 0.517673
0.425779 0.489074 0.128416
0.131214 0.14268 0.109813
0.411268 0.317205 0.16067
0.259562 0.439357 0.0892646
0.411306 0.0714401 0.467602
0.143237 0.060341 0.0422492
0.484813 0.467833 0.279432
0.466925 0.828292 0.128466
0.371792 0.432938 0.115184
0.411306 0.259261 0.476932
0.448606 0.45697 0.154772
0.402503 0.618055 0.101872
0.281262 0.494672 0.201537
0.133271 0.274213 0.151058
0.420494 0.430413 0.153975
0.327712 0.456984 0.521448
0.145392 0.444452 0.118583
0.416746 0.967995 0.110145
0.178858 0.494672 0.390381
0.263795 0.494672 0.368693
0.478097 0.479861 0.311098
0.439192 0.291965 0.451083
0.445192 0.405142 0.477497
0.131839 0.494672 0.340062
0.368419 0.495409 0.0944246
0.0405584 0.474085 0.343374
0.448471 0.492771 0.433714
0.33408 0.489518 0.481423
0.382334 0.339729 0.162324
0.143237 0.393841 0.165385
0.123104 0.375636 0.144983
0.0783714 0.365261 0.466667
0.392225 0.494672 0.225543
0.421406 0.328259 0.482861
0.445192 0.156787 0.456807
0.0885787 0.430891 0.471312
0.422962 0.384841 0.17171
0.42066 0.127261 0.451083
0.432956 0.358633 0.451083
0.161495 0.802993 0.0782191
0.0819157 0.491818 0.453375
0.137568 0.457947 0.100502
0.438314 0.474788 0.154535
0.136513 0.511432 0.111562
0.492866 0.459428 0.322983
0.388512 0.51418 0.0974128
0.426491 0.465495 0.150839
0.118048 0.349059 0.167789
0.428941 0.690065 0.140571
0.418514 0.397746 0.451083
0.104495 0.494672 0.417718
0.107769 0.177734 0.12327
0.102718 0.151332 0.445663
0.102602 0.355539 0.14287
0.102602 0.198962 0.105741
0.0840492 0.622754 0.132567
0.0783714 0.314192 0.465038
0.206404 0.44077 0.519677
0.358379 0.965134 0.0693377
0.0588008 0.8804 0.144287
0.323115 0.482699 0.0905914
0.217421 0.434644 0.102476
0.392687 0.199988 0.13021
0.128541 0.509985 0.101827
0.0783714 0.242156 0.451675
0.156453 0.836226 0.0782654
0.474116 0.887984 0.13247
0.438332 0.294378 0.451083
0.441985 0.229316 0.451083
0.0681763 0.690144 0.149378
0.374892 0.433485 0.0910803
0.494622 0.436932 0.311915
0.337326 0.494672 0.388715
0.283483 0.434767 0.105399
0.143237 0.254855 0.129176
0.449644 0.86533 0.1309
0.382334 0.112997 0.0740185
0.137426 0.530573 0.0978796
0.392201 0.96751 0.109749
0.360134 0.494672 0.155117
0.210191 0.442928 0.0710433
0.0721133 0.48908 0.296291
0.129977 0.16462 0.118496
0.486089 0.476647 0.353331
0.404854 0.077927 0.0806297
0.164954 0.786341 0.0995847
0.35439 0.817041 0.0963737
0.4983 0.452128 0.351969
0.0437348 0.471212 0.293653
0.155024 0.432503 0.124103
0.472372 0.782888 0.142881
0.225505 0.491302 0.106779
0.298886 0.92817 0.0702512
0.125717 0.442115 0.12741
0.030689 0.463421 0.426905
0.391425 0.257618 0.11904
0.103028 0.438984 0.121747
0.2334 0.494672 0.329909
0.382334 0.264169 0.139529
0.0783714 0.230068 0.459451
0.367999 0.741415 0.100295
0.0857411 0.430891 0.460083
0.102602 0.417632 0.161792
0.182256 0.81815 0.099047
0.41518 0.0426889 0.0573711
0.0887601 0.180478 0.477441
0.250138 0.44572 0.0682709
0.23207 0.907989 0.0611174
0.438328 0.219479 0.451083
0.40066 0.43148 0.133308
0.150824 0.668777 0.115671
0.433371 0.212868 0.482861
0.112258 0.188447 0.464028
0.0737433 0.597431 0.128544
0.395529 0.760694 0.0993064
0.0823007 0.596023 0.129215
0.399791 0.226569 0.1385
0.442496 0.538367 0.145805
0.414091 0.187222 0.482861
0.341095 0.8404 0.0707584
0.400602 0.202747 0.101928
0.145108 0.44205 0.0993869
0.0831179 0.117497 0.477441
0.330763 0.494672 0.263405
0.0963267 0.494445 0.324231
0.422962 0.136372 0.0975435
0.131337 0.758353 0.0904193
0.143237 0.264141 0.139329
0.0562016 0.880036 0.143256
0.242226 0.471455 0.0725978
0.386254 0.663793 0.0903589
0.457649 0.490987 0.420414
0.393045 0.494672 0.263357
0.102602 0.157883 0.10762
0.121685 0.470871 0.116092
0.485269 0.424087 0.504644
0.385613 0.268425 0.149766
0.367591 0.749767 0.108584
0.158069 0.494672 0.276399
0.389243 0.187075 0.126184
0.388365 0.493947 0.455087
0.438467 0.45119 0.513914
0.386795 0.755256 0.109135
0.030943 0.456222 0.376757
0.148458 0.471418 0.121341
0.402803 0.290848 0.154778
0.393235 0.262184 0.120061
0.411306 0.0754533 0.459248
0.438273 0.51022 0.121098
0.460435 0.62014 0.142047
0.367784 0.494672 0.198593
0.0940384 0.596135 0.151719
0.441464 0.0519106 0.482861
0.0861956 0.118032 0.445663
0.338417 0.488994 0.483375
0.0763611 0.520984 0.129583
0.153538 0.563934 0.101943
0.163459 0.457386 0.0860333
0.412886 0.104794 0.451083
0.229909 0.96846 0.0684561
0.11992 0.113092 0.0981038
0.442443 0.858877 0.135474
0.110937 0.10248 0.0935624
0.284514 0.459882 0.520893
0.247732 0.434003 0.0871752
0.0290412 0.443749 0.380692
0.46253 0.66051 0.132099
0.422962 0.117701 0.077473
0.343716 0.493569 0.133735
0.382334 0.174112 0.108538
0.135722 0.479076 0.100386
0.340898 0.478735 0.507063
0.0783714 0.0771576 0.446668
0.382334 0.112212 0.0785566
0.219926 0.49187 0.472849
0.110267 0.187282 0.445663
0.0757396 0.478533 0.188848
0.183925 0.494672 0.186248
0.389819 0.153034 0.084812
0.370798 0.686155 0.102186
0.382334 0.151872 0.0864289
0.437324 0.805628 0.145379
0.141962 0.481229 0.115027
0.385568 0.588652 0.117929
0.382334 0.144149 0.0856016
0.306964 0.494672 0.405749
0.0299861 0.447344 0.364711
0.13836 0.531768 0.115073
0.232373 0.91264 0.0699026
0.222479 0.480319 0.505765
0.115124 0.327223 0.162908
0.163188 0.494672 0.343406
0.349826 0.443869 0.100092
0.241361 0.494672 0.335119
0.279882 0.434241 0.0928637
0.17702 0.896076 0.0970384
0.0250002 0.431157 0.449042
0.0293646 0.461837 0.439598
0.271344 0.437833 0.111247
0.382334 0.403084 0.164645
0.105269 0.487226 0.483073
0.382334 0.190653 0.108902
0.0291075 0.4571 0.478024
0.18512 0.494672 0.441655
0.458272 0.87345 0.124731
0.198966 0.781918 0.0961551
0.318075 0.920824 0.0634498
0.0589699 0.43215 0.199235
0.502013 0.456391 0.476375
0.419317 0.166802 0.482861
0.243543 0.494672 0.3488
0.430574 0.75082 0.14157
0.358408 0.456313 0.0844169
0.0839756 0.373753 0.477441
0.47218 0.702525 0.138287
0.409708 0.490706 0.169144
0.163255 0.457411 0.520187
0.0783714 0.0885082 0.460354
0.103477 0.05812 0.477441
0.131847 0.0470844 0.0294667
0.468314 0.924919 0.125514
0.327385 0.494672 0.35627
0.265311 0.494672 0.232812
0.0963733 0.641284 0.147805
0.193404 0.777379 0.089073
0.422962 0.0512618 0.0458459
0.0273975 0.429005 0.479839
0.204551 0.912789 0.0899386
0.0783714 0.12561 0.465262
0.133049 0.0579326 0.0692779
0.196047 0.891612 0.0925875
0.174838 0.494672 0.266804
0.454438 0.723169 0.127305
0.0728159 0.426457 0.167998
0.089291 0.363365 0.477441
0.389345 0.49166 0.14896
0.130248 0.076814 0.0800427
0.135717 0.0406921 0.0318349
0.421661 0.185339 0.125642
0.411306 0.030686 0.458423
0.394391 0.581191 0.108813
0.109903 0.178463 0.445663
0.158832 0.87831 0.075709
0.195386 0.4379 0.519378
0.0531973 0.899522 0.132558
0.320415 0.446942 0.0717472
0.0995138 0.493556 0.25196
0.401127 0.485163 0.13319
0.0912946 0.42663 0.136322
0.390473 0.0384994 0.0397383
0.432817 0.137744 0.451083
0.475313 0.464733 0.232765
0.0992523 0.460985 0.126805
0.222927 0.494672 0.32631
0.413893 0.494672 0.308884
0.422962 0.242331 0.120112
0.41372 0.309273 0.158896
0.501894 0.452763 0.411032
0.390937 0.13481 0.0771323
0.463474 0.643583 0.142112
0.282936 0.491458 0.107308
0.445192 0.411887 0.459042
0.143237 0.301986 0.143211
0.0881263 0.440382 0.152829
0.411306 0.407303 0.469263
0.306918 0.486863 0.4908
0.452246 0.429804 0.142651
0.429877 0.155561 0.482861
0.333815 0.969934 0.0696356
0.298417 0.422508 0.520332
0.445192 0.386085 0.475339
0.444081 0.373906 0.451083
0.492792 0.465394 0.355216
0.0787256 0.702234 0.134497
0.420608 0.439345 0.115639
0.143237 0.0749671 0.0570207
0.330132 0.874053 0.0869554
0.366084 0.494672 0.199872
0.0872553 0.461131 0.124604
0.196676 0.494672 0.23363
0.167163 0.494672 0.155502
0.0857051 0.75291 0.139456
0.229327 0.494672 0.416166
0.102076 0.458263 0.134804
0.354318 0.494672 0.412787
0.399149 0.637551 0.0963955
0.433586 0.895269 0.138515
0.050241 0.72493 0.142564
0.102602 0.0770529 0.0713883
0.440718 0.271538 0.451083
0.102602 0.387574 0.149333
0.131118 0.342082 0.137919
0.422962 0.226222 0.127241
0.117401 0.373521 0.172438
0.460245 0.730354 0.147333
0.421343 0.161998 0.451083
0.49048 0.454909 0.266802
0.088763 0.809157 0.141617
0.437124 0.535859 0.123933
0.433647 0.187565 0.451083
0.255522 0.961341 0.0784652
0.398586 0.494604 0.19302
0.448715 0.445116 0.130732
0.398472 0.710386 0.0931232
0.169679 0.894392 0.0721567
0.111736 0.431592 0.145347
0.43421 0.413892 0.451083
0.380149 0.570276 0.120819
0.490301 0.421449 0.500177
0.245323 0.449412 0.0682709
0.190838 0.834801 0.0888797
0.154666 0.482133 0.501302
0.39737 0.494672 0.327624
0.266233 0.494672 0.358478
0.334409 0.791863 0.075487
0.091954 0.379656 0.445663
0.43696 0.444364 0.124708
0.422962 0.0608387 0.0502564
0.273217 0.434738 0.104721
0.132196 0.10688 0.0956455
0.165714 0.481993 0.117993
0.0802258 0.153768 0.477441
0.138812 0.461121 0.110045
0.0307279 0.462637 0.421251
0.156648 0.456306 0.518327
0.291962 0.494672 0.413861
0.382065 0.487084 0.0964744
0.142384 0.149729 0.0834185
0.096452 0.489808 0.203881
0.422962 0.237153 0.126925
0.13657 0.494672 0.39617
0.435846 0.494418 0.382171
0.382334 0.0644973 0.0465893
0.342015 0.491094 0.119794
0.395456 0.428689 0.161692
0.130515 0.508104 0.101188
0.302175 0.459368 0.521025
0.333537 0.494672 0.41228
0.460328 0.734268 0.126942
0.474645 0.439478 0.213748
0.0352764 0.431925 0.495188
0.399626 0.759896 0.0953249
0.444666 0.493224 0.433962
0.444605 0.520979 0.143328
0.386784 0.291573 0.15494
0.413095 0.422788 0.451253
0.0750984 0.487574 0.250711
0.224212 0.969889 0.0685099
0.143237 0.257034 0.134507
0.143237 0.232012 0.138334
0.0783714 0.25546 0.460771
0.126416 0.771379 0.0977527
0.156118 0.445009 0.0900372
0.423417 0.438365 0.120043
0.233335 0.494672 0.300086
0.422586 0.494672 0.3642
0.502547 0.444742 0.469513
0.14448 0.43717 0.130756
0.112258 0.267328 0.46271
0.217447 0.443003 0.0937512
0.105948 0.38568 0.477441
0.43167 0.430981 0.122172
0.0292118 0.455658 0.377806
0.309087 0.97053 0.0838506
0.418541 0.451347 0.136684
0.121593 0.0742439 0.0477403
0.450625 0.434972 0.512022
0.172452 0.452939 0.113887
0.388781 0.771994 0.104474
0.302505 0.436167 0.0682709
0.0795753 0.437995 0.156411
0.360365 0.959348 0.0895454
0.176358 0.492684 0.131036
0.40252 0.20697 0.132388
0.144623 0.494672 0.361969
0.382334 0.134904 0.0921424
0.13695 0.478482 0.0999675
0.330443 0.494672 0.288488
0.4761 0.478031 0.264207
0.48482 0.470491 0.293053
0.13284 0.348039 0.139251
0.340181 0.898252 0.0942195
0.0871811 0.202672 0.445663
0.449127 0.491859 0.329638
0.435836 0.425607 0.132877
0.0988957 0.284369 0.477441
0.123012 0.160788 0.0880788
0.374878 0.42763 0.518263
0.425734 0.196886 0.451083
0.206507 0.91164 0.0896168
0.215007 0.494672 0.366018
0.0820264 0.769034 0.137812
0.101261 0.144628 0.477441
0.136954 0.156686 0.115356
0.272456 0.44317 0.0920761
0.301533 0.935035 0.0857849
0.112258 0.121601 0.47686
0.295509 0.461083 0.52033
0.422962 0.0775051 0.0503169
0.323859 0.494672 0.383682
0.356022 0.781671 0.0764743
0.112258 0.1575 0.47101
0.183787 0.433844 0.114128
0.387022 0.505835 0.0972902
0.123904 0.381172 0.145679
0.332435 0.443801 0.100275
0.385367 0.440884 0.113034
0.406658 0.318935 0.161056
0.0516744 0.710961 0.143079
0.112258 0.197292 0.466192
0.411306 0.412787 0.464216
0.20332 0.494672 0.376556
0.0749813 0.620569 0.126499
0.381773 0.432422 0.107744
0.0336531 0.457142 0.32134
0.115665 0.492631 0.188476
0.454541 0.819028 0.129829
0.411306 0.1396 0.467654
0.438436 0.439858 0.124352
0.268136 0.494672 0.194934
0.184952 0.812773 0.0986121
0.102602 0.379136 0.155919
0.174202 0.861391 0.072537
0.426364 0.208051 0.482861
0.310014 0.961055 0.0804254
0.106691 0.966281 0.119524
0.429324 0.504072 0.150179
0.13065 0.181988 0.124596
0.400842 0.447024 0.105777
0.0303289 0.463515 0.433696
0.414195 0.12904 0.451083
0.185513 0.894298 0.0684717
0.409045 0.954375 0.110181
0.0396265 0.447776 0.261933
0.161551 0.960801 0.088881
0.336352 0.805557 0.0743205
0.119161 0.226539 0.138489
0.445192 0.188573 0.47707
0.112258 0.358697 0.455352
0.470068 0.829137 0.144451
0.0747568 0.542804 0.130079
0.44001 0.424474 0.513674
0.413057 0.437124 0.517227
0.0820701 0.644668 0.153919
0.194412 0.887103 0.0794151
0.105391 0.494672 0.332014
0.354858 0.484669 0.115514
0.411306 0.173612 0.454979
0.428327 0.568069 0.147853
0.436601 0.654498 0.151144
0.395361 0.16943 0.0913437
0.102602 0.076437 0.0733431
0.440178 0.797699 0.148248
0.137304 0.494329 0.175729
0.0787849 0.234914 0.477441
0.468391 0.900302 0.126826
0.0783714 0.0677726 0.467215
0.276962 0.948724 0.0832906
0.0786251 0.794114 0.136408
0.0829922 0.0334161 0.465887
0.127037 0.483242 0.498871
0.0925536 0.691265 0.141322
0.0840367 0.103585 0.477441
0.390854 0.639397 0.0931346
0.045043 0.450821 0.504918
0.092007 0.468244 0.145074
0.105005 0.0632336 0.445663
0.108069 0.470239 0.124494
0.112258 0.138275 0.445718
0.350292 0.494672 0.278494
0.0697943 0.917133 0.13924
0.298775 0.49355 0.462241
0.192416 0.494672 0.228505
0.165166 0.972725 0.0927609
0.214265 0.909395 0.0887339
0.382334 0.341678 0.144957
0.276277 0.442705 0.0682709
0.341791 0.47665 0.510021
0.0897827 0.966294 0.106904
0.107732 0.311799 0.445663
0.109775 0.493741 0.222793
0.196784 0.488399 0.108376
0.377664 0.494672 0.319313
0.165012 0.786132 0.100802
0.335092 0.781338 0.0719699
0.0757723 0.491692 0.371343
0.331091 0.466895 0.516651
0.0656801 0.751187 0.128713
0.422962 0.316604 0.142708
0.396077 0.483252 0.124003
0.450559 0.484891 0.13032
0.433463 0.429258 0.150681
0.394885 0.486497 0.133338
0.316758 0.447674 0.519839
0.369547 0.432786 0.0950283
0.106426 0.24169 0.114299
0.380873 0.614383 0.1193
0.145964 0.494672 0.274184
0.444759 0.109322 0.451083
0.391289 0.245753 0.11559
0.27912 0.494672 0.358375
0.0806844 0.7873 0.137353
0.411306 0.401367 0.457759
0.270555 0.494629 0.453709
0.0895479 0.486656 0.194918
0.444515 0.422788 0.452628
0.10776 0.371811 0.477441
0.194224 0.494672 0.412989
0.157408 0.494672 0.432585
0.0596222 0.907461 0.126591
0.395405 0.964706 0.111466
0.376189 0.443443 0.518227
0.213562 0.961484 0.0826425
0.111555 0.105461 0.0647636
0.290914 0.916202 0.0765304
0.497581 0.461041 0.400004
0.387458 0.974587 0.0993659
0.112258 0.105079 0.449447
0.411306 0.1651 0.475051
0.445192 0.165869 0.465798
0.0989449 0.0348448 0.476067
0.0846362 0.86209 0.148548
0.34034 0.806014 0.0716986
0.356273 0.898235 0.0777507
0.215262 0.494672 0.136943
0.120729 0.694558 0.0973856
0.361355 0.49368 0.103843
0.0915081 0.848575 0.142549
0.382334 0.397111 0.157149
0.360812 0.95881 0.0871562
0.167408 0.903445 0.0762727
0.388774 0.494672 0.239069
0.462786 0.603144 0.134516
0.134575 0.494672 0.380522
0.112258 0.306052 0.452032
0.212902 0.494672 0.265203
0.426475 0.677966 0.141633
0.0327435 0.462159 0.383573
0.146202 0.96453 0.103285
0.289691 0.494672 0.251297
0.0847066 0.767731 0.152577
0.333241 0.489936 0.479799
0.343329 0.840563 0.0708352
0.106723 0.304012 0.477441
0.36516 0.475684 0.0963044
0.196827 0.896189 0.0771217
0.14026 0.725933 0.0882175
0.0718784 0.456216 0.169605
0.093735 0.490129 0.216679
0.227589 0.904966 0.0685168
0.350728 0.443718 0.0966338
0.126418 0.494672 0.273394
0.114489 0.441209 0.128927
0.192918 0.494672 0.373406
0.411306 0.224778 0.452779
0.446262 0.450937 0.128894
0.470785 0.902235 0.134349
0.339545 0.437791 0.113839
0.11134 0.269346 0.445663
0.364109 0.847955 0.0817557
0.0786491 0.492266 0.358007
0.172713 0.494457 0.453266
0.38236 0.213063 0.134288
0.106207 0.493443 0.453361
0.450377 0.821142 0.131969
0.0664927 0.64448 0.132059
0.143237 0.141254 0.105211
0.151755 0.611237 0.102975
0.46429 0.909704 0.122969
0.0274659 0.443129 0.407334
0.112258 0.301502 0.461175
0.256048 0.460579 0.520567
0.0475744 0.821972 0.143883
0.382334 0.0489143 0.0340687
0.194423 0.494672 0.257425
0.443239 0.102199 0.482861
0.0805041 0.490287 0.464723
0.279142 0.485383 0.49551
0.385081 0.974685 0.101698
0.502546 0.426686 0.422067
0.484029 0.427717 0.504934
0.382334 0.428047 0.159047
0.133334 0.28492 0.153452
0.349384 0.484395 0.496901
0.161552 0.895519 0.0741954
0.373172 0.80579 0.0971334
0.444813 0.0633035 0.482861
0.0693753 0.488983 0.32269
0.445192 0.0652375 0.455431
0.315069 0.484703 0.0915862
0.435176 0.17635 0.451083
0.242653 0.494672 0.419335
0.223162 0.494672 0.414746
0.445192 0.351409 0.464879
0.0369474 0.440848 0.285462
0.399513 0.494672 0.271177
0.156437 0.494672 0.200592
0.0917439 0.0452011 0.445663
0.214684 0.91446 0.0630871
0.28944 0.905007 0.0759562
0.396949 0.161946 0.117439
0.361444 0.494672 0.227294
0.439499 0.798076 0.147623
0.220535 0.492728 0.468705
0.422503 0.458786 0.517195
0.408815 0.403684 0.148514
0.41905 0.954087 0.102695
0.377228 0.506955 0.121389
0.0746669 0.840718 0.134632
0.213996 0.471077 0.515014
0.151576 0.494672 0.394791
0.107621 0.0892183 0.445663
0.476321 0.485125 0.43725
0.382334 0.0609293 0.0523306
0.338402 0.494672 0.26263
0.100179 0.493117 0.238806
0.450938 0.533981 0.1409
0.0876004 0.488221 0.215396
0.401457 0.494672 0.343016
0.0905286 0.489438 0.218915
0.0864269 0.492466 0.27341
0.489819 0.456513 0.273293
0.386851 0.530333 0.0961275
0.107536 0.0397077 0.472614
0.386861 0.279839 0.124007
0.187647 0.494672 0.363607
0.073223 0.551799 0.142818
0.0765525 0.675221 0.152774
0.158942 0.658604 0.112837
0.382542 0.23025 0.139648
0.439376 0.384642 0.451083
0.0300335 0.451824 0.363909
0.219082 0.443673 0.11037
0.486447 0.45684 0.251992
0.134331 0.349135 0.139496
0.431323 0.409671 0.482861
0.422962 0.121859 0.0949893
0.439912 0.888465 0.131777
0.412832 0.430156 0.155127
0.346755 0.494672 0.416031
0.149979 0.972712 0.0850897
0.35307 0.494672 0.439919
0.28395 0.494672 0.409765
0.374604 0.452829 0.0954875
0.0783714 0.340608 0.452433
0.0732018 0.445115 0.167337
0.370459 0.656926 0.113545
0.499808 0.449835 0.375763
0.089895 0.28679 0.445663
0.0831599 0.744151 0.137963
0.277553 0.494672 0.186176
0.0667996 0.432512 0.140468
0.354312 0.494672 0.20227
0.382334 0.20049 0.117561
0.39388 0.377084 0.172888
0.0783714 0.0631513 0.454685
0.445192 0.0528732 0.454287
0.331252 0.494672 0.181499
0.47804 0.484232 0.412855
0.390257 0.639474 0.113505
0.119298 0.677942 0.101528
0.396932 0.494672 0.40273
0.384555 0.182789 0.0955876
0.445192 0.270518 0.46138
0.443058 0.831185 0.135634
0.385364 0.749736 0.11147
0.145764 0.494672 0.196102
0.134368 0.964158 0.0944185
0.414996 0.439081 0.114722
0.118813 0.494672 0.443329
0.419285 0.25745 0.482861
0.317866 0.469612 0.0750544
0.0351071 0.469122 0.392038
0.333081 0.456026 0.519397
0.422917 0.430989 0.118236
0.0910978 0.430717 0.158736
0.26682 0.45231 0.520332
0.390989 0.494672 0.410788
0.226838 0.485383 0.089619
0.205677 0.968507 0.087718
0.139467 0.454177 0.517861
0.45856 0.586127 0.131734
0.0653747 0.707686 0.148556
0.416709 0.942998 0.124159
0.354054 0.890383 0.0874188
0.21653 0.934851 0.0642723
0.487945 0.475557 0.360422
0.0819632 0.0333463 0.453609
0.361971 0.49215 0.470263
0.432519 0.494577 0.345699
0.422962 0.0653391 0.0645733
0.419482 0.121005 0.0713143
0.150542 0.485896 0.491699
0.109795 0.483883 0.144736
0.138331 0.723167 0.116855
0.434694 0.429145 0.151321
0.423606 0.25465 0.451083
0.202393 0.494672 0.197713
0.0790443 0.716042 0.135108
0.106757 0.444126 0.516416
0.144375 0.485811 0.118009
0.441692 0.933526 0.110748
0.392347 0.383809 0.173734
0.193781 0.851643 0.0932351
0.379754 0.430508 0.093793
0.179656 0.443169 0.11427
0.11597 0.494033 0.209679
0.415719 0.149754 0.482861
0.426525 0.148104 0.451083
0.327543 0.878444 0.0914523
0.31484 0.484422 0.497775
0.113456 0.24556 0.144421
0.0730262 0.489884 0.318348
0.411306 0.128837 0.482814
0.088158 0.302879 0.445663
0.0653874 0.798477 0.151438
0.35188 0.491334 0.473762
0.445192 0.155846 0.470476
0.422318 0.467361 0.147975
0.407746 0.237633 0.113011
0.0752477 0.491142 0.345805
0.499046 0.452387 0.487933
0.392284 0.232456 0.111366
0.0565863 0.486074 0.390104
0.060693 0.484513 0.28258
0.0421731 0.473684 0.323483
0.366058 0.494672 0.306398
0.165335 0.843039 0.0909393
0.218236 0.905867 0.0732804
0.0975103 0.317397 0.477441
0.41399 0.494672 0.320548
0.325064 0.494672 0.402389
0.379322 0.494672 0.301429
0.251576 0.494672 0.248436
0.0853673 0.476294 0.146369
0.420422 0.0477781 0.0613464
0.294363 0.447448 0.0682709
0.466934 0.785001 0.130258
0.272318 0.494672 0.391921
0.281295 0.957139 0.0581458
0.102602 0.396631 0.159664
0.111084 0.494672 0.407921
0.095534 0.584064 0.151019
0.08769 0.394851 0.445663
0.397295 0.724023 0.0920753
0.374634 0.494672 0.448946
0.366353 0.807661 0.0903361
0.112258 0.412731 0.459638
0.102602 0.146614 0.097077
0.418062 0.494672 0.419835
0.255007 0.494672 0.216862
0.435133 0.940947 0.109079
0.143237 0.128832 0.0940982
0.370599 0.494672 0.325427
0.255151 0.494672 0.372918
0.378089 0.505597 0.120462
0.261363 0.434818 0.106621
0.123918 0.230785 0.110834
0.498557 0.423994 0.354774
0.445929 0.492779 0.342413
0.475167 0.819255 0.142274
0.26511 0.493053 0.114538
0.161825 0.867244 0.0835468
0.415536 0.485767 0.149579
0.197088 0.43826 0.111503
0.156524 0.584643 0.116983
0.474468 0.837221 0.142447
0.102602 0.132431 0.104022
0.411306 0.342448 0.451776
0.0356858 0.464215 0.349118
0.125113 0.435261 0.110425
0.0783714 0.314709 0.455516
0.382334 0.0795678 0.0766147
0.501917 0.449771 0.411429
0.474507 0.477555 0.256886
0.429777 0.47156 0.150464
0.141722 0.698572 0.0894358
0.307482 0.906483 0.0628
0.13763 0.700067 0.090318
0.266583 0.483439 0.0847116
0.135926 0.459534 0.106779
0.129758 0.78929 0.0930249
0.0682152 0.861875 0.129593
0.0783714 0.24114 0.468884
0.122627 0.494672 0.353951
0.411306 0.313527 0.480646
0.0939938 0.427784 0.445663
0.173652 0.45559 0.11593
0.141649 0.50697 0.116676
0.397072 0.494672 0.310533
0.106833 0.336311 0.477441
0.143237 0.0950196 0.0878748
0.372626 0.671931 0.100499
0.254996 0.960793 0.06753
0.34557 0.494672 0.147936
0.408746 0.135727 0.0775184
0.396278 0.167746 0.0908089
0.0783714 0.401505 0.469443
0.141711 0.181462 0.124432
0.395991 0.265048 0.149011
0.409757 0.440366 0.120021
0.175044 0.863762 0.0990483
0.248796 0.494672 0.390712
0.433081 0.0362172 0.451083
0.411306 0.210791 0.462814
0.433911 0.319029 0.451083
0.0783714 0.0760002 0.455717
0.254718 0.494672 0.145789
0.0869768 0.489886 0.123589
0.401172 0.957305 0.108797
0.0449788 0.456236 0.504903
0.296121 0.928063 0.0807664
0.112258 0.238057 0.47218
0.348169 0.898409 0.0695426
0.0889355 0.584165 0.132539
0.411306 0.095423 0.479126
0.371294 0.593627 0.101145
0.0304753 0.437063 0.356437
0.377022 0.742321 0.112433
0.289545 0.494672 0.283866
0.0655874 0.483327 0.487544
0.445192 0.184083 0.45747
0.393786 0.389104 0.174401
0.474776 0.44689 0.507093
0.197931 0.477664 0.508887
0.0726015 0.684623 0.151231
0.399362 0.195881 0.12893
0.21577 0.494672 0.141376
0.0874451 0.954936 0.124316
0.429023 0.713117 0.141267
0.0551439 0.776787 0.136163
0.393662 0.586181 0.0964878
0.19594 0.492561 0.469397
0.283229 0.494672 0.167678
0.414201 0.418125 0.150332
0.408524 0.494672 0.398949
0.449882 0.482433 0.492283
0.0718065 0.865246 0.131116
0.0969685 0.538374 0.151465
0.315341 0.97059 0.0852779
0.026315 0.43967 0.426799
0.162191 0.860738 0.0756798
0.169009 0.864142 0.0943705
0.084409 0.357574 0.445663
0.141745 0.702415 0.117923
0.422962 0.371094 0.167246
0.112258 0.10988 0.464533
0.382334 0.428548 0.152446
0.103546 0.238905 0.113415
0.12105 0.583036 0.102757
0.408601 0.246755 0.115909
0.169585 0.494672 0.308581
0.385737 0.650816 0.117615
0.0767795 0.86411 0.133728
0.328161 0.940075 0.0641232
0.484253 0.424263 0.244884
0.382334 0.395157 0.160097
0.0903446 0.706956 0.140984
0.239707 0.494672 0.347115
0.35925 0.494672 0.18802
0.0748038 0.48345 0.214598
0.0301264 0.461472 0.467688
0.498922 0.427026 0.360777
0.383624 0.494672 0.368109
0.0773854 0.806497 0.135933
0.112258 0.208024 0.466749
0.129866 0.788739 0.0934239
0.471122 0.484938 0.33441
0.112258 0.107599 0.460045
0.0903577 0.807879 0.145438
0.257841 0.494672 0.427951
0.0946329 0.198906 0.445663
0.409146 0.438907 0.11023
0.438835 0.130313 0.451083
0.143237 0.102166 0.0742641
0.0262375 0.433261 0.42811
0.295493 0.494672 0.149128
0.269121 0.494672 0.207731
0.120087 0.492839 0.183835
0.438893 0.450714 0.138118
0.406795 0.494672 0.345327
0.191387 0.79895 0.0976192
0.39154 0.551802 0.0970384
0.120945 0.119318 0.0706032
0.354027 0.443648 0.0947456
0.370236 0.494672 0.448467
0.214951 0.906242 0.075814
0.448644 0.92749 0.110969
0.201599 0.932048 0.0642186
0.411306 0.180739 0.476788
0.3117 0.443531 0.0962856
0.180523 0.494672 0.41111
0.102602 0.0469892 0.0407778
0.035209 0.429814 0.304395
0.358849 0.520381 0.110613
0.118402 0.490625 0.168861
0.0764232 0.845832 0.154821
0.2073 0.494664 0.452522
0.333251 0.468685 0.0821163
0.503437 0.450099 0.43714
0.386066 0.544983 0.0952626
0.411306 0.0948462 0.463495
0.470268 0.686348 0.137398
0.0868139 0.32444 0.445663
0.0749513 0.892435 0.148712
0.143237 0.174634 0.122243
0.357795 0.489589 0.121362
0.443219 0.912436 0.122633
0.305155 0.492841 0.114709
0.0361851 0.457154 0.293764
0.422847 0.0797696 0.451083
0.445192 0.367375 0.476711
0.382334 0.204744 0.122585
0.140275 0.48497 0.0985351
0.102602 0.11517 0.0868558
0.301319 0.459454 0.0676153
0.459007 0.429585 0.138518
0.422962 0.248135 0.137402
0.421852 0.513492 0.145868
0.417767 0.049487 0.0314958
0.124398 0.494672 0.287375
0.143237 0.207269 0.123972
0.411384 0.417417 0.177966
0.0783714 0.074708 0.463488
0.192433 0.494672 0.433755
0.122298 0.432967 0.112732
0.123503 0.494545 0.20292
0.26744 0.494672 0.130172
0.105863 0.448768 0.138848
0.143686 0.473508 0.103943
0.468002 0.64045 0.137323
0.118635 0.43663 0.111997
0.452825 0.451623 0.13328
0.396446 0.595453 0.0971646
0.0869492 0.444154 0.151578
0.254435 0.436416 0.110328
0.0783714 0.393975 0.445935
0.256705 0.457562 0.0682709
0.326641 0.97036 0.0797951
0.430164 0.587917 0.132694
0.437947 0.0294651 0.457831
0.112258 0.162107 0.460429
0.143631 0.806659 0.0958682
0.382334 0.156003 0.108379
0.184477 0.49312 0.130056
0.430373 0.963858 0.0974211
0.399292 0.539321 0.100418
0.261135 0.491893 0.47323
0.411306 0.0517458 0.482723
0.0710629 0.450834 0.141846
0.4354 0.96172 0.1086
0.411306 0.0898332 0.477991
0.0785706 0.766756 0.136007
0.186541 0.969756 0.0654275
0.434111 0.823109 0.141704
0.147848 0.671512 0.0972778
0.422962 0.127129 0.0918541
0.244191 0.494672 0.291936
0.419924 0.450297 0.135861
0.128905 0.182333 0.0954418
0.10592 0.430891 0.447891
0.372018 0.478976 0.505861
0.445192 0.165683 0.463903
0.174573 0.859202 0.0993808
0.371454 0.786276 0.0802454
0.411306 0.258372 0.46989
0.464946 0.765312 0.129335
0.4771 0.481121 0.318329
0.438499 0.704853 0.150629
0.39539 0.462472 0.104418
0.244383 0.494672 0.17048
0.177672 0.903531 0.0926956
0.118645 0.110409 0.0668488
0.20465 0.494672 0.347791
0.502272 0.431951 0.417426
0.291394 0.475591 0.512781
0.284596 0.434009 0.0873367
0.389952 0.622167 0.114177
0.400952 0.354491 0.169004
0.122561 0.972293 0.11574
0.434229 0.445597 0.130121
0.0691398 0.481733 0.13724
0.422962 0.226197 0.11055
0.449615 0.430097 0.156501
0.34477 0.494672 0.150395
0.430831 0.48016 0.499379
0.472102 0.447076 0.507717
0.322755 0.494672 0.224109
0.158271 0.829178 0.0803683
0.415359 0.242433 0.143447
0.408992 0.308752 0.15878
0.255663 0.48003 0.0802058
0.425477 0.23427 0.482861
0.0745881 0.493442 0.139737
0.133334 0.0400317 0.0328827
0.199735 0.49225 0.470792
0.422962 0.243199 0.138558
0.445192 0.314722 0.45451
0.313897 0.946314 0.0871936
0.160084 0.494672 0.244149
0.285139 0.494672 0.28423
0.418451 0.222682 0.482861
0.190504 0.494672 0.336629
0.198652 0.474442 0.512901
0.439256 0.326436 0.451083
0.0783714 0.108223 0.466553
0.240511 0.949701 0.073552
0.121043 0.182819 0.124856
0.335061 0.937752 0.0714642
0.352777 0.44372 0.518862
0.0783714 0.159997 0.46593
0.291749 0.953107 0.0600505
0.349466 0.494672 0.222623
0.0860477 0.466967 0.147134
0.421374 0.0509835 0.0327593
0.388742 0.317138 0.160655
0.310202 0.906933 0.0766101
0.17881 0.490439 0.120056
0.0901178 0.716747 0.149682
0.411194 0.494672 0.402267
0.112258 0.393027 0.461347
0.378674 0.748378 0.0849871
0.193584 0.494672 0.178178
0.0557488 0.643893 0.140853
0.112258 0.0847004 0.453281
0.143237 0.220593 0.113277
0.370298 0.493888 0.152007
0.102602 0.139231 0.0839713
0.411306 0.360453 0.467476
0.206523 0.948062 0.0676638
0.0756933 0.429339 0.138765
0.391519 0.047886 0.0614311
0.162411 0.494672 0.258764
0.431683 0.36712 0.451083
0.445725 0.608094 0.148639
0.408022 0.324435 0.162286
0.305258 0.457482 0.0682709
0.0783714 0.312576 0.476773
0.148759 0.566992 0.0959468
0.444959 0.47518 0.166581
0.226465 0.465277 0.069963
0.313578 0.937448 0.0619276
