0.256704 0.233809 0.390405
0.0616872 0.20994 0.294744
0.351327 0.88715 0.0384672
0.127384 0.433686 0.481089
0.225213 0.974474 0.0450783
0.478615 0.383484 0.36298
0.432333 0.466322 0.420813
0.099839 0.958621 0.0282257
0.0851019 0.148437 0.0668807
0.0839816 0.206238 0.383004
0.382188 0.9667 0.0269013
0.0697465 0.158646 0.0809568
0.268898 0.463782 0.189021
0.154993 0.422695 0.144823
0.128997 0.465294 0.0439681
0.0532182 0.109232 0.401366
0.432952 0.581495 0.0813808
0.234222 0.463969 0.0375198
0.195054 0.953174 0.0756507
0.0985206 0.231099 0.372156
0.0971988 0.422654 0.215119
0.0851175 0.441773 0.0486003
0.476195 0.665566 0.0946424
0.373626 0.906816 0.035834
0.262991 0.452523 0.485074
0.432952 0.2459 0.0712766
0.489589 0.873102 0.0780127
0.0765464 0.422794 0.226645
0.455458 0.395775 0.401366
0.479914 0.0383359 0.0392795
0.0387247 0.425604 0.207059
0.437665 0.461436 0.041307
0.443811 0.231006 0.374938
0.117672 0.46587 0.312448
0.380915 0.462233 0.0964033
0.101311 0.816977 0.0917482
0.0374135 0.0489404 0.380283
0.133426 0.422884 0.153207
0.267263 0.464164 0.297322
0.354882 0.442677 0.0343809
0.344873 0.837527 0.0900982
0.0851163 0.0955097 0.0342539
0.479914 0.678795 0.0671432
0.0693566 0.466322 0.312189
0.227997 0.466242 0.442023
0.484248 0.437296 0.422465
0.0625798 0.961237 0.0643344
0.450374 0.11735 0.353631
0.382393 0.419705 0.144675
0.261859 0.419675 0.356047
0.265752 0.438855 0.0738386
0.438603 0.319017 0.353631
0.466216 0.220479 0.0380534
0.473202 0.301493 0.0429327
0.124459 0.420615 0.362318
0.364172 0.420846 0.0657219
0.432952 0.52989 0.0839419
0.259204 0.974455 0.0594844
0.175306 0.821631 0.0817827
0.378766 0.960857 0.0743438
0.399177 0.420877 0.0343809
0.0686378 0.233809 0.134664
0.432024 0.107545 0.380427
0.310247 0.924577 0.0798522
0.479914 0.793216 0.0701625
0.124881 0.957456 0.0749619
0.428374 0.419675 0.426179
0.0621461 0.246129 0.0397667
0.478615 0.276959 0.362232
0.478615 0.150388 0.386057
0.466299 0.411566 0.0927879
0.432952 0.788481 0.0643379
0.0442908 0.347629 0.401366
0.168824 0.464873 0.0914832
0.286226 0.97418 0.0429782
0.132521 0.878712 0.0393577
0.154333 0.814168 0.0588707
0.454222 0.801721 0.0457042
0.072357 0.223575 0.328867
0.432952 0.524913 0.094704
0.192763 0.464643 0.133908
0.237205 0.464891 0.350967
0.441097 0.311255 0.353631
0.136014 0.808113 0.0774581
0.154333 0.622273 0.0780684
0.432952 0.627923 0.0569519
0.0381332 0.055311 0.0731821
0.0687764 0.466322 0.389498
0.0781974 0.20994 0.392818
0.44356 0.205727 0.0370653
0.0381361 0.70443 0.0873232
0.036609 0.429968 0.226983
0.166638 0.589246 0.059989
0.0690094 0.233019 0.353631
0.306349 0.466166 0.422449
0.466805 0.232802 0.185734
0.0658692 0.306708 0.401366
0.432024 0.416145 0.391516
0.265752 0.469031 0.0729207
0.342639 0.821404 0.0623921
0.392727 0.822858 0.091276
0.161666 0.465097 0.17457
0.364534 0.419816 0.155517
0.432389 0.398596 0.353631
0.262799 0.463796 0.150624
0.0455195 0.0960366 0.353631
0.234083 0.464019 0.0669696
0.0591874 0.422727 0.229577
0.479914 0.7933 0.0647375
0.0779899 0.731648 0.0467221
0.41447 0.464792 0.311497
0.464433 0.858911 0.0879497
0.0807993 0.153605 0.401366
0.299842 0.92431 0.0798705
0.478615 0.293937 0.36454
0.350784 0.419675 0.227561
0.432024 0.338387 0.355013
0.177814 0.689423 0.0622121
0.0381331 0.606363 0.0947999
0.443509 0.227161 0.213918
0.240316 0.463962 0.0801686
0.445529 0.133189 0.401366
0.0381484 0.643483 0.0633004
0.443509 0.231135 0.301946
0.432024 0.203227 0.39821
0.360587 0.420245 0.122518
0.0444481 0.374646 0.401366
0.17042 0.421811 0.204574
0.205327 0.80785 0.0624135
0.0773713 0.815727 0.0453731
0.419507 0.233809 0.381531
0.299727 0.810984 0.045754
0.168388 0.422238 0.169476
0.479914 0.263809 0.0431637
0.0881429 0.847825 0.0426175
0.462229 0.608746 0.0485077
0.479914 0.519774 0.0867659
0.441401 0.259889 0.0406848
0.0851137 0.454617 0.056639
0.432024 0.0819142 0.366175
0.318191 0.462947 0.0534078
0.0719737 0.58054 0.0489175
0.200103 0.889821 0.0846576
0.435107 0.0358947 0.0257145
0.0627388 0.0471653 0.353631
0.443509 0.223915 0.365983
0.432024 0.269318 0.356719
0.0972539 0.466314 0.429346
0.360697 0.835769 0.0902393
0.038136 0.198812 0.0772123
0.454305 0.462857 0.17618
0.470172 0.720363 0.0468874
0.432024 0.322283 0.360724
0.451117 0.465355 0.341973
0.331058 0.53252 0.0599537
0.439758 0.0778141 0.0755374
0.085116 0.467775 0.0523927
0.452075 0.738663 0.0466198
0.0572965 0.57438 0.0959644
0.340319 0.419675 0.201075
0.29989 0.420144 0.201304
0.177814 0.622965 0.0769595
0.472661 0.814893 0.04544
0.177814 0.637147 0.0664007
0.172682 0.706168 0.0826196
0.256159 0.463807 0.106374
0.177814 0.60855 0.0830014
0.449334 0.857018 0.0416473
0.175418 0.464945 0.186862
0.479914 0.555973 0.062611
0.0540615 0.42175 0.427396
0.14933 0.211434 0.395447
0.0851072 0.659957 0.0706802
0.244282 0.421952 0.106989
0.295127 0.956258 0.0751511
0.0644544 0.496169 0.0480348
0.420723 0.80833 0.0899374
0.478615 0.37006 0.395811
0.0374135 0.271282 0.401084
0.279063 0.848981 0.0889979
0.479914 0.74371 0.0893054
0.213512 0.464407 0.14819
0.0850982 0.492203 0.0889476
0.107181 0.423161 0.159199
0.271318 0.419921 0.253838
0.115972 0.419675 0.464873
0.327904 0.877698 0.0394648
0.0383788 0.466401 0.0942219
0.0538296 0.347251 0.401366
0.0762518 0.41839 0.372855
0.0381478 0.0579481 0.0438913
0.206955 0.464369 0.0742519
0.111775 0.465793 0.219385
0.0693797 0.132746 0.03219
0.479262 0.464435 0.275931
0.457596 0.419675 0.262668
0.0374774 0.428177 0.0630479
0.462474 0.248735 0.086994
0.432952 0.119591 0.0637485
0.124091 0.465497 0.131776
0.455786 0.139904 0.0326676
0.327077 0.934454 0.0320735
0.401721 0.419675 0.208939
0.151673 0.217225 0.372156
0.479914 0.569829 0.0711825
0.46047 0.945122 0.0770006
0.155974 0.59833 0.0834021
0.463338 0.80773 0.0555299
0.0720555 0.233809 0.163421
0.462429 0.20994 0.257445
0.0417259 0.463139 0.389445
0.0851116 0.266321 0.055145
0.106614 0.465964 0.285576
0.478615 0.388743 0.367897
0.069577 0.453233 0.0469098
0.432952 0.449552 0.0913456
0.0415028 0.343968 0.401366
0.316631 0.463224 0.212232
0.177814 0.760246 0.0667899
0.194124 0.464527 0.0729424
0.472819 0.138988 0.353631
0.0399751 0.425294 0.0476039
0.143571 0.420836 0.32098
0.0892796 0.969542 0.0556678
0.060372 0.20994 0.196905
0.432952 0.79501 0.0887328
0.150906 0.421921 0.217386
0.0340832 0.836588 0.0875742
0.450071 0.808884 0.0895679
0.0340648 0.438888 0.303198
0.353714 0.657168 0.0749199
0.443509 0.226875 0.233607
0.10656 0.430972 0.0343809
0.0850972 0.0909549 0.0725117
0.186713 0.4651 0.369585
0.459998 0.563301 0.0961261
0.313391 0.463078 0.0976173
0.352348 0.501851 0.0831939
0.311361 0.463314 0.227464
0.207273 0.422076 0.138823
0.29856 0.42362 0.476189
0.148527 0.233809 0.394954
0.21052 0.420508 0.272486
0.225823 0.807839 0.0617669
0.330736 0.807871 0.063629
0.0682365 0.079571 0.401366
0.471179 0.807876 0.0607221
0.283854 0.462338 0.476291
0.345149 0.637464 0.059639
0.0839816 0.264577 0.367402
0.0750443 0.750206 0.0464521
0.0422877 0.722692 0.0938088
0.0431887 0.425307 0.0461751
0.479914 0.534888 0.0924057
0.137556 0.974029 0.0419043
0.284513 0.463604 0.199512
0.0618919 0.466248 0.116245
0.326321 0.900513 0.0366804
0.199045 0.464763 0.256562
0.474066 0.715981 0.0939099
0.128695 0.465574 0.214927
0.38853 0.419675 0.371316
0.0839816 0.140884 0.384829
0.479914 0.0448978 0.0362808
0.479914 0.0558345 0.0451467
0.0754867 0.807968 0.0633777
0.32929 0.462845 0.0758797
0.278355 0.808187 0.0817398
0.22404 0.419675 0.443983
0.217863 0.464289 0.108691
0.359542 0.462458 0.0701804
0.479914 0.593772 0.0932838
0.406548 0.466322 0.448146
0.197575 0.466322 0.466403
0.154298 0.465196 0.178587
0.0381538 0.126072 0.036111
0.286487 0.461656 0.477254
0.34935 0.621947 0.0832306
0.0767754 0.411363 0.0458129
0.430211 0.866845 0.0871122
0.432024 0.047228 0.377186
0.218983 0.453887 0.0343809
0.283507 0.464715 0.330728
0.038134 0.785787 0.0904467
0.0913641 0.466212 0.320792
0.102942 0.420509 0.396409
0.038146 0.233961 0.0592942
0.469361 0.465402 0.341689
0.0839816 0.253679 0.363566
0.369361 0.943286 0.0770656
0.199217 0.422164 0.140421
0.432952 0.631352 0.0599549
0.246365 0.419675 0.449966
0.171444 0.423166 0.0846051
0.432024 0.0654301 0.373562
0.479914 0.412611 0.0504573
0.432024 0.259539 0.378573
0.428611 0.461581 0.0613908
0.2782 0.835796 0.0902372
0.0851136 0.274081 0.0515006
0.0269727 0.893401 0.050444
0.0374135 0.247113 0.372255
0.160927 0.518224 0.0598398
0.265271 0.46565 0.395906
0.367048 0.46602 0.401497
0.072357 0.217482 0.219878
0.119629 0.422038 0.24323
0.458313 0.466227 0.398282
0.0465542 0.0906885 0.0764003
0.389358 0.461764 0.477102
0.308846 0.419675 0.274475
0.0936157 0.466295 0.389747
0.455269 0.783438 0.0929283
0.0395438 0.835582 0.0437784
0.275793 0.46348 0.0560337
0.0398362 0.379299 0.0449687
0.350992 0.669907 0.0594042
0.0386435 0.841374 0.0432984
0.464016 0.0983965 0.0769191
0.460996 0.20994 0.288322
0.361342 0.462502 0.111625
0.0470536 0.424275 0.119185
0.432952 0.308602 0.0572692
0.061486 0.670706 0.0945657
0.0851074 0.382614 0.0674626
0.466805 0.213483 0.163954
0.333659 0.419675 0.451379
0.117088 0.465757 0.238134
0.192877 0.943096 0.0771504
0.131857 0.808352 0.0911556
0.323217 0.419675 0.336124
0.432024 0.409098 0.379985
0.0576759 0.419453 0.0460231
0.365502 0.466065 0.404809
0.0634303 0.900224 0.0367192
0.0381425 0.805625 0.0729579
0.448993 0.419675 0.430891
0.376546 0.22128 0.395447
0.432952 0.228191 0.0462587
0.116812 0.46556 0.114296
0.44931 0.0251291 0.0426106
0.445433 0.197496 0.353631
0.122802 0.946314 0.0302431
0.360615 0.419675 0.436649
0.128922 0.216462 0.372156
0.44594 0.476112 0.0475078
0.0652059 0.466322 0.25037
0.475685 0.52969 0.0489152
0.0414306 0.942634 0.0751429
0.0737057 0.466322 0.4078
0.155872 0.478327 0.0830044
0.451206 0.354085 0.353631
0.325117 0.426245 0.479869
0.353714 0.686441 0.0679411
0.415479 0.461756 0.0682087
0.123159 0.465982 0.424089
0.0652198 0.20994 0.182802
0.436135 0.419675 0.421629
0.0374135 0.403604 0.355318
0.105162 0.466202 0.421087
0.0850961 0.66859 0.0930201
0.441482 0.109514 0.401366
0.432952 0.306825 0.0540701
0.0374135 0.0797729 0.35749
0.384543 0.821679 0.0913706
 0.139 0.911957 0.0351437
0.121654 0.826933 0.0909488
0.0985907 0.838715 0.0900028
0.313946 0.457479 0.48316
0.0695139 0.466322 0.397751
0.142306 0.423863 0.057158
0.0799624 0.806833 0.0925905
0.0381526 0.0552028 0.0339479
0.24537 0.496032 0.0596618
0.466805 0.229457 0.34309
0.116444 0.860131 0.0878209
0.379012 0.419675 0.270147
0.443204 0.10915 0.401366
0.162563 0.440933 0.486744
0.474973 0.157841 0.401366
0.24607 0.443432 0.487083
0.0506331 0.420362 0.364689
0.476507 0.129646 0.401366
0.465487 0.419675 0.436203
0.153373 0.423532 0.0733738
0.474216 0.531892 0.0489728
0.0490613 0.214263 0.209236
0.295099 0.463486 0.208135
0.171893 0.728911 0.0589746
0.478615 0.289553 0.367357
0.0760039 0.641578 0.0480309
0.334412 0.836657 0.090168
0.30782 0.904988 0.0826207
0.0851009 0.49571 0.0836062
0.0413085 0.918663 0.0807751
0.38359 0.464135 0.273812
0.282311 0.419675 0.284442
0.479914 0.779082 0.0715633
0.479914 0.246717 0.0724582
0.0343785 0.436705 0.0838679
0.0839816 0.400002 0.364912
0.0652612 0.26006 0.0877528
0.38491 0.829188 0.0907678
0.388504 0.462128 0.0895409
0.463509 0.920605 0.0339825
0.0737954 0.196426 0.353631
0.432024 0.0625984 0.397582
0.432952 0.490777 0.086072
0.0980055 0.465773 0.101283
0.374375 0.464135 0.275537
0.463245 0.102618 0.401366
0.0504275 0.233809 0.27248
0.164357 0.676436 0.0593547
0.0542397 0.189106 0.0829967
0.159765 0.464943 0.0649107
0.427603 0.419675 0.179088
0.0929855 0.422096 0.268824
0.376254 0.419675 0.244606
0.081183 0.466302  0.298
0.439193 0.482487 0.0476742
0.062432 0.744391 0.0465359
0.174407 0.942401 0.0772856
0.441276 0.328128 0.0905986
0.443509 0.211713 0.296829
0.44764 0.23012 0.381562
0.267862 0.42007 0.244774
0.48675 0.931547 0.0373787
0.171833 0.777344 0.0586226
0.321002 0.419675 0.469674
0.0381403 0.0346683 0.0574181
0.433287 0.761914 0.0932388
0.329533 0.419675 0.252097
0.159056 0.513958 0.0832901
0.432952 0.0688084 0.0438722
0.0423668 0.808431 0.0766046
0.0740661 0.419749 0.431499
0.330233 0.4671 0.0647469
0.473553 0.46013 0.434853
0.335564 0.512734 0.0832803
0.464386 0.807987 0.0639196
0.432024 0.291107 0.386073
0.463331 0.463976 0.248488
0.479914 0.265603 0.0670895
0.477013 0.92268 0.0802445
0.215428 0.921915 0.0800332
0.479409 0.871675 0.0866023
0.200616 0.807884 0.0643553
0.272184 0.463811 0.474208
0.478615 0.323503 0.375152
0.0374135 0.152099 0.378836
0.0336405 0.868294 0.0434661
0.0672194 0.773033 0.0461202
0.0570791 0.334503 0.401366
0.0839816 0.192767 0.374324
0.0835592 0.465886 0.0592933
0.313148 0.420861 0.123199
0.432952 0.0536835 0.0521909
0.481405 0.461288 0.415784
0.326419 0.419675 0.221765
0.353714 0.527254 0.0807916
0.0341204 0.447642 0.0468324
0.453535 0.464107 0.258997
0.201116 0.419675 0.454989
0.242271 0.576257 0.075773
0.445918 0.419675 0.137782
0.11741 0.466023 0.404887
0.316374 0.453557 0.0343809
0.445836 0.381596 0.401366
0.438883 0.462959 0.185789
0.472988 0.672453 0.0475835
0.478615 0.208717 0.365777
0.0851027 0.108069 0.0625923
0.154333 0.543145 0.0784156
0.285194 0.419675 0.28004
0.249745 0.419675 0.357738
0.353714 0.51708 0.0752058
0.16456 0.465116 0.208476
0.363551 0.433603 0.485099
0.0774904 0.310064 0.353631
0.441612 0.151009 0.353631
0.155915 0.419991 0.380775
0.44241 0.589973 0.095737
0.478615 0.18617 0.39035
0.444835 0.558509 0.0492356
0.0381359 0.145531 0.0737753
0.0629947 0.421107 0.0460669
0.432952 0.271283 0.065451
0.478615 0.0616116 0.399254
0.445701 0.899938 0.0367577
0.162387 0.85312 0.0420587
0.157294 0.755477 0.0822595
0.465352 0.0684627 0.0749132
0.457082 0.399644 0.0455042
0.0657783 0.958182 0.0749066
0.0344741 0.450144 0.208413
0.427931 0.419675 0.38117
0.154144 0.465946 0.43615
0.448519 0.202931 0.401366
0.286287 0.463584 0.200748
0.468338 0.432799 0.0463745
0.3766 0.463793 0.252513
0.0818281 0.438176 0.0465163
0.106498 0.465826 0.199586
0.0534654 0.163883 0.0342694
0.0374135 0.0790561 0.362334
0.127577 0.870918 0.0866823
0.165274 0.939557 0.0776882
0.475478 0.808221 0.0836519
0.432024 0.348329 0.361783
0.0531932 0.808287 0.072494
0.375636 0.419675 0.36289
0.274472 0.937936 0.0315434
0.479914 0.252268 0.0780529
0.432024 0.0658408 0.3846
0.0724557 0.606317 0.095502
0.0952176 0.957051 0.0284829
0.419444 0.461829 0.114707
0.456068 0.824061 0.0911794
0.0802084 0.395163 0.0453885
0.439161 0.324447 0.0905019
0.423357 0.815913 0.0453581
0.399503 0.462134 0.138516
0.460629 0.0664609 0.353631
0.0367312 0.456379 0.266399
0.0374135 0.055826 0.35669
0.266136 0.431818 0.484698
0.0258342 0.906979 0.0637671
0.0805539 0.808608 0.0459448
0.287143 0.938272 0.0776361
0.265752 0.627813 0.0619893
0.236549 0.93669 0.0779116
0.317412 0.419675 0.231464
0.479914 0.429999 0.0644052
0.304129 0.463436 0.242344
0.432952 0.341692 0.061805
0.330995 0.462892 0.118328
0.0639863 0.615724 0.0484054
0.456297 0.301974 0.0899146
0.0381381 0.741298 0.0828441
0.336685 0.875626 0.0861852
0.189799 0.851454 0.0422345
0.0849112 0.570926 0.0490585
0.340662 0.97407 0.0631232
0.455103 0.419838 0.0491617
0.206086 0.464464 0.125854
0.478596 0.546299 0.0963205
0.466805 0.210008 0.304632
0.479914 0.406585 0.0618759
0.224361 0.422763 0.0589041
0.165825 0.420737 0.303985
0.382721 0.41996 0.121976
0.332936 0.20994 0.3838
0.432952 0.761958 0.0613777
0.0839816 0.207466 0.362828
0.209836 0.419675 0.356156
0.266811 0.861094 0.0412171
0.341202 0.733808 0.0589381
0.252528 0.853279 0.0885443
0.445186 0.715482 0.0939143
0.317362 0.212664 0.372156
0.346384 0.46338 0.230798
0.433743 0.60037 0.0486265
0.155125 0.422218 0.186542
0.478074 0.154605 0.0806873
0.473103 0.0560766 0.0740839
0.040429 0.0545123 0.353631
0.241612 0.422783 0.0372414
0.432024 0.0421372 0.382452
0.077722 0.436192 0.0464638
0.0758894 0.0456861 0.0263724
0.056025 0.246435 0.0868388
0.0449556 0.771202 0.0461456
0.488457 0.458511 0.371283
0.0347811 0.452317 0.373146
0.0826715 0.420509 0.39534
0.238943 0.419675 0.31373
0.0839816 0.416571 0.359546
0.353714 0.439512 0.0633577
0.0381412 0.159981 0.0640468
0.0530749 0.642671 0.0480128
0.0825846 0.466192 0.240847
0.330233 0.742141 0.0697122
0.108315 0.420192 0.418014
0.180567 0.818074 0.0451845
0.0669761 0.438795 0.046531
0.0851064 0.108588 0.0549993
0.289101 0.464055 0.286032
0.101445 0.421671 0.296358
0.0440976 0.420799 0.364588
0.134324 0.465408 0.155797
0.0381408 0.372758 0.0756697
0.454495 0.233809 0.340099
0.0682352 0.233809 0.206868
0.474175 0.946644 0.0725024
0.0765753 0.824377 0.091154
0.0684722 0.275304 0.0887747
0.432952 0.276204 0.0427444
0.347812 0.448563 0.0592831
0.246772 0.421655 0.1302
0.283109 0.898405 0.0369635
0.201741 0.85321 0.0420492
0.216485 0.867196 0.0870751
0.0696018 0.0644538 0.401366
0.479914 0.419996 0.0615379
0.04815 0.407686 0.401366
0.135928 0.422114 0.217767
0.432952 0.114106 0.0319967
0.491742 0.435296 0.0737941
0.353714 0.702656 0.0771347
0.432952 0.654793 0.0850098
0.446106 0.0379524 0.353631
0.245792 0.464184 0.259497
0.0263993 0.927692 0.0636082
0.238782 0.46399 0.0855264
0.468335 0.461567 0.0883025
0.0708758 0.466293 0.21318
0.465188 0.321468 0.401366
0.0851048 0.416285 0.073632
0.218895 0.845528 0.0893625
0.0850993 0.805489 0.0845509
0.104175 0.421635 0.29639
0.0339477 0.439703 0.17146
0.457923 0.559415 0.0492237
0.42961 0.465987 0.387732
0.109163 0.466056 0.36173
0.0942235 0.465762 0.065109
0.154346 0.470625 0.0829426
0.477208 0.909101 0.0820683
0.0624789 0.367164 0.0446528
0.453249 0.46241 0.146796
0.0805778 0.316284 0.401366
0.490804 0.453889 0.384172
0.0381422 0.151154 0.0613323
0.0831822 0.483832 0.0946832
0.479914 0.492474 0.0737077
0.229048 0.421747 0.142509
0.432024 0.372924 0.376028
0.466805 0.216671 0.118901
0.072357 0.228503 0.319517
0.196377 0.464719 0.208483
0.154333 0.54204 0.0636476
0.0801298 0.0253596 0.390741
0.476466 0.462912 0.175722
0.0509522 0.466322 0.338191
0.344704 0.465464 0.3689
0.0851185 0.570116 0.0490927
0.443657 0.463288 0.206655
0.0679856 0.814659 0.0454588
0.0381487 0.426792 0.219085
0.0664865 0.22138 0.353631
0.154333 0.798056 0.0596862
0.28671 0.974256 0.0626957
0.479914 0.658614 0.0769274
0.241825 0.465337 0.379601
0.188568 0.451723 0.0343809
0.382726 0.890052 0.0846267
0.125593 0.46565 0.237646
0.466805 0.215396 0.0994194
0.292102 0.439603 0.486445
0.0374135 0.123793 0.382724
0.437933 0.0723191 0.353631
0.456891 0.431488 0.0343809
0.407254 0.419675 0.148861
0.0941196 0.861229 0.087705
0.454393 0.233809 0.335403
0.479914 0.183625 0.0722143
0.0518511 0.291188 0.04266
0.443509 0.216562 0.169911
0.0752652 0.422225 0.277995
0.0693198 0.232326 0.038845
0.257392 0.569004 0.0836153
0.21061 0.422438 0.103218
0.0560047 0.0944719 0.0766548
0.390257 0.419675 0.175305
0.0669954 0.537375 0.0491153
0.262036 0.419675 0.349492
0.0271023 0.898849 0.0495545
0.0381466 0.542164 0.0683651
0.450787 0.233809 0.330736
0.464051 0.419675 0.184584
0.265752 0.507368 0.0829734
0.465149 0.707625 0.0470719
0.466805 0.210544 0.221493
0.432024 0.076432 0.365414
0.432024 0.255902 0.39314
0.0307433 0.895984 0.0783256
0.307756 0.463242 0.155397
0.0500208 0.233809 0.189268
0.478615 0.219424 0.355645
0.43595 0.564632 0.0491458
0.0421624 0.0250004 0.0719104
0.0381218 0.920922 0.0339399
0.0411945 0.0799504 0.353631
0.0504817 0.923385 0.0801202
0.405218 0.465049 0.330263
0.167348 0.540857 0.0835058
0.0851094 0.202813 0.0552491
0.0832257 0.466244 0.277815
0.453536 0.025063 0.0576635
0.0888746 0.421121 0.359008
0.0850987 0.748864 0.0866264
0.477361 0.140605 0.401366
0.060795 0.408103 0.0926961
0.450039 0.283554 0.401366
0.0742536 0.420661 0.375532
0.0336351 0.441878 0.368242
0.186679 0.423082 0.0744049
0.0930699 0.465736 0.0401961
0.27476 0.419675 0.439968
0.32157 0.854519 0.0884134
0.432024 0.118354 0.397077
0.054268 0.807638 0.0502645
0.438142 0.518635 0.0486217
0.202192 0.920443 0.0802303
0.414843 0.233809 0.379125
0.449495 0.419675 0.209922
0.297269 0.419675 0.357377
0.438559 0.237751 0.039205
0.437026 0.388934 0.401366
0.0777298 0.0760872 0.401366
0.130217 0.465351 0.0888477
0.463724 0.233809 0.277182
0.363203 0.22239 0.395447
0.330233 0.482364 0.0625114
0.46804 0.253668 0.401366
0.432952 0.562451 0.0649899
0.171507 0.876664 0.0860757
0.449796 0.448937 0.465108
0.259637 0.916821 0.080938
0.46975 0.175634 0.0350568
0.098013 0.423959 0.0998264
0.346628 0.839969 0.043426
0.072357 0.216169 0.147932
0.355594 0.937176 0.0316591
0.242271 0.804767 0.0717571
0.464229 0.209527 0.0843666
0.330233 0.717421 0.0608376
0.476213 0.80758 0.0469709
0.479914 0.16526 0.0390681
0.226303 0.464367 0.221941
0.470068 0.173317 0.034902
0.271822 0.444574 0.0343809
0.443509 0.213073 0.184822
0.0502998 0.0253596 0.387204
0.0374135 0.180478 0.368492
0.290115 0.419675 0.45683
0.258143 0.896623 0.0372027
0.230148 0.420308 0.267404
0.158388 0.595891 0.0834198
0.0789822 0.677552 0.0475084
0.0833839 0.642671 0.0480157
0.226395 0.946952 0.0765566
0.398442 0.419675 0.314445
0.186746 0.4651 0.369826
0.198078 0.423172 0.053389
0.409221 0.464047 0.263223
0.464351 0.465345 0.338843
0.17575 0.462456 0.0828786
0.0374135 0.0882497 0.382279
0.125302 0.422771 0.172405
0.327052 0.933513 0.0784943
0.37483 0.973484 0.0644686
0.266426 0.420049 0.248245
0.0403101 0.325494 0.0435582
0.432024 0.130743 0.369568
0.479914 0.531095 0.0802368
0.0805107 0.282867 0.0422238
0.451295 0.419675 0.259167
0.121526 0.87684 0.0860571
0.432952 0.226316 0.0614299
0.0381437 0.12725 0.0567857
0.17632 0.217162 0.372156
0.441828 0.461398 0.0498938
0.0546345 0.466322 0.207074
0.0850989 0.284396 0.0820971
0.0374135 0.146978 0.400255
0.432952 0.552208 0.0879398
0.452245 0.584767 0.048855
0.330233 0.532298 0.0640171
0.420742 0.807879 0.0640775
0.365253 0.462413 0.0864402
0.464008 0.419675 0.386537
0.390218 0.419675 0.150865
0.163431 0.465153 0.222579
0.0631134 0.315913 0.0433093
0.492004 0.448897 0.340342
0.145595 0.465152 0.084664
0.344667 0.956287 0.0750348
0.404968 0.834901 0.090309
0.330233 0.440814 0.0757222
0.35692 0.868583 0.0404267
0.457592 0.6913 0.0942668
0.411797 0.461835 0.0883941
0.0413811 0.699278 0.0471901
0.336685 0.436264 0.485696
0.282574 0.20994 0.391795
0.177814 0.496491 0.0607487
0.210245 0.464316 0.0666396
0.107426 0.423463 0.132446
0.322915 0.419675 0.252546
0.412985 0.419675 0.202125
0.476417 0.419675 0.0751246
0.0500647 0.617629 0.0483764
0.295626 0.904767 0.0826503
0.204924 0.419675 0.375467
0.260184 0.470103 0.0594557
0.154627 0.970099 0.0722353
0.382942 0.419675 0.170551
0.072357 0.219546 0.29511
0.178502 0.465176 0.353159
0.478377 0.419675 0.0634391
0.0462251 0.0253596 0.368981
0.0363418 0.455578 0.061623
0.0374135 0.0441901 0.375212
0.353714 0.737586 0.0617264
0.199671 0.421469 0.200761
0.443509 0.223236 0.0838588
0.154333 0.776256 0.0666048
0.0987245 0.465983 0.23623
0.0689004 0.753376 0.0933658
0.479914 0.442242 0.0794602
0.478095 0.419675 0.260017
0.0624885 0.493945 0.0479764
0.0652275 0.223512 0.401366
0.478615 0.321444 0.388475
0.0381386 0.397995 0.0806341
0.15633 0.774819 0.0821189
0.478615 0.263074 0.359286
0.0374135 0.134684 0.39803
0.432952 0.573978 0.0892782
0.478615 0.110275 0.39769
0.0366859 0.456286 0.058445
0.0407567 0.753388 0.0933628
0.114418 0.42011 0.418157
0.265752 0.546947 0.0735281
0.154333 0.434364 0.0713509
0.460556 0.41839 0.365253
0.0843194 0.874281 0.0398254
0.0839816 0.379372 0.362124
0.405983 0.429315 0.482778
0.0426006 0.0762359 0.0284108
0.306258 0.419675 0.323502
0.0374135 0.253233 0.371874
0.0861802 0.424624 0.0552001
0.353606 0.462573 0.0952852
0.0858858 0.968755 0.0655299
0.124674 0.854826 0.088381
0.0456664 0.204416 0.401366
0.369816 0.460291 0.479185
0.0801826 0.466241 0.252725
0.42169 0.444344 0.0343809
0.278987 0.419675 0.436566
0.0624114 0.282473 0.353631
0.22295 0.422378 0.0942418
0.432952 0.743648 0.0499952
0.0743047 0.196531 0.0834962
0.0947039 0.864777 0.0873304
0.465061 0.20994 0.0983669
0.177814 0.754457 0.0703936
0.451075 0.812763 0.0920866
0.0395968 0.308774 0.0431198
0.475879 0.768089 0.0461948
0.174586 0.822226 0.0913268
0.0479706 0.466322 0.0642285
0.189279 0.419675 0.377007
0.470637 0.808854 0.0887123
0.467048 0.0609471 0.0744097
0.0433199 0.422248 0.239434
0.0374135 0.21408 0.365838
0.259065 0.46406 0.284846
0.460795 0.390243 0.353631
0.491241 0.432969 0.248605
0.308503 0.463171 0.116989
0.272886 0.421491 0.114408
0.247141 0.931593 0.0785853
0.085111 0.115104 0.0462607
0.335307 0.463389 0.233416
0.302691 0.464244 0.296049
0.432952 0.356569 0.0630444
0.0984216 0.423945 0.100544
0.232554 0.419675 0.383256
0.439548 0.0609302 0.0744059
0.479914 0.385115 0.0712402
0.438709 0.0500775 0.401366
0.237782 0.464296 0.266647
0.473069 0.703707 0.0940881
0.330233 0.751867 0.0603031
0.433813 0.419675 0.266699
0.266577 0.834616 0.0903319
0.0604282 0.430955 0.0343809
0.0381375 0.467323 0.0846532
0.251769 0.492259 0.0596322
0.29692 0.421559 0.0807585
0.466805 0.214814 0.144121
0.432952 0.539451 0.0617891
0.424454 0.419675 0.248638
0.434574 0.419675 0.266097
0.0793559 0.65442 0.0478446
0.395104 0.465889 0.387649
0.0976464 0.911229 0.0816456
0.103203 0.874417 0.039811
0.458906 0.886534 0.0385322
0.0492147 0.928391 0.0794508
0.384521 0.226067 0.395447
0.0490613 0.215101 0.288193
0.473045 0.0435634 0.353631
0.452142 0.426465 0.460445
0.0658403 0.233809 0.246468
0.072357 0.214359 0.166945
0.258587 0.430008 0.484292
0.175684 0.614671 0.0832838
0.444514 0.367043 0.0916189
0.432952 0.634351 0.0543857
0.47783 0.0838166 0.353631
0.46849 0.395636 0.401366
0.443918 0.0293902 0.0722926
0.0381416 0.386456 0.0742177
0.124762 0.421223 0.308691
0.483146 0.421917 0.0920365
0.43376 0.916134 0.0345828
0.432952 0.721892 0.0815618
0.443509 0.221145 0.374304
0.145667 0.901148 0.0831128
0.460979 0.910494 0.0818811
0.478615 0.0632953 0.377693
0.255523 0.42137 0.145051
0.0651931 0.917524 0.0808739
0.479914 0.292848 0.0885717
0.0851117 0.401596 0.0592937
0.151036 0.444973 0.0343809
0.482842 0.897369 0.0386573
0.468104 0.416365 0.401366
0.0776091 0.466268 0.249566
0.106947 0.972853 0.0539605
0.432952 0.544832 0.0774059
0.150446 0.465012 0.0352375
0.0792695 0.181933 0.401366
0.410063 0.419821 0.102603
0.311295 0.808189 0.0818571
0.143796 0.465619 0.359332
0.0839816 0.345605 0.367277
0.12149 0.465669 0.218076
0.468452 0.439132 0.449939
0.385447 0.462102 0.0502422
0.487329 0.425263 0.27421
0.056729 0.874172 0.0398369
0.47322 0.516382 0.0955358
0.459347 0.117141 0.0781748
0.261643 0.897395 0.0836403
0.11374 0.974029 0.048459
0.0656201 0.462284 0.0471467
0.447947 0.463894 0.245936
0.49319 0.827478 0.0712106
0.265752 0.53551 0.0601894
0.0659686 0.52921 0.0958708
0.479914 0.232852 0.0715457
0.301333 0.419675 0.433665
0.478615 0.409231 0.376959
0.249454 0.866217 0.0871785
0.432952 0.351539 0.0783808
0.455368 0.20994 0.0991504
0.432024 0.323542 0.373777
0.0801344 0.6979 0.0472128
0.479914 0.0954718 0.0733416
0.111167 0.465505 0.037362
0.397604 0.462047 0.110088
0.0376772 0.0324467 0.353631
0.479914 0.540133 0.056896
0.462307 0.955844 0.0687312
0.128813 0.967222 0.0268156
0.468964 0.465226 0.330082
0.0478803 0.299395 0.353631
0.317911 0.464986 0.342248
0.256275 0.866962 0.0870998
0.281685 0.419675 0.343216
0.323662 0.80857 0.0459479
0.212768 0.419675 0.440967
0.0571369 0.233809 0.118201
0.0851161 0.0927616 0.0343783
0.0963572 0.423808 0.114958
0.353287 0.420571 0.102371
0.474918 0.389261 0.401366
0.0984063 0.947983 0.0764759
0.447522 0.957541 0.0284395
0.0628072 0.218731 0.0849828
0.067316 0.420676 0.366053
0.286808 0.233809 0.382829
0.478615 0.320859 0.362288
0.241868 0.844157 0.0895072
0.236786 0.930373 0.0326708
0.353714 0.634489 0.0711041
0.432952 0.0989776 0.0316211
0.0893081 0.423194 0.176923
0.463944 0.115241 0.0780479
0.0803753 0.0583672 0.0742376
0.353714 0.703629 0.0708092
0.0670589 0.0395893 0.0729779
0.466256 0.419754 0.0436794
0.376116 0.844049 0.0895186
0.451936 0.419675 0.313135
0.046218 0.422833 0.206967
0.0636907 0.0477957 0.0735275
0.0417252 0.298005 0.0898086
0.400585 0.896465 0.0837653
0.353714 0.762285 0.0735306
0.492809 0.842682 0.0595825
0.0839816 0.341735 0.3665
0.422882 0.420391 0.037902
0.0850994 0.373299 0.0834439
0.0916493 0.465965 0.170833
0.310496 0.896983 0.0836957
0.166552 0.794151 0.0585
0.0582238 0.20994 0.316177
0.451169 0.230604 0.401366
0.338002 0.452993 0.48497
0.165516 0.423184 0.0899176
0.253308 0.804698 0.0584233
0.168513 0.621565 0.0832332
0.0381367 0.628051 0.0872563
0.0975149 0.42391 0.10466
0.430417 0.443942 0.0343809
0.0787674 0.389586 0.353631
0.0381466 0.692015 0.0662985
0.478066 0.686677 0.094336
0.479914 0.682274 0.0832044
0.353949 0.930251 0.079069
0.169635 0.423019 0.0996118
0.154396 0.465751 0.471465
0.432024 0.272467 0.359674
0.210202 0.913845 0.0348901
0.432952 0.591411 0.0571445
0.137445 0.465884 0.471278
0.0388364 0.316523 0.0433229
0.404863 0.970107 0.0359065
0.453298 0.419675 0.25614
0.0850986 0.207062 0.0775701
0.455096 0.746306 0.0465091
0.0781051 0.284199 0.401366
0.0461536 0.354744 0.353631
0.177814 0.45314 0.0764727
0.156561 0.822091 0.0722274
0.0685442 0.869541 0.0868276
0.332035 0.463693 0.254145
0.246278 0.46613 0.431186
0.452997 0.283596 0.0893294
0.0400883 0.474342 0.0944302
0.328234 0.466322 0.449247
0.0515822 0.424904 0.0705086
0.358969 0.419675 0.335728
0.177814 0.798123 0.0805858
0.0755618 0.309894 0.401366
0.175046 0.607892 0.0833329
0.438187 0.519485 0.0956137
0.0434081 0.423179 0.182166
0.0851103 0.604217 0.0652379
0.0756235 0.380533 0.353631
0.453585 0.355895 0.044357
0.119449 0.879493 0.0392753
0.446788 0.304948 0.0899916
0.213437 0.974607 0.0565116
0.0563179 0.20994 0.171939
0.0850982 0.616717 0.0894423
0.478615 0.188808 0.364955
0.0854967 0.877981 0.0859366
0.0662876 0.385124 0.353631
0.0742301 0.466322 0.375768
0.0839816 0.252647 0.380567
0.304023 0.46539 0.37158
0.338712 0.770877 0.0586687
0.311764 0.862686 0.041049
0.432024 0.0648521 0.373403
0.45224 0.462632 0.161672
0.0381395 0.32289 0.0768242
0.432952 0.692271 0.0907368
0.227205 0.421079 0.203217
0.161741 0.218374 0.372156
0.252884 0.456303 0.0343809
0.463194 0.462339 0.140277
0.479914 0.292151 0.053711
0.434078 0.419675 0.0879818
0.0669027 0.233809 0.0990749
0.466837 0.347504 0.401366
0.432952 0.274537 0.0650683
0.426152 0.908512 0.0356063
0.0851105 0.73135 0.0628271
0.177814 0.730273 0.0704542
0.1611 0.465422 0.370938
0.0505092 0.349269 0.401366
0.0851155 0.362041 0.0504985
0.158771 0.440415 0.0343809
0.0702564 0.233809 0.3601
0.0374135 0.17128 0.380497
0.364162 0.848144 0.0425839
0.0694034 0.421377 0.325456
0.0580703 0.423958 0.145926
0.353383 0.950555 0.029548
0.332699 0.886571 0.0385283
0.459392 0.419675 0.213438
0.0490613 0.210846 0.277423
0.452934 0.243969 0.353631
0.160557 0.821679 0.0663282
0.47889 0.626976 0.0482446
0.276925 0.419802 0.257805
0.432952 0.638881 0.0643113
0.41181 0.419675 0.260326
0.49285 0.902708 0.0546429
0.154333 0.776292 0.0793825
0.0658255 0.20994 0.102621
0.466316 0.401344 0.09252
0.0850968 0.399415 0.089425
0.446526 0.19891 0.353631
0.110997 0.419887 0.441682
0.0851134 0.401836 0.0558487
0.0415602 0.443047 0.04664
0.391792 0.419675 0.348847
0.0664099 0.0949348 0.0766868
0.0583857 0.233809 0.340804
0.0724341 0.808276 0.0868403
0.160235 0.420911 0.295182
0.154333 0.616965 0.0649834
0.242271 0.806454 0.0812076
0.324468 0.951352 0.0294172
0.153072 0.421483 0.253305
0.432024 0.187163 0.397076
0.360876 0.466322 0.426171
0.0721847 0.768182 0.0931511
0.371808 0.419675 0.390487
0.368699 0.90059 0.0832113
0.461966 0.419675 0.216239
0.0700426 0.20994 0.0593352
0.137201 0.970054 0.0723386
0.297127 0.20994 0.37317
0.463133 0.20994 0.331812
0.059557 0.20994 0.275396
0.085118 0.760135 0.0474045
0.486836 0.428626 0.406717
0.229213 0.891013 0.0844975
0.0355934 0.45404 0.338143
0.0381415 0.290375 0.0719676
0.0495483 0.229094 0.085676
0.328522 0.462856 0.0770672
0.242271 0.681045 0.0751962
0.454466 0.419675 0.111885
0.0503902 0.466322 0.106849
0.18908 0.808233 0.0843319
0.417652 0.938046 0.0315266
0.432952 0.470705 0.0614597
0.432952 0.496981 0.0873338
0.443509 0.223156 0.136828
0.0652615 0.400792 0.353631
0.0753559 0.660506 0.0947153
0.0717977 0.20994 0.340388
0.0374135 0.176891 0.36842
0.458255 0.420989 0.0343809
0.293802 0.46326 0.0589141
0.315379 0.419675 0.435929
0.234743 0.422352 0.0829975
0.0381443 0.190167 0.0596886
0.467941 0.803258 0.0926417
0.176732 0.519455 0.0598527
0.463113 0.462637   0.16
0.072357 0.224403 0.104279
0.159606 0.973946 0.0413043
0.333851 0.792617 0.0819896
0.318117 0.463012 0.0930399
0.115112 0.465558 0.100367
0.376785 0.419675 0.240677
0.455878 0.450175 0.460071
0.32467 0.419675 0.382371
0.195699 0.464465 0.0465681
0.23076 0.421097 0.197521
0.136862 0.423016 0.137672
0.0490613 0.225036 0.378652
0.479914 0.791988 0.0585195
0.0851133 0.382864 0.0556558
0.0658489 0.737634 0.0935941
0.321421 0.419675 0.348042
0.154421 0.973617 0.0389539
0.43731 0.686772 0.0943305
0.409276 0.828931 0.0907884
0.0851032 0.513786 0.0795104
0.229426 0.465218 0.374002
0.0381434 0.378672 0.0703866
0.125882 0.465982 0.443744
0.218989 0.464728 0.343575
0.0850987 0.417624 0.0860376
0.463702 0.20994 0.238906
0.137986 0.422771 0.157831
0.154333 0.677147 0.0689741
0.0839816 0.171972 0.355443
0.352733 0.545674 0.0835446
0.180958 0.466322 0.466325
0.479914 0.123229 0.0518428
0.370053 0.929224 0.0328251
0.170027 0.783949 0.0585745
0.361143 0.89095 0.0379646
0.369364 0.907649 0.0822633
0.457142 0.0250131 0.0690225
0.353714 0.751523 0.0681545
0.265752 0.5879 0.0623767
0.308724 0.855368 0.0418214
0.0381414 0.208332 0.0669435
0.446293 0.477099 0.0475337
0.040177 0.424255 0.16918
0.053274 0.126585 0.353631
0.0912232 0.424543 0.0564712
0.476438 0.419675 0.259605
0.222475 0.20994 0.373391
0.213084 0.836883 0.0901499
0.299183 0.465374 0.371405
0.353714 0.563445 0.0708655
0.432952 0.360274 0.0475895
0.187957 0.421875 0.178678
0.0647037 0.847652 0.0891383
0.389293 0.419675 0.429719
0.462974 0.462783 0.169682
0.469813 0.419675 0.379212
0.360764 0.893617 0.0841478
0.446364 0.025362 0.391754
0.0696788 0.166331 0.0344345
0.432952 0.779955 0.0929124
0.0490613 0.22465 0.299914
0.0405123 0.308083 0.353631
0.10561 0.465826 0.192491
0.230403 0.464056 0.0613674
0.432952 0.80608 0.067139
0.0381549 0.61094 0.0506927
0.465392 0.71274 0.0939561
0.470797 0.323164 0.0435006
0.23045 0.454271 0.0343809
0.0381447 0.218999 0.0608927
0.0877835 0.421759 0.304423
0.0591735 0.100978 0.0300659
0.0332344 0.856743 0.0450348
0.0398992 0.799967 0.0926862
0.432952 0.383659 0.0734751
0.0651877 0.423436 0.445391
0.359991 0.465485 0.367442
0.466805 0.23288 0.32154
0.181935 0.465129 0.350271
0.479914 0.261058 0.0801592
0.0851013 0.533935 0.0838734
0.0769375 0.419675 0.449318
0.433979 0.41839 0.355862
0.422272 0.461754 0.109216
0.307504 0.973969 0.0414684
0.294497 0.421847 0.0583181
0.324975 0.462939 0.100754
0.0822437 0.12083 0.0313949
0.330739 0.807902 0.0653828
0.436733 0.807768 0.0576466
0.0653164 0.381537 0.401366
0.42409 0.894231 0.0840653
0.265752 0.816997 0.077999
0.0901771 0.422005 0.280073
0.479914 0.18727 0.0397881
0.204371 0.451124 0.485383
0.408357 0.899838 0.0833123
0.113256 0.830213 0.0442096
0.253827 0.421539 0.132206
0.432952 0.663065 0.0548116
0.432024 0.279007 0.394677
0.051656 0.926583 0.0331798
0.176924 0.597614 0.0834078
0.304122 0.457884 0.482587
0.053767 0.892807 0.0377152
0.478615 0.171576 0.363128
0.492302 0.43915 0.217809
0.416799 0.419675 0.186978
0.267619 0.419675 0.329228
0.490843 0.9175 0.0694714
0.062744 0.233809 0.171248
0.312583 0.447342 0.0343809
0.432952 0.06809 0.0280666
0.479914 0.801903 0.0513735
0.44389 0.0872027 0.401366
0.085098 0.330185 0.0851603
0.0424556 0.422246 0.342179
0.0728992 0.466277 0.218888
0.0851126 0.5213 0.060669
0.189798 0.464748 0.175598
0.133472 0.465782 0.38018
0.479914 0.0615469 0.0394912
0.330233 0.770466 0.076079
0.353714 0.63331 0.0674839
0.151174 0.465271 0.201247
0.0381542 0.805499 0.0492711
0.0254689 0.906684 0.0571178
0.250051 0.733412 0.0824199
0.153602 0.822298 0.091321
0.253696 0.465881 0.413352
0.348353 0.777116 0.082105
0.0381328 0.351765 0.0911923
0.0553487 0.531185 0.0959215
0.0851116 0.499437 0.0620986
0.330233 0.778752 0.0704904
0.0775901 0.0750157 0.401366
0.22676 0.226409 0.395447
0.0825034 0.466177 0.231044
0.085102 0.343319 0.0775123
0.0490613 0.211372 0.320598
0.460596 0.504157 0.0482444
0.327288 0.463313 0.229883
0.432952 0.130667 0.0363381
0.177814 0.46999 0.0710558
0.0561339 0.15008 0.0803814
0.479914 0.164438 0.0705777
0.0713614 0.466267 0.2006
0.0381521 0.783542 0.0538599
0.12982 0.465834 0.383998
0.0549142 0.355077 0.0443352
0.131267 0.465365 0.105865
0.280242 0.869794 0.0868009
0.0995276 0.420739 0.380222
0.229937 0.807933 0.0671615
0.0826045 0.35294 0.401366
0.0381518 0.371027 0.0531945
0.0568903 0.246967 0.401366
0.144367 0.807978 0.0697209
0.183665 0.825263 0.0910829
0.22199 0.926602 0.0331771
0.0851159 0.54749 0.0546111
0.145063 0.420709 0.330351
0.0805222 0.178472 0.401366
0.0632708 0.466322 0.349255
0.411261 0.419675 0.419153
0.441575 0.0724518 0.0751782
0.0850999 0.612105 0.0862092
0.25992 0.515355 0.0598188
0.102016 0.967171 0.0268241
0.0374135 0.141391 0.394109
0.20327 0.463793 0.474234
0.217163 0.963177 0.0274787
0.344141 0.464285 0.291065
0.447249 0.219113 0.401366
0.0760904 0.82128 0.0449271
0.478615 0.121658 0.387436
0.194071 0.233809 0.379362
0.244691 0.822197 0.0737415
0.0736107 0.29115 0.353631
0.297322 0.466322 0.441757
0.0456053 0.669573 0.0476217
0.264957 0.463881 0.219717
0.0839816 0.11915 0.394703
0.0623811 0.20994 0.338355
0.0534668 0.148729 0.401366
0.243798 0.627946 0.0831868
0.0377199 0.427677 0.393817
0.0381424 0.0634113 0.0551511
0.478615 0.23115 0.370144
0.155993 0.804581 0.0819025
0.0346651 0.434711 0.25521
0.44887 0.538306 0.0491385
0.240868 0.833009 0.0439851
0.432952 0.0271733 0.0268841
0.286123 0.421717 0.079348
0.0776167 0.41839 0.382043
0.0640393 0.25125 0.0871622
0.351257 0.822226 0.0741671
0.060234 0.375563 0.0448727
0.342144 0.419675 0.34786
0.0380047 0.458997 0.297739
0.278939 0.464733 0.332738
0.0663189 0.513914 0.0485002
0.419094 0.419675 0.4566
0.436575 0.534306 0.0490324
0.445061 0.214561 0.0575234
0.232158 0.421081 0.197329
0.210666 0.464789 0.349121
0.0728627 0.717695 0.0938844
0.204539 0.915332 0.0810448
0.217542 0.464666 0.339314
0.464803 0.343386 0.0440302
0.182395 0.46583 0.423201
0.355048 0.462456 0.0345061
0.315908 0.419675 0.272542
0.0851098 0.657213 0.0653274
0.0988952 0.465946 0.21499
0.0619826 0.233809 0.126979
0.0621202 0.425058 0.0448939
0.421502 0.419675 0.355592
0.427798 0.874259 0.0863296
0.21288 0.464523 0.214963
0.0851036 0.217284 0.0680518
0.458129 0.559861 0.0492173
0.333234 0.462986 0.193277
0.056271 0.807832 0.0613952
0.255588 0.419675 0.434789
0.242491 0.44126 0.0343809
0.468354 0.0882256 0.0292151
0.0409711 0.894894 0.0839677
0.072357 0.211202 0.172988
0.251422 0.581642 0.0835234
0.454869 0.913901 0.0348827
0.0839816 0.0628034 0.372658
0.0839816 0.0266172 0.37438
0.0381352 0.78255 0.0881478
0.203226 0.422413 0.113972
0.117262 0.838253 0.0435638
0.463282 0.419675 0.422148
0.231912 0.919873 0.0804
0.0851145 0.168109 0.0426809
0.0381398 0.159024 0.0668733
0.375175 0.420861 0.0517205
0.0851036 0.0633411 0.0576889
0.409498 0.419675 0.1455
0.443509 0.227625 0.170178
0.0851134 0.671015 0.0580128
0.114259 0.228333 0.372156
0.421002 0.419675 0.450319
0.160972 0.466199 0.451595
0.24527 0.656913 0.0829761
0.0851084 0.0508179 0.0472242
0.396174 0.419985 0.104193
0.108223 0.896949 0.037159
0.346226 0.421427 0.035434
0.0632767 0.396945 0.0454336
0.341727 0.450558 0.485508
0.432952 0.768894 0.0495206
0.144565 0.808729 0.0459351
0.432024 0.214823 0.373008
0.106006 0.970858 0.0334864
0.177814 0.526934 0.0640834
0.076189 0.249173 0.401366
0.302375 0.94933 0.0297487
0.350603 0.419675 0.18522
0.277358 0.46468 0.329557
0.468313 0.125601 0.0317129
0.456115 0.549677 0.049365
0.0293423 0.923887 0.042141
0.466805 0.225737 0.194855
0.0374135 0.15324 0.38895
0.479914 0.547444 0.0605093
0.467091 0.465444 0.344867
0.351062 0.720885 0.0590336
0.129839 0.88702 0.0384809
0.224221 0.464566 0.328716
0.168707 0.965986 0.0735997
0.208045 0.421388 0.198264
0.123425 0.42114 0.317575
0.230314 0.865842 0.040716
0.345536 0.475363 0.0594975
0.291436 0.829111 0.0907739
0.0769227 0.214895 0.401366
0.479914 0.345369 0.0611293
0.086847 0.466322 0.411425
0.0381351 0.371999 0.0871279
0.242271 0.510957 0.0618531
0.0851163 0.506459 0.0527025
0.432952 0.759609 0.0926807
0.372287 0.464584 0.305573
0.0784461 0.300627 0.353631
0.467413 0.12795 0.0789
0.0641157 0.328679 0.0906148
0.432952 0.552504 0.0690727
0.0851056 0.414114 0.0719521
0.176524 0.466132 0.44425
0.436683 0.804405 0.0456634
0.050349 0.183662 0.353631
0.0839816 0.074477 0.385179
0.414782 0.230726 0.395447
0.104654 0.465918 0.24196
0.262257 0.807817 0.0605381
0.0697785 0.41839 0.396002
0.453674 0.325277 0.353631
0.421895 0.420877 0.472344
0.479914 0.743322 0.0830606
0.250957 0.736755 0.0823958
0.0824251 0.120927 0.0314014
0.0524565 0.416707 0.353631
0.297547 0.419675 0.417418
0.445721 0.655785 0.0478229
0.0381529 0.43279 0.0525975
0.464015 0.0953554 0.401366
0.478615 0.0809228 0.399218
0.0428193 0.41839 0.387396
0.440452 0.755215 0.0933368
0.082382 0.249913 0.401366
0.479914 0.204072 0.0473484
0.441021 0.450015 0.0343809
0.4864 0.46151 0.258469
0.479914 0.703357 0.0736955
0.100754 0.458155 0.472149
0.327646 0.210075 0.395447
0.479914 0.716419 0.0528226
0.432952 0.763541 0.0711254
0.219931 0.947787 0.0300017
0.475587 0.343914 0.353631
0.243048 0.560814 0.0601804
0.242271 0.507433 0.0683477
0.0466736 0.684169 0.0943688
0.159436 0.465319 0.294337
0.337604 0.739958 0.0823723
0.434481 0.249333 0.0399786
0.440063 0.419748 0.0929998
0.0775343 0.897878 0.0370343
0.177814 0.63042 0.0778343
0.432952 0.51576 0.0879616
0.479914 0.277601 0.0766018
0.0347534 0.434096 0.352562
0.422327 0.807806 0.0599067
0.270175 0.419675 0.411227
0.0740808 0.563025 0.0491723
0.244975 0.689427 0.0592596
0.404488 0.219386 0.372156
0.172781 0.861986 0.041123
0.255683 0.464102 0.284582
0.48445 0.463051 0.343681
0.236457 0.42061 0.233637
0.460516 0.74624 0.0465106
0.242271 0.510934 0.0650597
0.0394089 0.425242 0.0501282
0.401928 0.419675 0.43023
0.443811 0.214236 0.375731
0.479914 0.294304 0.0851802
0.116858 0.852228 0.0421528
0.468897 0.0786368 0.0755954
0.448379 0.066168 0.0747577
0.0490613 0.23174 0.234627
0.479914 0.651468 0.0716585
0.432024 0.379085 0.39251
0.479914 0.441819 0.0501768
0.353714 0.806695 0.073985
0.0542354 0.808975 0.092181
0.452596 0.226192 0.0575234
0.442788 0.188056 0.401366
0.0510721 0.233809 0.219786
0.412803 0.419675 0.20302
0.265752 0.755543 0.0672305
0.038156 0.0377116 0.0258875
0.4492 0.156912 0.0338035
0.490414 0.43134 0.124224
0.468519 0.93085 0.0791471
0.376272 0.46323 0.215314
0.072357 0.224614 0.0931769
0.066022 0.0741933 0.353631
0.233993 0.464271 0.22203
0.477875 0.90449 0.0826874
0.114199 0.225738 0.372156
0.161505 0.420548 0.325463
0.284743 0.814811 0.0919221
0.0815346 0.594972 0.0487087
0.400713 0.466322 0.433463
0.255199 0.419675 0.356844
0.085104 0.251227 0.0694484
0.330868 0.419878 0.188937
0.455884 0.233809 0.215349
0.071528 0.0978189 0.353631
0.0851144 0.061571 0.0357762
0.0407999 0.949711 0.05366
0.168635 0.822746 0.0816213
0.467718 0.170869 0.401366
0.469916 0.331915 0.353631
0.177814 0.634891 0.0667456
0.0381332 0.239553 0.0855207
0.26288 0.887943 0.0383684
0.382432 0.419675 0.315188
0.432024 0.0692702 0.361555
0.460984 0.318427 0.0903463
0.0839816 0.116916 0.381853
0.199346 0.459812 0.479861
0.439355 0.142646 0.0328492
0.0702335 0.257372 0.353631
0.440361 0.419675 0.349799
0.456119 0.522172 0.0487162
0.479914 0.768859 0.0522296
0.469105 0.808333 0.090075
0.227249 0.8446 0.0429579
0.478615 0.158828 0.361616
0.432952 0.0520955 0.0465674
0.481584 0.464521 0.281139
0.377532 0.463897 0.259204
0.399453 0.465855 0.384597
0.487523 0.425645 0.324804
0.244033 0.422353 0.0721743
0.479914 0.599925 0.0906526
0.226034 0.848983 0.0889977
0.461789 0.0559645 0.0270584
0.469601 0.463329 0.204537
0.458892 0.69293 0.0472847
0.180325 0.419947 0.356503
0.478615 0.345973 0.399057
0.266264 0.421805 0.0945678
0.0639578 0.693865 0.0942296
0.466805 0.220643 0.313924
0.479914 0.650039 0.0495907
0.15462 0.798117 0.0584701
0.0850997 0.129706 0.0700147
0.432952 0.415845 0.0512162
0.132272 0.421308 0.292579
0.0562729 0.421561 0.297809
0.43711 0.222072 0.395447
0.479914 0.0609961 0.0574197
0.290826 0.46353 0.202513
0.330233 0.478236 0.0662042
0.0839816 0.0446637 0.359934
0.261426 0.437741 0.0591966
0.177814 0.761376 0.0732813
0.389535 0.459277 0.480618
0.342504 0.419675 0.244545
0.479914 0.278714 0.0573392
0.435305 0.142274 0.353631
0.456362 0.904255 0.082719
0.0320559 0.814359 0.0876324
0.353714 0.554809 0.0750488
0.0828715 0.466281 0.298111
0.393722 0.465971 0.471154
0.114364 0.42253 0.206141
0.242271 0.773138 0.0587807
0.0374135 0.0557802 0.397662
0.060704 0.233809 0.295669
0.040047 0.565124 0.0491385
0.482611 0.464503 0.385031
0.451988 0.223761 0.0382714
0.43648 0.466322 0.46202
0.0741002 0.0564222 0.0741066
0.351072 0.419675 0.262754
0.432024 0.0355413 0.396042
0.452035 0.20994 0.26272
0.0618808 0.0619107 0.0744732
0.428412 0.465631 0.364443
0.318225 0.464539 0.312615
0.0726595 0.699098 0.0471946
0.122479 0.450091 0.479928
0.0381363 0.136902 0.0723451
0.432952 0.170147 0.0648171
0.471189 0.46184 0.105815
0.284336 0.942283 0.0308814
0.248864 0.635653 0.0596505
0.22495 0.421927 0.131493
0.330233 0.664521 0.0701792
0.217755 0.464535 0.259979
0.0465715 0.332104 0.0907028
0.264274 0.901767 0.036512
0.453988 0.227481 0.401366
0.367371 0.466322 0.459783
0.0651101 0.377933 0.353631
0.21961 0.422679 0.0717656
0.282669 0.842758 0.0431522
0.0516136 0.558394 0.096196
0.242271 0.5039 0.0747416
0.435227 0.419675 0.332205
0.086505 0.419865 0.439795
0.164357 0.461626 0.0828709
0.118194 0.843897 0.0895347
0.0647533 0.397381 0.0924155
0.125901 0.910879 0.0816286
0.309727 0.463116 0.0926725
0.282661 0.463485 0.111972
0.335704 0.421285 0.0600631
0.459879 0.398283 0.0924392
0.235644 0.910169 0.0353838
0.449975 0.419675 0.395723
0.174519 0.443083 0.0592395
0.111814 0.444116 0.0343809
0.265752 0.770879 0.0793011
0.138855 0.420822 0.32764
0.475071 0.431272 0.436482
0.478615 0.350052 0.379414
0.285195 0.925105 0.0333782
0.239725 0.902897 0.0829015
0.210827 0.465812 0.416746
0.306131 0.463103 0.0570407
0.167258 0.419675 0.396696
0.102151 0.466292 0.453664
0.130059 0.845948 0.0893182
0.0819341 0.170821 0.401366
0.464494 0.37934 0.0919431
0.0974014 0.465994 0.233209
0.060427 0.20994 0.327723
0.157416 0.472067 0.0829542
0.367327 0.464758 0.318007
0.312113 0.44836 0.0343809
0.478615 0.388991 0.359947
0.0434151 0.0882117 0.0292112
0.367455 0.465177 0.345686
0.201129 0.421703 0.178588
0.428648 0.419675 0.1363
0.113756 0.92725 0.0794577
0.203453 0.434983 0.0343809
0.230131 0.464439 0.296053
0.478786 0.419675 0.303325
0.299087 0.464987 0.345833
0.0595102 0.425149 0.0399205
0.443583 0.719417 0.093857
0.203122 0.808212 0.0831731
0.0763297 0.919844 0.0340847
0.463078 0.233809 0.182427
0.153674 0.465077 0.100247
0.0385602 0.28371 0.0893351
0.0386635 0.339631 0.0908993
0.473785 0.0760419 0.0754219
0.126313 0.465575 0.196989
0.0839816 0.0550871 0.382985
0.432024 0.152491 0.398645
0.121104 0.442445 0.0343809
0.165512 0.539713 0.060013
0.455203 0.325692 0.0905361
0.0759277 0.423318 0.181426
0.218892 0.930301 0.0326804
0.47394 0.419675 0.399901
0.319439 0.419675 0.244796
0.418342 0.461986 0.125231
0.0374135 0.136419 0.363095
0.313332 0.464398 0.304207
0.04604 0.87278 0.0399837
0.335289 0.419675 0.412283
0.188247 0.464593 0.0682307
0.033503 0.442797 0.258975
0.330233 0.443196 0.0652464
0.256084 0.419675 0.31446
0.0772809 0.448482 0.0937561
0.149758 0.217067 0.372156
0.414367 0.419675 0.288202
0.413496 0.232765 0.395447
0.0361309 0.455145 0.140712
0.0974066 0.233809 0.381114
0.465036 0.20994 0.329244
0.0851029 0.533755 0.0806778
0.0839816 0.256157 0.382866
0.432952 0.551244 0.0835641
0.202223 0.419712 0.351778
0.187652 0.809785 0.0923257
0.249245 0.538003 0.0834829
0.466805 0.229018 0.261096
0.463673 0.509604 0.0953573
0.390731 0.419675 0.458305
0.269785 0.421403 0.125717
0.432024 0.0503445 0.359289
0.240154 0.954252 0.0289419
0.404296 0.419675 0.189562
0.467498 0.109751 0.0776804
0.490117 0.871196 0.0496062
0.330233 0.647489 0.0610712
0.190614 0.941469 0.0773741
0.477063 0.338185 0.0908657
0.445823 0.900085 0.0832791
0.434169 0.398638 0.353631
0.0649598 0.421631 0.304245
0.432024 0.211021 0.372414
0.250251 0.613281 0.0598134
0.478615 0.128526 0.371582
0.183065 0.419779 0.368052
0.327481 0.971449 0.0326366
0.272724 0.419719 0.269896
0.479914 0.549222 0.069681
0.479914 0.121975 0.0678767
0.0590841 0.578486 0.0489461
0.0851144 0.760298 0.0545827
0.213464 0.464629 0.284887
0.479914 0.25693 0.0636456
0.0777702 0.184118 0.0356241
0.222702 0.876476 0.0395937
0.0376246 0.894602 0.0374742
0.432024 0.406674 0.397979
0.0506378 0.357073 0.0913577
0.448135 0.20994 0.165534
0.260383 0.463812 0.142008
0.103925 0.445004 0.0343809
0.0560335 0.424308 0.11764
0.184671 0.464825 0.184129
0.443509 0.219534 0.0759885
0.0381356 0.242857 0.0809745
0.377635 0.464411 0.29318
0.0381518 0.21936 0.0465204
0.457135 0.135952 0.0794352
0.403489 0.233809 0.393889
0.0341221 0.43849 0.253792
0.469981 0.797637 0.045765
0.393298 0.819223 0.0450923
0.45393 0.787777 0.0459067
0.478615 0.17251 0.396289
0.31127 0.419927 0.207237
0.466662 0.419675 0.115937
0.0820408 0.424854 0.0398134
0.072357 0.220257 0.288315
0.0513181 0.275058 0.353631
0.244329 0.421774 0.122529
0.0374135 0.2883 0.387335
0.244284 0.464067 0.175553
0.242447 0.4658 0.410091
0.21034 0.466322 0.461465
0.462976 0.250808 0.087133
0.111224 0.927656 0.0330357
0.353714 0.782369 0.0612818
0.432024 0.0448848 0.385401
0.15295 0.422298 0.182016
0.377533 0.419675 0.456767
0.0564704 0.807926 0.0459996
0.315778 0.942175 0.0308978
0.146541 0.419675 0.461282
0.460117 0.463539 0.220204
0.0825255 0.466197 0.243902
0.0839816 0.204986 0.369635
0.249302 0.627616 0.0831892
0.0381415 0.173223 0.0643147
0.189434 0.464868 0.247094
0.211174 0.464535 0.208861
0.383678 0.462198 0.0956497
0.10203 0.466234 0.416968
0.0851014 0.780704 0.080565
0.35933 0.808093 0.0763449
0.0363828 0.430435 0.305022
0.432952 0.53929 0.0612463
0.204493 0.457228 0.483515
0.344788 0.762685 0.0822089
0.0374135 0.187377 0.396942
0.382973 0.227821 0.395447
0.164968 0.465218 0.274911
0.0381393 0.218837 0.0717742
0.0839816 0.28539 0.398767
0.340435 0.419829 0.182194
0.064963 0.0846299 0.0759961
0.379206 0.462554 0.170062
0.357416 0.466322 0.449075
0.492215 0.43855 0.0996153
0.207011 0.809024 0.0459114
0.460092 0.0250744 0.0550749
0.173329 0.862362 0.0875855
0.300001 0.882233 0.0854877
0.044811 0.273506 0.0415947
0.340566 0.791483 0.0819992
0.408746 0.419675 0.229205
0.354034 0.462691 0.171711
0.183779 0.465936 0.42995
0.412731 0.464955 0.322604
0.103656 0.465604 0.0405593
0.0670235 0.423481 0.177402
0.333057 0.466322 0.437719
0.368771 0.466322 0.461044
0.31985 0.463829 0.265404
0.0526416 0.317258 0.353631
0.414224 0.465081 0.330691
0.326977 0.463096 0.213458
0.0374135 0.124019 0.36017
0.356043 0.462646 0.15913
0.450739 0.20994 0.291816
0.269882 0.823151 0.0447768
0.0686317 0.861788 0.0411439
0.154883 0.465417 0.31966
0.467163 0.851289 0.0887543
0.443846 0.735827 0.0936187
0.432024 0.396148 0.400252
0.222971 0.464388 0.209364
0.432952 0.526066 0.0690667
0.355303 0.465729 0.384483
0.428525 0.419675 0.0998249
0.4729 0.228417 0.0856335
0.479914 0.365096 0.069033
0.0831267 0.166207 0.0344276
0.242556 0.442697 0.0343809
0.0635165 0.552775 0.0962788
0.479914 0.422118 0.0840223
0.0839816 0.406955 0.399098
0.0851122 0.665702 0.0605093
0.4584 0.0251746 0.0322667
0.30392 0.420021 0.207501
0.479914 0.14168 0.0415123
0.452844 0.379098 0.0449652
0.401028 0.466322 0.443521
0.252061 0.889277 0.0381892
0.370039 0.464519 0.301717
0.0381489 0.575188 0.0634015
0.16837 0.870768 0.0401962
0.0402613 0.0466688 0.401366
0.223356 0.419675 0.405357
0.33862 0.216154 0.372156
0.333628 0.637631 0.0596358
0.207238 0.942279 0.0308819
0.209965 0.464392 0.111603
0.0788174 0.125633 0.0317155
0.332887 0.49107 0.0831066
0.155545 0.46541 0.32068
0.276072 0.826119 0.0910141
0.0851136 0.331969 0.0537014
0.412627 0.808061 0.074494
0.240739 0.464025 0.122069
0.43749 0.464421 0.282733
0.119426 0.422034 0.24381
0.195292 0.861466 0.0411778
0.142812 0.842753 0.0431528
0.081697 0.1706 0.353631
0.0687902 0.466322 0.31725
0.302306 0.808185 0.0816289
0.0850961 0.793536 0.0911603
0.492568 0.445018 0.111476
0.374049 0.46349 0.474662
0.0816129 0.751497 0.0933943
0.467292 0.920141 0.0340447
0.478615 0.155648 0.363712
0.16616 0.604968 0.0598746
0.463972 0.233809 0.178398
0.402849 0.864759 0.0873324
0.330233 0.756208 0.0677741
0.187419 0.465051 0.344659
0.293067 0.966599 0.0269178
0.384049 0.814069 0.0919817
0.385541 0.463155 0.20864
0.189807 0.421627 0.19828
0.165992 0.907048 0.0822494
0.479914 0.509436 0.0776091
0.224569 0.233809 0.393099
0.478615 0.153404 0.392981
0.353356 0.595204 0.0599478
0.446383 0.302199 0.401366
0.0490613 0.228725 0.190671
0.153138 0.46046 0.478945
0.0768226 0.933121 0.0322766
0.451658 0.300539 0.0898765
0.478615 0.199472 0.394028
0.350286 0.210833 0.372156
0.181427 0.466322 0.462796
0.490077 0.45532 0.162949
0.456993 0.419675 0.261804
0.446265 0.419675 0.285992
0.286393 0.421577 0.0912755
0.044078 0.934503 0.0786294
0.464649 0.466211 0.396014
0.0381432 0.203728 0.0629064
0.0354744 0.432309 0.286544
0.0839816 0.163187 0.393461
0.464126 0.20994 0.194579
0.0713588 0.178866 0.401366
0.0839816 0.222863 0.37382
0.0339922 0.439393 0.0396818
0.381692 0.419675 0.416634
0.43982 0.0626319 0.401366
0.466341 0.419675 0.0623892
0.49055 0.45439 0.39532
0.19808 0.419745 0.353695
0.111143 0.465946 0.309295
0.280006 0.466097 0.422768
 0.455 0.112651 0.0308461
0.348585 0.420953 0.0742784
0.0493089 0.233809 0.123056
0.0804042 0.52229 0.0956909
0.0786774 0.387761 0.0451943
0.448825 0.419426 0.046022
0.264277 0.479001 0.0595279
0.0381367 0.792501 0.0848144
0.432503 0.466314 0.40883
0.0850998 0.620805 0.086112
0.48623 0.440779 0.418227
0.172987 0.46492 0.152239
0.483744 0.422389 0.103738
0.462384 0.20994 0.105146
0.242271 0.693372 0.0676429
0.235435 0.464224 0.204289
0.427534 0.463656 0.234011
0.336828 0.803648 0.0819102
0.454862 0.304531 0.353631
0.0829362 0.311674 0.353631
0.450301 0.4382 0.0465143
0.217875 0.438313 0.486156
0.223908 0.464109 0.0443413
0.292061 0.808041 0.0733606
0.313978 0.430784 0.484466
0.468564 0.906916 0.0358207
0.104541 0.828178 0.0443731
0.0381408 0.588799 0.0795301
0.485524 0.868769 0.0833659
0.3353 0.419675 0.301271
0.085108 0.361866 0.065833
0.0730298 0.223815 0.393294
0.428448 0.42022 0.0464024
0.418205 0.461866 0.117383
0.0542233 0.20994 0.233221
0.32881 0.462944 0.133428
0.242271 0.548475 0.0697505
0.265752 0.722887 0.0727765
0.432952 0.110557 0.0579092
0.220109 0.464631 0.473048
0.479914 0.448378 0.0500909
0.154333 0.577941 0.0667174
0.438501 0.294603 0.0897197
0.230582 0.422863 0.0430027
0.379203 0.419675 0.166802
0.225951 0.464507 0.305668
0.222742 0.423036 0.0368684
0.0689885 0.176845 0.0821764
0.0518344 0.191958 0.401366
0.147187 0.20994 0.391818
0.301274 0.915567 0.0811969
0.463938 0.837465 0.0901032
0.460539 0.419675 0.24695
0.17739 0.814018 0.0583568
0.223151 0.422123 0.116402
0.432024 0.282838 0.363618
0.478615 0.327067 0.361392
0.0480369 0.764379 0.0932039
0.37612 0.466322 0.424226
0.112087 0.419876 0.441334
0.0850964 0.319873 0.0881352
0.450053 0.841837 0.0432495
0.477795 0.591277 0.0487629
0.418716 0.419675 0.306871
0.21319 0.419675 0.427267
0.237007 0.874006 0.0863563
0.454724 0.233809 0.197327
0.0490613 0.218986 0.342818
