0.163634 0.430511 0.230814
0.433798 0.200629 0.410516
0.338208 0.132199 0.265979
0.063558 0.11231 0.330545
0.0876817 0.430511 0.156847
0.446083 0.136909 0.199844
0.443371 0.11953 0.454876
0.114847 0.262247 0.413496
0.345986 0.430511 0.317975
0.0895565 0.376051 0.377726
0.432438 0.431926 0.327637
0.121866 0.294946 0.391466
0.074858 0.159577 0.457739
0.0807277 0.439801 0.384448
0.0472444 0.430511 0.258959
0.45034 0.130861 0.133874
0.418433 0.430511 0.322105
0.458559 0.467177 0.387224
0.147998 0.115801 0.24785
0.0937307 0.355882 0.106685
0.279005 0.430511 0.101599
0.141254 0.420308 0.135403
0.0634597 0.102022 0.390074
0.192171 0.465838 0.0868373
0.337202 0.673942 0.396779
0.269858 0.815013 0.431128
0.325679 0.63045 0.401042
0.0832254 0.202027 0.103417
0.496655 0.759189 0.396551
0.0935459 0.44438 0.397587
0.463944 0.147225 0.17218
0.413028 0.465838 0.192021
0.390835 0.430511 0.345241
0.450676 0.445071 0.0653402
0.064995 0.465838 0.260196
0.481731 0.060578 0.476837
0.271613 0.730108 0.407447
0.102513 0.913406 0.430613
0.302075 0.430511 0.41164
0.0420892 0.682785 0.424965
0.219478 0.465838 0.057986
0.0268506 0.691488 0.414533
0.458604 0.080013 0.455601
0.420782 0.595682 0.406632
0.392477 0.44346 0.0387342
0.0762482 0.518763 0.393991
0.176436 0.727007 0.422914
0.067357 0.502399 0.404376
0.0942424 0.371096 0.350389
0.314973 0.473563 0.385813
0.448126 0.430511 0.266302
0.127169 0.935208 0.437904
0.117987 0.514286 0.397947
0.174789 0.641262 0.398413
0.481986 0.430511 0.315781
0.192068 0.430511 0.0512842
0.339627 0.691577 0.398596
0.0917982 0.135994 0.187961
0.481503 0.750131 0.422949
0.445174 0.13201 0.438075
0.484211 0.457975 0.143835
0.45687 0.21224 0.0766537
0.476965 0.588677 0.404784
0.174765 0.620699 0.399343
0.055236 0.456371 0.129231
0.172372 0.67087 0.409653
0.386989 0.482307 0.394457
0.155974 0.435273 0.108809
0.38061 0.465838 0.232739
0.32135 0.567654 0.393733
0.478245 0.430511 0.145674
0.420319 0.430511 0.277305
0.283737 0.964947 0.419953
0.26312 0.82074 0.434316
0.0614291 0.787362 0.399572
0.0841584 0.465838 0.247971
0.410291 0.309285 0.380477
0.478144 0.748254 0.426236
0.0700683 0.135269 0.247838
0.464448 0.707522 0.400086
0.0637518 0.117803 0.332977
0.388111 0.942161 0.453939
0.0477659 0.465838 0.193694
0.41195 0.121608 0.242839
0.298756 0.454089 0.0259922
0.186871 0.844301 0.431709
0.120891 0.323059 0.398449
0.2392 0.465838 0.312724
0.420956 0.307361 0.121625
0.481857 0.763968 0.416684
0.109705 0.465838 0.145181
0.466055 0.465838 0.164546
0.060668 0.430511 0.185609
0.175065 0.430511 0.224721
0.457274 0.295862 0.10107
0.0834819 0.488179 0.402759
0.447872 0.314378 0.120856
0.356465 0.799361 0.431033
0.25609 0.627451 0.391381
0.0650437 0.460354 0.355693
0.044313 0.836306 0.413391
0.405712 0.514955 0.399581
0.309717 0.430511 0.292352
0.488843 0.445013 0.172049
0.386243 0.500409 0.390788
0.226535 0.465838 0.380746
0.402343 0.465838 0.0612815
0.354473 0.11699 0.26287
0.0508702 0.465838 0.166436
0.475188 0.153543 0.0862609
0.433683 0.430511 0.0615487
0.454535 0.181728 0.413402
0.183878 0.465838 0.122487
0.470067 0.139675 0.437747
0.447131 0.261708 0.419995
0.377437 0.465838 0.201088
0.340817 0.465838 0.186578
0.141233 0.465838 0.276085
0.458863 0.102874 0.337739
0.103114 0.465838 0.157341
0.118642 0.465838 0.0700837
0.408776 0.430511 0.380137
0.447881 0.61464 0.404214
0.174157 0.948806 0.428019
0.26081 0.578919 0.406949
0.0805535 0.12908 0.311085
0.107634 0.622586 0.398346
0.481665 0.643461 0.384247
0.312529 0.96865 0.431691
0.111906 0.430511 0.358522
0.0329469 0.780806 0.42242
0.260433 0.923651 0.446221
0.251197 0.760758 0.424348
0.46209 0.841482 0.408477
0.303901 0.465838 0.281194
0.161757 0.430511 0.133494
0.365583 0.430511 0.402726
0.0865409 0.282327 0.106987
0.446787 0.465838 0.0712415
0.343626 0.583061 0.405151
0.194324 0.744141 0.414776
0.120125 0.496306 0.37957
0.370631 0.430511 0.363189
0.0842927 0.283859 0.093509
0.431924 0.129043 0.242341
0.0523956 0.640203 0.382761
0.460991 0.124113 0.364354
0.462661 0.255343 0.0981801
0.0542541 0.0672569 0.0754956
0.104348 0.344415 0.123805
0.0606532 0.712264 0.413052
0.422174 0.55969 0.40429
0.112534 0.324147 0.404526
0.0968572 0.405559 0.373777
0.460695 0.7421 0.413556
0.352562 0.430511 0.038701
0.2542 0.514112 0.398538
0.452204 0.430511 0.17122
0.0900254 0.430511 0.142877
0.124988 0.304782 0.114633
0.471933 0.125502 0.269121
0.489304 0.593458 0.414967
0.262049 0.430511 0.122472
0.258187 0.465838 0.0413598
0.0670143 0.132647 0.173348
0.471232 0.44028 0.382358
0.103913 0.465838 0.20392
0.268258 0.465838 0.0372245
0.0953805 0.252448 0.0752605
0.340588 0.841285 0.423992
0.0974192 0.621056 0.411541
0.0745552 0.132802 0.436386
0.236331 0.465838 0.139108
0.113519 0.465838 0.2068
0.134015 0.372566 0.127273
0.118376 0.52013 0.399554
0.202209 0.599773 0.398718
0.472161 0.75822 0.425593
0.368997 0.430511 0.095915
0.479051 0.114885 0.0860398
0.276691 0.430511 0.121069
0.337447 0.946703 0.45524
0.120251 0.372162 0.13129
0.468653 0.465838 0.283068
0.432158 0.114347 0.252812
0.0764151 0.662518 0.412946
0.459043 0.733369 0.418136
0.36539 0.465838 0.375338
0.490792 0.459659 0.302889
0.291697 0.124489 0.267181
0.465424 0.103872 0.337986
0.233374 0.963712 0.457136
0.322418 0.577818 0.393358
0.164108 0.455749 0.0344779
0.2665 0.49655 0.377492
  0.25 0.67424 0.41343
0.370808 0.465838 0.171215
0.0873057 0.104642 0.384919
0.446922 0.125707 0.208191
0.45546 0.196807 0.442577
0.222175 0.430511 0.0444438
0.17883 0.430511 0.173902
0.0555607 0.718851 0.395488
0.33645 0.496202 0.395867
0.440468 0.237363 0.389799
0.403408 0.465838 0.296256
0.248531 0.465838 0.249792
0.248444 0.922956 0.436613
0.446714 0.31268 0.0889573
0.43252 0.340086 0.129974
0.44128 0.343597 0.38888
0.313849 0.430511 0.0903483
0.472803 0.0866453 0.479022
0.47856 0.114345 0.0741609
0.0423568 0.444702 0.205481
0.0817485 0.430511 0.123979
0.230057 0.430511 0.241433
0.357964 0.430511 0.336713
0.307018 0.465838 0.0879212
0.468843 0.430511 0.230586
0.170517 0.710282 0.406913
0.26002 0.71763 0.401087
0.353848 0.847279 0.4377
0.271054 0.558043 0.387972
0.298762 0.430511 0.209213
0.339326 0.741094 0.423599
0.435309 0.430511 0.224409
0.448928 0.125193 0.31116
0.202281 0.430511 0.320193
0.190999 0.971299 0.446002
0.467382 0.141476 0.199763
0.16219 0.465838 0.413812
0.40558 0.120297 0.265742
0.445116 0.264724 0.379684
0.298945 0.430511 0.131698
0.371169 0.465838 0.404428
0.488323 0.0471452 0.0708839
0.218951 0.120537 0.243203
0.294524 0.465838 0.213042
0.426722 0.465838 0.160567
0.140542 0.437491 0.357842
0.507191 0.637548 0.391751
0.389284 0.137862 0.259731
0.307929 0.430511 0.104275
0.0423499 0.451873 0.20598
0.0919118 0.430511 0.101546
0.467017 0.100574 0.368467
0.21609 0.974011 0.432604
0.0509886 0.464666 0.140237
0.268855 0.430511 0.106433
0.465781 0.430511 0.301911
0.326548 0.58486 0.404723
0.185899 0.872078 0.434209
0.204177 0.116894 0.246171
0.260108 0.574449 0.40655
0.34098 0.816504 0.429332
0.451172 0.108712 0.445672
0.17762 0.430511 0.107304
0.323877 0.571532 0.401277
0.0523083 0.0322618 0.0753744
0.300274 0.451355 0.42428
0.0634844 0.459698 0.107859
0.0708532 0.734665 0.403525
0.337409 0.430511 0.287116
0.084005 0.624033 0.398793
0.0486499 0.669077 0.386056
0.334923 0.595672 0.408755
0.395504 0.465838 0.310961
0.470617 0.55602 0.37933
0.484577 0.0621161 0.0808218
0.224186 0.465838 0.22542
0.239081 0.465838 0.284542
0.414574 0.39494 0.325272
0.0585111 0.639074 0.382635
0.261276 0.725108 0.401935
0.475448 0.0554087 0.490701
0.08482 0.0758431 0.476527
0.100898 0.948786 0.419896
0.469903 0.123911 0.226564
0.432734 0.207022 0.407954
0.12036 0.465838 0.0760893
0.462166 0.489278 0.385105
0.113996 0.455446 0.405203
0.121339 0.430511 0.22103
0.434363 0.216713 0.0809304
0.491566 0.769682 0.397747
0.450465 0.286617 0.375622
0.0890243 0.430511 0.133129
0.363563 0.465838 0.0573443
0.461384 0.483634 0.385248
0.272282 0.872529 0.435405
0.185547 0.465838 0.342761
0.0736653 0.104676 0.315472
0.274144 0.430511 0.153988
0.450478 0.865075 0.44597
0.212775 0.430511 0.175848
0.433059 0.622794 0.390835
0.234496 0.465838 0.233009
0.456574 0.114832 0.258997
0.342034 0.868449 0.429381
0.0486997 0.775593 0.398222
0.172346 0.465838 0.191847
0.451129 0.623954 0.403683
0.14498 0.430511 0.0838452
0.0495962 0.847803 0.437184
0.187849 0.547004 0.402761
0.0647394 0.904197 0.423404
0.250898 0.953485 0.433415
0.105325 0.430511 0.2828
0.0822982 0.265977 0.390221
0.360634 0.430511 0.242578
0.187961 0.969033 0.420376
0.177714 0.608343 0.405671
0.259801 0.430511 0.231686
0.211285 0.430511 0.0633915
0.390746 0.440967 0.413304
0.0913103 0.465838 0.130886
0.17473 0.699489 0.418008
0.0845484 0.275963 0.385637
0.456741 0.149477 0.426133
0.454147 0.91039 0.435678
0.050611 0.761236 0.43393
0.282763 0.430511 0.055026
0.4587 0.285065 0.10012
0.440419 0.208384 0.108271
0.491195 0.44328 0.29822
0.472845 0.0719914 0.06211
0.50427 0.588684 0.399008
0.433908 0.133965 0.244684
0.254996 0.746728 0.425004
0.118568 0.465838 0.399298
0.359869 0.465838 0.363401
0.480033 0.573616 0.412696
0.118368 0.308651 0.0817981
0.449852 0.87221 0.434117
0.177811 0.947158 0.45522
0.255164 0.747889 0.405545
0.190827 0.465838 0.210932
0.102715 0.121835 0.266521
0.188402 0.452632 0.0292925
0.0532995 0.432039 0.305179
0.0749064 0.430511 0.201799
0.496676 0.736372 0.393945
0.442598 0.378469 0.371687
0.172237 0.663676 0.404939
0.462612 0.465838 0.263795
0.0855004 0.106889 0.432925
0.124059 0.430511 0.337083
0.1309 0.449763 0.40933
0.263902 0.905722 0.422851
0.0821149 0.132456 0.0941504
0.0615906 0.597077 0.396998
0.462758 0.430511 0.350731
0.182825 0.761016 0.406336
0.113683 0.430511 0.159661
0.429571 0.444796 0.0518696
0.106722 0.43911 0.366594
0.330437 0.6935 0.406633
0.43421 0.465838 0.156563
0.264356 0.465838 0.378794
0.0802068 0.685931 0.39736
0.206308 0.138379 0.252387
0.208399 0.430511 0.223139
0.451475 0.331483 0.115664
0.112887 0.433694 0.321555
0.229439 0.465838 0.230513
0.184381 0.902846 0.437514
0.257433 0.674801 0.396595
0.0866321 0.103866 0.371631
0.353637 0.430511 0.197077
0.103051 0.60003 0.409124
0.102902 0.936903 0.416669
0.361423 0.455145 0.419001
0.0861674 0.126556 0.303798
0.0485898 0.690783 0.425882
0.291826 0.430511 0.227207
0.145278 0.441154 0.138436
0.0644583 0.0542512 0.466656
0.395247 0.52828 0.385661
0.299645 0.430511 0.336647
0.088199 0.115663 0.268192
0.177792 0.567454 0.392832
0.263111 0.465838 0.192042
0.451562 0.075867 0.465579
0.446334 0.130607 0.172334
0.184258 0.430511 0.132495
0.2152 0.964797 0.457251
0.24533 0.465838 0.151908
0.354846 0.448553 0.0317388
0.457088 0.25457 0.392129
0.25328 0.465838 0.291516
0.306669 0.465838 0.355737
0.0863729 0.101253 0.399302
0.0877962 0.455692 0.361705
0.193909 0.450226 0.0287753
0.0731409 0.448143 0.375836
0.140888 0.465838 0.0924536
0.447988 0.359802 0.102821
0.422005 0.430511 0.375373
0.0837259 0.0987144 0.474936
0.344719 0.538199 0.38728
0.0891849 0.115798 0.317964
0.333822 0.430511 0.0434049
0.161349 0.465838 0.278252
0.357017 0.875397 0.440751
0.0999188 0.433381 0.398927
0.255105 0.430511 0.206817
0.046155 0.465761 0.262048
0.450201 0.344714 0.362542
0.252211 0.928783 0.428196
0.45631 0.0945795 0.47704
0.0410392 0.803715 0.432609
0.44442 0.619259 0.409562
0.487701 0.684433 0.411941
0.291969 0.465838 0.391346
0.455289 0.71046 0.402975
0.35801 0.932795 0.447168
0.356843 0.959853 0.437161
0.0780472 0.0464313 0.0705003
0.404089 0.475544 0.380006
0.0930253 0.13636 0.145632
0.411809 0.465838 0.37136
0.35793 0.122991 0.266973
0.0736209 0.134354 0.0991718
0.076669 0.234082 0.0915854
0.439646 0.667273 0.41191
0.406331 0.430511 0.366182
0.136866 0.421505 0.364898
0.230141 0.465838 0.36795
0.455307 0.453736 0.376136
0.461095 0.430511 0.0829604
0.073672 0.0252679 0.0678768
0.273909 0.970948 0.420634
0.313878 0.430511 0.403009
0.336937 0.468145 0.391328
0.439963 0.399855 0.333324
0.291704 0.465838 0.29593
0.249868 0.430511 0.046482
0.245457 0.465838 0.192486
0.371344 0.465838 0.175997
0.108804 0.448141 0.364291
0.447107 0.465838 0.296832
0.16008 0.430511 0.323784
0.0774576 0.0421113 0.0685946
0.465083 0.682549 0.41627
0.0662683 0.132771 0.211673
0.469954 0.142119 0.149492
0.391115 0.465838 0.186803
0.200407 0.628925 0.402861
0.205775 0.465838 0.143553
0.348835 0.666227 0.414953
0.20559 0.118514 0.244662
0.396524 0.425453 0.103277
0.438165 0.923568 0.437209
0.509142 0.708842 0.396358
0.0641752 0.115846 0.0865681
0.0548888 0.598546 0.378004
0.450082 0.103887 0.369032
0.0886402 0.93155 0.416051
0.237225 0.430511 0.334881
0.404917 0.465838 0.332687
0.0564363 0.811721 0.402351
0.367511 0.856806 0.426178
0.131009 0.430511 0.389155
0.447556 0.91387 0.417056
0.0640111 0.0966629 0.415738
0.444137 0.326133 0.358475
0.116875 0.562786 0.403794
0.193828 0.717908 0.417256
0.261393 0.751309 0.426632
0.468593 0.174088 0.44024
0.164935 0.834635 0.419564
0.463087 0.170483 0.102644
0.121835 0.360557 0.39008
0.369308 0.465838 0.306229
0.125526 0.430511 0.166329
0.110803 0.554187 0.382871
0.478938 0.773031 0.435471
0.441304 0.325201 0.125752
0.472006 0.0612058 0.0877392
0.138341 0.447244 0.115463
0.46964 0.141425 0.169161
0.25984 0.926548 0.446453
0.0955255 0.184774 0.101282
0.272343 0.708655 0.406002
0.121739 0.434568 0.0492292
0.449843 0.465838 0.286802
0.147229 0.454689 0.412348
0.180863 0.968305 0.448196
0.373051 0.465838 0.0910619
0.133571 0.524612 0.390781
0.290819 0.465838 0.334399
0.0807063 0.127179 0.437897
0.372855 0.430511 0.170616
0.360111 0.430511 0.248791
0.455013 0.117604 0.405692
0.336974 0.430511 0.154809
0.173472 0.955689 0.456192
0.454478 0.474614 0.399193
0.407085 0.55207 0.40159
0.217786 0.430511 0.242075
0.329242 0.465838 0.214811
0.493514 0.668879 0.423582
0.131408 0.431235 0.323346
0.130644 0.465838 0.379179
0.464332 0.853368 0.407292
0.271451 0.772302 0.411854
0.362173 0.465838 0.152884
0.0841387 0.115801 0.236379
0.350004 0.430511 0.139489
0.338974 0.491627 0.393596
0.0645895 0.580257 0.3953
0.470748 0.119108 0.363318
0.120922 0.425824 0.0921487
0.424928 0.236948 0.0957377
0.403418 0.941542 0.446018
0.488803 0.044578 0.0725078
0.457147 0.430511 0.157463
0.0982542 0.138021 0.250938
0.308528 0.465838 0.414485
0.421685 0.34611 0.0888812
0.253903 0.740207 0.423674
0.116534 0.237097 0.0958585
0.462307 0.214574 0.409111
0.114463 0.25581 0.413576
0.440074 0.180036 0.100272
0.102459 0.17336 0.0914714
0.432506 0.183464 0.426514
0.480909 0.465838 0.242392
0.325519 0.61705 0.404491
0.158872 0.465838 0.202612
0.289333 0.430511 0.145514
0.272674 0.462178 0.384006
0.060638 0.48753 0.378025
0.473439 0.788622 0.43096
0.149931 0.465838 0.365126
0.244883 0.465838 0.276705
0.0855373 0.180203 0.101575
0.0639523 0.0942766 0.432319
0.45655 0.84414 0.443582
0.448254 0.430511 0.325874
0.0898463 0.140695 0.18457
0.484013 0.463821 0.388714
0.257362 0.430511 0.0380763
0.126092 0.430511 0.134591
0.503832 0.598467 0.40495
0.342709 0.574857 0.404405
0.46591 0.521836 0.380356
0.387242 0.441463 0.0372072
0.0912193 0.634686 0.391772
0.0698505 0.121192 0.212328
0.233471 0.465838 0.219428
0.177855 0.561949 0.395177
0.369869 0.931285 0.450001
0.457683 0.162042 0.455002
0.482938 0.628181 0.381584
0.398939 0.430511 0.368623
0.370698 0.465838 0.32358
0.0756295 0.11006 0.465686
0.40821 0.94325 0.43601
0.484982 0.716763 0.391701
0.421613 0.316622 0.124367
0.447941 0.430511 0.124157
0.500662 0.592268 0.408494
0.125878 0.430511 0.0696747
0.348199 0.430511 0.131644
0.287455 0.430511 0.198219
0.441046 0.315487 0.359602
0.488974 0.0312986 0.075962
0.101731 0.223623 0.0732481
0.0937357 0.373057 0.384803
0.26151 0.720556 0.423085
0.381925 0.465838 0.377166
0.141127 0.458992 0.41122
0.0967383 0.114518 0.250144
0.441607 0.426434 0.332205
0.274163 0.892634 0.434039
0.26591 0.465838 0.323717
0.0848574 0.0932826 0.457571
0.0454084 0.458445 0.167326
0.342149 0.573758 0.404546
0.447192 0.144533 0.458541
0.487044 0.593281 0.414945
0.0581478 0.441704 0.328953
0.0875709 0.107518 0.389972
0.481732 0.430511 0.318496
0.206465 0.447718 0.419245
0.120952 0.573633 0.39537
0.078688 0.504311 0.391978
0.049544 0.465838 0.186054
0.255004 0.950538 0.446719
0.425789 0.430511 0.0940158
0.474284 0.0440158 0.0592736
0.208951 0.430511 0.345137
0.479952 0.443622 0.370469
0.47346 0.793968 0.40365
0.265599 0.860165 0.438436
0.396293 0.137299 0.260671
0.480677 0.738811 0.425768
0.0752287 0.242853 0.421827
0.207366 0.478506 0.379752
0.329603 0.463083 0.42296
0.13645 0.430511 0.40936
0.483082 0.0869708 0.0799021
0.451556 0.153326 0.127039
0.0364817 0.663906 0.422806
0.0535303 0.0419235 0.48537
0.457234 0.465838 0.250209
0.168716 0.785448 0.426743
0.480449 0.758173 0.424503
0.169812 0.430511 0.354584
0.360418 0.465838 0.130955
0.504436 0.612582 0.385211
0.382076 0.946743 0.417919
0.0848162 0.637495 0.411425
0.0619767 0.788745 0.437076
0.075483 0.523074 0.384004
0.324498 0.614301 0.400863
0.0530378 0.699087 0.407415
0.427508 0.132145 0.243483
0.0671835 0.738965 0.424854
0.484662 0.436704 0.344779
0.439289 0.8912 0.439327
0.432702 0.429061 0.319979
0.482036 0.762313 0.396901
0.335774 0.503976 0.377854
0.122315 0.300689 0.386844
0.344918 0.841443 0.417831
0.465474 0.12846 0.320459
0.396361 0.123609 0.267122
0.0562494 0.439257 0.320304
0.0831397 0.296299 0.407181
0.451882 0.430511 0.349343
0.223129 0.430511 0.131094
0.24026 0.451471 0.422349
0.192222 0.430511 0.276299
0.122255 0.292289 0.0847732
0.0700994 0.109832 0.466932
0.47482 0.0911039 0.475308
0.283583 0.430511 0.157661
0.166101 0.465838 0.0479828
0.253436 0.430511 0.315448
0.0968565 0.465414 0.065507
0.0422223 0.453983 0.21517
0.397479 0.430511 0.321036
0.288547 0.126145 0.267477
0.20423 0.55104 0.395762
0.259318 0.430511 0.27037
0.0728151 0.465838 0.302888
0.452342 0.222042 0.111512
0.181725 0.586971 0.405632
0.192819 0.465838 0.156947
0.457179 0.145951 0.194822
0.0882528 0.692923 0.413755
0.122339 0.430511 0.10866
0.146137 0.465838 0.406621
0.398179 0.430511 0.267714
0.356854 0.430511 0.338772
0.0676013 0.109455 0.461072
0.454861 0.199676 0.0744974
0.299818 0.970038 0.431842
0.0677338 0.121302 0.358976
0.095516 0.164763 0.451936
0.409908 0.465838 0.23008
0.499062 0.791038 0.428077
0.461865 0.430511 0.209938
0.399236 0.430511 0.235848
0.283839 0.965648 0.420033
0.279674 0.465838 0.110409
0.300306 0.465838 0.196387
0.389096 0.465838 0.401474
0.421332 0.248321 0.407352
0.0683127 0.430511 0.104016
0.368176 0.430511 0.0905394
0.437852 0.252592 0.383579
0.390794 0.430511 0.338853
0.396325 0.424211 0.103737
0.17561 0.629901 0.406988
0.483989 0.647759 0.396303
0.471075 0.129742 0.216072
0.477715 0.725565 0.404566
0.495244 0.708468 0.428105
0.427805 0.299871 0.406349
0.0830172 0.212632 0.0735423
0.464218 0.240441 0.0977671
0.173747 0.946226 0.446169
0.0770828 0.465838 0.275191
0.339945 0.465838 0.257386
0.082273 0.0781901 0.0800097
0.107324 0.31811 0.364344
0.348411 0.689131 0.398858
0.450511 0.234356 0.077953
0.316742 0.430511 0.224446
0.0306659 0.636545 0.403631
0.377362 0.430511 0.2554
0.25662 0.430511 0.0741073
0.086096 0.454684 0.361589
0.139099 0.412689 0.0927737
0.079596 0.638672 0.402942
0.185456 0.864465 0.422826
0.226716 0.465838 0.289068
0.104253 0.90689 0.44635
0.163257 0.963355 0.451603
0.203526 0.465838 0.0752695
0.11885 0.430511 0.228056
0.434067 0.310855 0.403889
0.102617 0.293876 0.0791039
0.431391 0.430511 0.315183
0.440598 0.32271 0.356984
0.354677 0.821103 0.434323
0.353286 0.764588 0.407268
0.0775802 0.430511 0.204012
0.449896 0.430511 0.181751
0.230603 0.430511 0.297567
0.458735 0.0977631 0.0912758
0.29456 0.430511 0.302308
0.447249 0.465838 0.11129
0.124158 0.430511 0.0532693
0.0621036 0.09965 0.420535
0.47177 0.153779 0.0948862
0.387901 0.465838 0.171303
0.449008 0.0992144 0.46448
0.481081 0.430511 0.184311
0.271836 0.85973 0.421874
0.45486 0.430511 0.0911057
0.390844 0.42689 0.330605
0.342278 0.857805 0.432093
0.0272692 0.688179 0.415467
0.12782 0.475591 0.393356
0.475298 0.569759 0.399541
0.252469 0.633612 0.410958
0.421252 0.566912 0.384123
0.454567 0.192735 0.409258
0.0694596 0.14243 0.0841511
0.472682 0.451225 0.372819
0.431594 0.438915 0.346382
0.287965 0.430511 0.0559247
0.419231 0.435202 0.34059
0.0440559 0.818948 0.434626
0.491782 0.668023 0.423483
0.110961 0.430511 0.336908
0.0850145 0.320451 0.37411
0.326408 0.441275 0.0283573
0.0856723 0.465259 0.379103
0.422181 0.608083 0.392207
0.268853 0.430511 0.10945
0.0711231 0.120079 0.383327
0.426809 0.461037 0.402399
0.415528 0.389628 0.327436
0.449494 0.346436 0.360035
0.483478 0.465838 0.244394
0.0509059 0.430511 0.195326
0.468293 0.136716 0.23254
0.0721335 0.197338 0.089973
0.361406 0.465838 0.0934098
0.288254 0.430511 0.216779
0.477745 0.126885 0.0866241
0.148702 0.943518 0.454791
0.270409 0.631512 0.395199
 0.165 0.794578 0.420128
0.0576532 0.874285 0.439106
0.456671 0.0710786 0.0726015
0.483278 0.803691 0.438974
0.0685633 0.0552008 0.0566842
0.100098 0.304126 0.119108
0.0546782 0.680882 0.391493
0.177708 0.124919 0.241784
0.428217 0.430511 0.398869
0.127148 0.465838 0.236652
0.133992 0.430511 0.0663661
0.116172 0.430511 0.0652216
0.118343 0.441784 0.0507269
0.240402 0.953621 0.429062
0.131398 0.430511 0.0933164
0.0878814 0.19236 0.448483
0.334735 0.660391 0.414944
0.0890349 0.430511 0.345687
0.468101 0.465838 0.359936
0.24965 0.78337 0.413947
0.108253 0.216145 0.416572
0.224115 0.953908 0.431044
0.226232 0.445813 0.421061
0.192494 0.430511 0.341754
0.0695207 0.585129 0.413358
0.408151 0.372626 0.0960075
0.261681 0.956037 0.456272
0.0873114 0.119126 0.340358
0.212209 0.430511 0.0306446
0.0750263 0.430374 0.382075
0.458399 0.664763 0.414852
0.157743 0.430511 0.0682783
0.0451732 0.77182 0.416129
0.041348 0.574835 0.390815
0.446714 0.696827 0.410946
0.212272 0.118031 0.264125
0.149232 0.137767 0.24968
0.46026 0.199437 0.106156
0.489676 0.703222 0.390157
0.0708913 0.137114 0.237315
0.461573 0.222842 0.081892
0.136636 0.94858 0.418018
0.242636 0.430511 0.0874123
0.143257 0.430511 0.121535
0.327761 0.430511 0.17923
0.0985643 0.906387 0.419403
0.303318 0.430511 0.217953
0.0697882 0.0838099 0.483194
0.46533 0.136863 0.0967178
0.27288 0.740317 0.41894
0.354451 0.852787 0.438333
0.442176 0.363819 0.379736
0.0814937 0.919326 0.45081
0.0885217 0.103691 0.454171
0.0846245 0.117707 0.263828
0.358839 0.465838 0.109445
0.26283 0.465838 0.129362
0.362237 0.863921 0.419719
0.46677 0.519889 0.386176
0.0443595 0.558767 0.392071
0.0516229 0.528882 0.383266
0.25831 0.430511 0.357932
0.362928 0.430511 0.0479542
0.0905174 0.448678 0.360905
0.342884 0.465838 0.226704
0.457804 0.679647 0.418247
0.0754466 0.522176 0.385468
0.411393 0.465838 0.197599
0.206013 0.951278 0.455703
0.0309556 0.747449 0.397287
0.0814973 0.13861 0.0953593
0.455023 0.0773708 0.480307
0.0619888 0.11472 0.45238
0.47253 0.501816 0.404494
0.462864 0.465838 0.234073
0.484991 0.47323 0.390621
0.0472716 0.711789 0.390934
0.249975 0.841736 0.431687
0.442466 0.448225 0.394769
0.444146 0.402767 0.341256
0.163234 0.430511 0.214251
0.492144 0.571515 0.412462
0.357329 0.741391 0.408634
0.206143 0.490031 0.380335
0.0702291 0.682289 0.402285
0.189449 0.479898 0.394442
0.375033 0.465838 0.130112
0.456674 0.155342 0.121134
0.412286 0.440396 0.356576
0.339131 0.592822 0.408225
0.288153 0.430511 0.325845
0.456332 0.127831 0.33119
0.078273 0.103656 0.322027
0.442132 0.449972 0.0598868
0.198501 0.430511 0.286464
0.470259 0.721077 0.40188
0.272956 0.902484 0.438139
0.433665 0.388545 0.13438
0.421833 0.367163 0.336261
0.352682 0.7598 0.406641
0.315847 0.465838 0.387815
0.443803 0.686225 0.404925
0.0734403 0.148145 0.152575
0.466453 0.430511 0.362497
0.154815 0.430511 0.149543
0.0446998 0.43531 0.249212
0.0688888 0.465838 0.215079
0.368232 0.430511 0.165225
0.396422 0.39099 0.352347
0.191913 0.570876 0.384433
0.448783 0.221457 0.434516
0.0876079 0.660956 0.415972
0.431815 0.342625 0.392566
0.45516 0.189325 0.0732959
0.244642 0.972575 0.447464
0.337423 0.430511 0.320885
0.466172 0.216459 0.0997589
0.442007 0.428376 0.342106
0.11157 0.381072 0.0885747
0.405589 0.465838 0.141309
0.478971 0.430511 0.20382
0.185418 0.430511 0.405965
0.114913 0.935496 0.416513
0.0457037 0.755877 0.433315
0.247196 0.119165 0.24425
0.468426 0.136904 0.123295
0.0308124 0.659526 0.413713
0.0642618 0.118256 0.296457
0.465499 0.430511 0.369168
0.4664 0.194559 0.432588
0.0534545 0.738079 0.431286
0.350327 0.465838 0.400314
0.186728 0.465838 0.303008
0.469879 0.465838 0.355873
0.438059 0.430511 0.0851923
0.0705613 0.568187 0.406885
0.0884745 0.377821 0.374989
0.0724042 0.168716 0.452627
0.424546 0.442217 0.143412
0.283133 0.465838 0.424044
0.457877 0.126684 0.343417
0.389599 0.424297 0.120092
0.368877 0.465838 0.0705773
0.47105 0.430511 0.291234
0.112673 0.413265 0.0940822
0.0925703 0.151661 0.456991
0.268491 0.514114 0.396894
0.450548 0.465838 0.287548
0.257708 0.74896 0.405058
0.389809 0.123063 0.242474
0.497526 0.769707 0.397753
0.43095 0.929574 0.438458
0.370163 0.941937 0.430183
0.152745 0.465838 0.407108
0.329595 0.561509 0.404375
0.042657 0.443337 0.183861
0.245053 0.136677 0.247776
0.0474224 0.430511 0.237742
0.401229 0.433977 0.34321
0.134496 0.449876 0.0999787
0.143693 0.941657 0.440818
0.327221 0.465838 0.055178
0.103731 0.430511 0.0984778
0.441288 0.336738 0.353036
0.204575 0.430511 0.0645166
0.25856 0.558047 0.404444
0.258476 0.452144 0.423183
0.503556 0.725358 0.428687
0.486246 0.465838 0.179105
0.0593974 0.64031 0.412944
0.477893 0.0878528 0.472187
0.121811 0.465838 0.232509
0.489718 0.443789 0.181099
0.0615178 0.494421 0.396617
0.27507 0.119337 0.265025
0.443002 0.465838 0.225713
0.326848 0.465838 0.248762
0.0701038 0.696575 0.400568
0.443791 0.38847 0.124009
0.252911 0.642084 0.39448
0.485801 0.682547 0.387794
0.409942 0.921759 0.428067
0.507172 0.74069 0.407826
0.0727404 0.543936 0.378378
0.0573087 0.499535 0.384318
0.0856162 0.0994587 0.398366
0.150794 0.424078 0.102354
0.049746 0.435412 0.286158
0.489594 0.448839 0.316782
0.0853893 0.129141 0.0646277
0.2112 0.465838 0.294589
0.456798 0.271733 0.387909
0.0804473 0.523796 0.406826
0.467955 0.0571792 0.06137
0.483001 0.0407406 0.479827
0.0687712 0.12736 0.178947
0.32413 0.430511 0.032016
0.504312 0.665906 0.422132
0.433045 0.249782 0.114318
0.139839 0.430511 0.284277
0.407879 0.38824 0.371919
0.107841 0.196303 0.0925964
0.163586 0.847956 0.421836
0.425638 0.418598 0.365607
0.46696 0.0534049 0.492825
0.317676 0.465838 0.289545
0.374435 0.465838 0.0524266
0.266227 0.901675 0.422773
0.0502305 0.430511 0.253293
0.304097 0.962377 0.455669
0.350586 0.961211 0.440193
0.446602 0.14321 0.164617
0.0491143 0.80593 0.439033
0.446131 0.132123 0.229114
0.336663 0.505237 0.397125
0.482766 0.462914 0.352737
0.129925 0.509314 0.377871
0.175062 0.761924 0.427106
0.481147 0.0998663 0.083085
0.270727 0.465838 0.32019
0.163478 0.430511 0.255341
0.128784 0.38278 0.0880447
0.33112 0.544538 0.402879
0.44994 0.27066 0.414642
0.212286 0.124374 0.267084
0.450842 0.326145 0.3872
0.373561 0.449461 0.0347445
0.182625 0.430511 0.0747718
0.27468 0.913898 0.433987
0.457629 0.670227 0.416742
0.267992 0.534987 0.399595
0.125291 0.523667 0.379348
0.341339 0.615776 0.410744
0.433533 0.415894 0.0999358
0.485703 0.824469 0.404001
0.246686 0.513681 0.389391
0.243941 0.465838 0.238743
0.157647 0.117346 0.245444
0.0707684 0.549535 0.397633
0.290949 0.430511 0.289059
0.134704 0.324248 0.101321
0.352007 0.907613 0.424014
0.453057 0.114849 0.259081
0.46863 0.126419 0.320492
0.4087 0.430511 0.333367
0.303159 0.465838 0.127967
0.127012 0.129539 0.242139
0.485932 0.84921 0.417945
0.354957 0.465838 0.412551
0.17262 0.948994 0.427772
0.480878 0.0905259 0.0705205
0.153442 0.457413 0.413497
0.203195 0.578044 0.394859
0.460368 0.249456 0.0878653
0.0981562 0.328049 0.404272
0.16875 0.430511 0.215055
0.171289 0.688044 0.406167
0.0942227 0.333907 0.11439
0.0499823 0.822405 0.403568
0.0992391 0.56631 0.391756
0.188068 0.85366 0.428595
0.219648 0.465838 0.0730999
0.247699 0.578123 0.392167
0.395741 0.454944 0.411866
0.312084 0.96082 0.456676
0.485281 0.462086 0.384857
0.295967 0.465838 0.388594
0.454116 0.431146 0.0690589
0.477746 0.446107 0.363382
0.128212 0.138163 0.257539
0.137006 0.393702 0.350117
0.0706599 0.0969858 0.380828
0.431701 0.390996 0.135799
0.456906 0.0900276 0.0881795
0.056746 0.659838 0.385005
0.194559 0.430511 0.380915
0.289005 0.430511 0.0596217
0.495586 0.541567 0.397842
0.368523 0.465838 0.286036
0.465384 0.823153 0.434932
0.470367 0.469248 0.400773
0.273411 0.703056 0.412401
0.181075 0.507526  0.386
0.218715 0.430511 0.263987
0.386461 0.465838 0.261723
0.0416728 0.625656 0.41844
0.147612 0.420399 0.131162
0.503929 0.771425 0.410819
0.451066 0.0817096 0.474008
0.454161 0.450183 0.0691271
0.333799 0.626084 0.391331
0.248546 0.836984 0.42864
0.0433149 0.438487 0.177792
0.0756 0.257539 0.412822
0.317525 0.511916 0.387171
0.0341947 0.788167 0.419389
0.354332 0.917778 0.445024
0.181512 0.465838 0.324391
0.272041 0.759758 0.41121
0.450013 0.706138 0.407138
0.460991 0.461192 0.383354
0.459697 0.0579802 0.0794575
0.309277 0.465838 0.135269
0.167087 0.431284 0.415082
0.363988 0.911952 0.444044
0.445637 0.394352 0.347623
0.291901 0.430511 0.337727
0.408873 0.488129 0.388129
0.400402 0.383884 0.341298
0.085855 0.101035 0.461995
0.0855722 0.126916 0.267271
0.267115 0.456235 0.423537
0.442342 0.355928 0.382992
0.114923 0.572355 0.385685
0.406533 0.333892 0.375038
0.110141 0.256814 0.393042
0.181713 0.458207 0.416709
0.343667 0.465838 0.414142
0.471509 0.115291 0.389268
0.293116 0.465838 0.247528
0.124299 0.465838 0.235157
0.079651 0.430511 0.109313
0.330652 0.524711 0.400766
0.473575 0.44543 0.395353
0.159899 0.465838 0.142339
0.355718 0.74203 0.422715
0.382724 0.430511 0.0739175
0.294336 0.465838 0.34104
0.116847 0.465838 0.10939
0.0603049 0.459616 0.338781
0.24662 0.430511 0.193847
0.396114 0.927767 0.431236
0.449053 0.100238 0.424105
0.170055 0.430511 0.0449086
0.0555183 0.769038 0.397476
0.0841752 0.154119 0.115604
0.445226 0.430511 0.155828
0.459358 0.465838 0.305703
0.27673 0.465838 0.094689
0.269378 0.430511 0.0955578
0.0869979 0.363823 0.379494
0.18283 0.465838 0.345846
0.0869284 0.696564 0.414649
0.0688219 0.465838 0.194609
0.251411 0.782237 0.426957
0.0964908 0.465838 0.345646
0.216637 0.430511 0.234015
0.407176 0.465838 0.306105
0.0836126 0.699543 0.417861
0.435981 0.425673 0.321398
0.0489328 0.445887 0.149705
0.038835 0.774827 0.435476
0.420725 0.465838 0.365584
0.473478 0.0801716 0.457884
0.329138 0.671508 0.410048
0.0546376 0.455578 0.312342
0.443245 0.396236 0.106385
0.257142 0.545466 0.381804
0.327121 0.459738 0.423071
0.503518 0.722784 0.392397
0.244383 0.430511 0.118862
0.074007 0.153713 0.107183
0.347175 0.465838 0.160592
0.198015 0.674204 0.406199
0.168394 0.927598 0.446395
0.419476 0.465838 0.302947
0.206817 0.509786 0.386572
0.195924 0.465838 0.159949
0.459273 0.71621 0.420894
0.264138 0.800641 0.410971
0.174396 0.430511 0.0622249
0.246147 0.430511 0.0875289
0.465984 0.733567 0.403747
0.123857 0.481447 0.378084
0.145244 0.465838 0.32188
0.449699 0.704758 0.406453
0.47329 0.107612 0.386955
0.228142 0.430511 0.146255
0.24967 0.755394 0.421884
0.11196 0.355367 0.34991
0.0940633 0.300867 0.115078
0.160344 0.465838 0.277495
0.0680172 0.16625 0.0783817
0.505301 0.763661 0.413386
0.460319 0.465838 0.14615
0.450829 0.216579 0.111166
0.202686 0.589168 0.396552
0.48703 0.430511 0.205265
0.0424019 0.462582 0.202234
0.147083 0.465838 0.0708501
0.38742 0.430511 0.137647
0.495507 0.628662 0.381644
0.141958 0.423414 0.339722
0.262082 0.635986 0.391958
0.42977 0.567973 0.387142
0.316795 0.94874 0.455464
0.182315 0.603582 0.3895
0.381821 0.465838 0.298756
0.372437 0.113938 0.254992
0.407231 0.369683 0.129147
0.329725 0.961842 0.41962
0.493731 0.635326 0.41975
0.422148 0.332073 0.0879012
0.445899 0.13292 0.217124
0.423053 0.290266 0.4063
0.441406 0.155881 0.428212
0.354625 0.874125 0.440586
0.33186 0.618925 0.391124
0.215902 0.430511 0.258723
0.224738 0.465838 0.0634087
0.0948699 0.180091 0.419833
0.449774 0.137962 0.431758
0.221724 0.465838 0.288808
0.471202 0.0970844 0.418742
0.0438768 0.435439 0.174983
0.209476 0.465838 0.351352
0.0580894 0.722486 0.414808
0.485686 0.46153 0.152816
0.394793 0.465838 0.0667296
0.197583 0.621507 0.393652
0.318343 0.465617 0.423467
0.124291 0.362266 0.351636
0.0891927 0.146415 0.149834
0.441609 0.20055 0.440717
0.296649 0.465838 0.260539
0.213478 0.465838 0.216549
0.424747 0.138433 0.257359
0.243248 0.465838 0.07342
0.307561 0.465838 0.0433621
0.229314 0.447844 0.421344
0.32244 0.465838 0.390953
0.397652 0.465838 0.305082
0.365255 0.430511 0.168058
0.0665193 0.150744 0.0743148
0.0738811 0.43455 0.363567
0.273591 0.430511 0.241609
0.255832 0.430511 0.0989698
0.139571 0.371194 0.0956186
0.111558 0.448753 0.131204
0.326052 0.465838 0.246393
0.314495 0.465838 0.413087
0.460926 0.430511 0.16148
0.274868 0.465838 0.266196
0.076945 0.266353 0.411932
0.291146 0.465838 0.0691421
0.334134 0.465838 0.387212
0.127205 0.429052 0.139414
0.434478 0.465838 0.1839
0.058304 0.465567 0.329665
0.351103 0.822899 0.434747
0.0715499 0.90042 0.412487
0.45288 0.44918 0.390798
0.0729763 0.908128 0.447573
0.131556 0.465838 0.181571
0.11555 0.298413 0.118739
0.0712194 0.195044 0.439256
0.259519 0.465838 0.234658
0.208051 0.467597 0.379664
0.0625368 0.544502 0.371835
0.344074 0.465838 0.342702
0.0723727 0.148255 0.145815
0.296424 0.950037 0.429222
0.42359 0.273715 0.0876476
0.438178 0.430511 0.246648
0.268098 0.483561 0.376916
0.300265 0.465838 0.268458
0.435769 0.430511 0.151945
0.351489 0.465838 0.297585
0.0286159 0.736358 0.412184
0.177443 0.749864 0.405163
0.118643 0.430511 0.326616
0.272751 0.465838 0.20474
0.44506 0.135391 0.078358
0.0765991 0.0875035 0.450145
0.469351 0.144999 0.0906569
0.0425045 0.431748 0.194847
0.174455 0.430511 0.382652
0.224736 0.465838 0.25408
0.42767 0.235939 0.42169
0.458541 0.459248 0.0758051
0.248252 0.138774 0.254444
0.309195 0.431991 0.423879
0.492189 0.436131 0.286697
0.0850678 0.111694 0.410821
0.456131 0.442527 0.380766
0.122999 0.465838 0.335575
0.291334 0.430511 0.0797972
0.454911 0.137257 0.260864
0.2622 0.430511 0.337837
0.247612 0.609283 0.402549
0.355461 0.430511 0.0358268
0.0662028 0.465838 0.319034
0.0559145 0.64469 0.383275
0.45085 0.448874 0.0654515
0.318634 0.522084 0.386624
0.35669 0.465838 0.316779
0.444473 0.903108 0.450311
0.489871 0.441288 0.183005
0.48867 0.74342 0.414423
0.0865106 0.190795 0.0692188
0.0538122 0.430511 0.1644
0.299618 0.430511 0.2784
0.435436 0.399521 0.0980803
0.0731993 0.431636 0.372945
0.0561921 0.0514147 0.0588506
0.348659 0.699586 0.399796
0.495249 0.623229 0.418369
0.494696 0.783993 0.43673
0.181473 0.971254 0.437307
0.203693 0.562561 0.396698
0.192978 0.117199 0.245647
0.188637 0.465838 0.338491
0.472531 0.0476903 0.494763
0.0636643 0.589159 0.376936
0.435006 0.465838 0.182159
0.216684 0.436204 0.420184
0.39895 0.388464 0.340464
0.260597 0.430511 0.297127
0.323803 0.465838 0.310909
0.455918 0.430511 0.356479
0.42504 0.907108 0.423413
0.429987 0.203012 0.428368
0.128764 0.296208 0.0968227
0.268757 0.450653 0.0251915
0.104246 0.430511 0.0919168
0.0635239 0.59128 0.389294
0.406828 0.430511 0.306749
0.219854 0.11459 0.258314
0.439115 0.352252 0.346531
0.0618193 0.802989 0.438703
0.0957544 0.664341 0.41048
0.253277 0.430511 0.0699059
0.185585 0.603367 0.409324
0.194795 0.671702 0.39933
0.348398 0.117915 0.24532
0.441326 0.4475 0.395324
0.366697 0.430511 0.370019
0.0836898 0.13501 0.245299
0.0847728 0.130095 0.116872
0.0606814 0.0598409 0.467036
0.115194 0.269559 0.39266
0.475768 0.430511 0.251249
0.429096 0.554524 0.390123
0.0508705 0.636996 0.41974
0.504377 0.666807 0.422194
0.45993 0.20816 0.106875
0.0977835 0.175476 0.42425
0.272882 0.928301 0.441302
0.112787 0.310937 0.368875
0.243881 0.465838 0.267637
0.0834645 0.244953 0.429214
0.186922 0.6801 0.41817
0.117613 0.430788 0.0510491
0.0590473 0.430511 0.165416
0.0735447 0.223226 0.428928
0.0765995 0.105848 0.304432
0.434343 0.465838 0.37678
0.384235 0.465838 0.278742
0.100881 0.169318 0.440688
0.206789 0.953023 0.440448
0.412258 0.465838 0.237304
0.0776841 0.0977467 0.36871
0.461061 0.898945 0.419726
0.190133 0.430511 0.112345
0.29967 0.465838 0.298555
0.0957301 0.261931 0.0763616
0.04396 0.465838 0.226386
0.42807 0.234215 0.397259
0.0929226 0.272549 0.382433
0.0657694 0.465838 0.190155
0.406687 0.411044 0.139299
0.272483 0.465838 0.0509853
0.405363 0.390012 0.369724
0.258572 0.953289 0.425451
0.140997 0.430511 0.108053
0.2533 0.430511 0.411579
0.468946 0.430511 0.1073
0.0749874 0.109426 0.276601
0.119232 0.430511 0.247275
0.0848852 0.465838 0.244329
0.0750914 0.908302 0.413389
0.474712 0.043828 0.085063
0.0854365 0.470001 0.389361
0.388785 0.430511 0.0946472
0.458924 0.500994 0.402064
0.34653 0.430511 0.193154
0.437943 0.206716 0.404301
0.354809 0.733504 0.405728
0.0545584 0.0500075 0.0773885
0.0401638 0.747471 0.395006
0.175814 0.926863 0.44592
0.027905 0.718284 0.405881
0.466939 0.106875 0.0653255
0.0684343 0.823392 0.41893
0.387377 0.465838 0.324856
0.0976543 0.659526 0.408467
0.113625 0.229667 0.0993193
0.175378 0.741327 0.424397
0.467991 0.465838 0.191088
0.452835 0.430511 0.383516
0.079782 0.114322 0.422467
0.168881 0.730093 0.411381
0.302694 0.961304 0.419546
0.1072 0.451948 0.118652
0.244378 0.430511 0.26105
0.0462668 0.444905 0.263034
0.261785 0.898806 0.44349
0.263802 0.718834 0.401637
0.479003 0.443713 0.367403
0.0886281 0.459091 0.0720833
0.491825 0.430511 0.207452
0.0657411 0.111463 0.0645905
0.488272 0.465838 0.217969
0.0420095 0.748761 0.395154
0.38789 0.441584 0.129555
0.0880096 0.14457 0.169817
0.457073 0.296625 0.100676
0.317886 0.465838 0.375776
0.433505 0.382084 0.377232
0.474919 0.499326 0.40421
0.248765 0.847886 0.430611
0.0896844 0.135643 0.0919551
0.484236 0.0481302 0.0818197
0.30954 0.430511 0.318048
0.480868 0.465838 0.259706
0.489762 0.718706 0.391925
0.277802 0.134406 0.244871
0.181568 0.465838 0.229775
0.0585358 0.776996 0.398386
0.130689 0.465838 0.252777
0.35372 0.465838 0.253492
0.428807 0.363159 0.0898425
0.315134 0.45407 0.423611
0.342848 0.80752 0.430583
0.474815 0.0685138 0.462556
0.0959261 0.465838 0.391836
0.0849086 0.138438 0.229585
0.256822 0.921522 0.445389
0.364503 0.430511 0.339348
0.404674 0.351475 0.117511
0.330686 0.465838 0.334002
0.0821697 0.707206 0.402612
0.20365 0.952636 0.437196
0.183457 0.548472 0.384238
0.403904 0.133596 0.244422
0.18007 0.465838 0.321292
0.192751 0.465838 0.188212
0.471851 0.465838 0.265355
0.468726 0.131369 0.275516
0.0684885 0.819658 0.408058
0.381064 0.137885 0.2498
0.273929 0.835712 0.423254
0.389103 0.445255 0.110761
0.206666 0.116589 0.246679
0.380698 0.430511 0.276145
0.324949 0.137745 0.24936
0.440403 0.431156 0.395774
0.440706 0.376424 0.128987
0.454406 0.683941 0.397452
0.055221 0.0702515 0.0769273
0.087997 0.149597 0.135745
0.0784945 0.124854 0.154277
0.306213 0.113899 0.25498
0.0557388 0.518109 0.370057
0.297326 0.430511 0.134151
0.452703 0.465838 0.367876
0.182628 0.932303 0.431662
0.139087 0.43192 0.360559
0.127651 0.459689 0.0466215
0.114507 0.356072 0.0847003
0.132402 0.448631 0.113253
0.441111 0.217381 0.39836
0.125869 0.354964 0.387871
0.0849762 0.116242 0.470154
0.139329 0.433014 0.0931149
0.0779189 0.512128 0.394312
0.45828 0.0760911 0.457781
0.287039 0.465838 0.109466
0.247578 0.958218 0.456515
0.172718 0.430511 0.360132
0.0939841 0.465838 0.381281
0.453671 0.199399 0.441889
0.464572 0.876923 0.409982
0.477783 0.764322 0.434476
0.504754 0.737302 0.425306
0.0693685 0.450896 0.368391
0.472068 0.1244 0.276923
0.395243 0.465838 0.218238
0.460391 0.246651 0.399062
0.195347 0.723338 0.413177
0.326469 0.465838 0.149689
0.157138 0.430511 0.25454
0.413477 0.424638 0.143392
0.200692 0.465838 0.353664
0.231635 0.435893 0.0252317
0.453852 0.904726 0.443851
0.351998 0.639727 0.406707
0.063349 0.128346 0.460357
0.180528 0.900506 0.441216
0.391257 0.943828 0.449558
0.290344 0.430511 0.141833
0.151365 0.408904 0.109063
0.224145 0.974378 0.443203
0.332958 0.503469 0.398024
0.347815 0.430511 0.173146
0.365608 0.869286 0.436199
0.47523 0.13879 0.0906317
0.198523 0.440821 0.0283419
0.0590532 0.465838 0.327467
0.461307 0.0987742 0.368357
0.344408 0.430511 0.207084
0.135363 0.430511 0.306122
0.172419 0.727444 0.405381
0.0659823 0.127815 0.0883212
0.106025 0.421649 0.125173
0.181882 0.949995 0.420136
0.0747923 0.169776 0.070299
0.0621503 0.777859 0.427618
0.254866 0.621167 0.390976
0.231174 0.430511 0.100063
0.457473 0.112129 0.452813
0.487472 0.710016 0.390932
0.02829 0.704747 0.392117
0.0794918 0.465838 0.312304
0.303323 0.465838 0.0569816
0.264776 0.430511 0.141612
0.180133 0.543918 0.387298
0.208482 0.467839 0.379193
0.0635126 0.842153 0.443176
0.164971 0.430511 0.392992
0.4868 0.0425477 0.0649146
0.392662 0.430511 0.298563
0.313383 0.465838 0.371423
0.341426 0.465838 0.262557
0.0788378 0.465838 0.191928
0.480466 0.753383 0.395881
0.349833 0.81802 0.412793
0.0798579 0.690618 0.419346
0.4531 0.12414 0.348245
0.490198 0.465838 0.269347
0.399127 0.489322 0.396438
0.0823087 0.664112 0.395337
0.101556 0.37281 0.0942297
0.182554 0.739934 0.42517
0.450876 0.143899 0.192691
0.0984654 0.291126 0.416905
0.41671 0.416724 0.0943389
0.410317 0.9413 0.442392
0.123396 0.472994 0.382253
0.107471 0.421091 0.373979
0.175543 0.617359 0.404563
0.0374437 0.794686 0.427776
0.092147 0.94413 0.431196
0.158118 0.430511 0.0693534
0.274091 0.437252 0.025221
0.355788 0.430511 0.12577
0.121674 0.931882 0.438743
0.259398 0.122558 0.242433
0.236778 0.465838 0.18201
0.473883 0.519198 0.406479
0.344985 0.536602 0.394297
0.0416847 0.589109 0.408677
0.468462 0.561248 0.409913
0.183784 0.465838 0.397032
0.176786 0.592975 0.394169
0.271351 0.539671 0.396949
0.421096 0.123298 0.267089
0.452551 0.30363 0.09264
0.0431272 0.61113 0.416782
0.506406 0.633012 0.38825
0.111292 0.310294 0.368261
0.461699 0.133658 0.288597
0.368014 0.430511 0.137038
0.451191 0.337933 0.378286
0.116505 0.396113 0.0892615
0.0327732 0.622277 0.397873
0.0987096 0.430511 0.109778
0.476394 0.787049 0.412399
0.485856 0.680097 0.398439
0.20783 0.465838 0.327654
0.277549 0.430511 0.140316
0.0423608 0.446403 0.205195
0.166516 0.882221 0.421568
0.482568 0.465838 0.232855
0.175105 0.938433 0.447252
0.483845 0.458245 0.380287
0.0755389 0.430511 0.265893
0.0961061 0.14369 0.0733632
0.09027 0.113913 0.255438
0.123239 0.430511 0.361075
0.273719 0.769838 0.419846
0.101687 0.313292 0.365856
0.396915 0.535916 0.39353
0.458756 0.144297 0.206763
0.258544 0.917648 0.424275
0.114936 0.430511 0.373844
0.464824 0.465838 0.194995
0.224917 0.953906 0.432328
0.420746 0.614222 0.399668
0.131892 0.9525 0.45581
0.0570489 0.692473 0.422983
0.205711 0.11532 0.26039
0.471701 0.458191 0.399511
0.473606 0.0631446 0.0877936
0.265367 0.430511 0.104838
0.281944 0.114289 0.25682
0.126224 0.13006 0.242233
0.192841 0.430511 0.248193
0.454484 0.71562 0.405899
0.392268 0.501148 0.396307
0.120837 0.536551 0.38062
0.421808 0.430511 0.3221
0.27713 0.463126 0.423947
0.180571 0.647887 0.39418
0.492138 0.46524 0.287288
0.336524 0.119788 0.243931
0.042226 0.446845 0.214904
0.104697 0.596814 0.387418
0.448897 0.43731 0.0642047
0.190894 0.713802 0.419849
0.206317 0.465838 0.069289
0.109549 0.133416 0.264738
0.301675 0.465838 0.273632
0.446795 0.125672 0.279622
0.447673 0.127518 0.280777
0.252154 0.839546 0.433828
0.25364 0.763857 0.408238
0.0773466 0.119118 0.247876
0.490149 0.56826 0.412089
0.128751 0.448027 0.0935393
0.0513259 0.777753 0.422931
0.473009 0.112777 0.356178
0.452574 0.198089 0.44253
0.457254 0.669819 0.416734
0.215655 0.465838 0.138979
0.0867588 0.295118 0.378354
0.063854 0.118809 0.465675
0.0790008 0.430511 0.351533
0.435878 0.918652 0.414735
0.336114 0.713339 0.419732
0.14087 0.430511 0.23047
0.453897 0.703097 0.401656
0.271722 0.430511 0.399006
0.341505 0.430511 0.346069
0.0756358 0.155224 0.100219
0.42696 0.419015 0.140501
0.149604 0.430511 0.254443
0.0666077 0.0441617 0.469687
0.103813 0.323033 0.406846
0.195147 0.430511 0.245678
0.0614412 0.460214 0.113153
0.033445 0.760194 0.427103
0.456529 0.470809 0.369862
0.342861 0.816484 0.415161
0.0919216 0.621055 0.411044
0.428816 0.382383 0.135878
0.0451763 0.782147 0.398969
0.373202 0.430511 0.294474
0.447297 0.465838 0.172057
0.443054 0.421909 0.342861
0.0817817 0.103529 0.0628734
0.105086 0.430511 0.391871
0.457076 0.900593 0.444146
0.24852 0.465838 0.418381
0.446743 0.430511 0.251995
0.444959 0.690974 0.40693
0.128862 0.541653 0.389292
0.152241 0.430511 0.263772
0.363108 0.465838 0.0770159
0.432792 0.465838 0.0594938
0.0836122 0.430511 0.334249
0.355232 0.753795 0.407506
0.423819 0.41821 0.0956541
0.414542 0.465838 0.355966
0.186437 0.682416 0.418492
0.0462031 0.601053 0.415633
0.0790408 0.430511 0.28942
0.0694677 0.151101 0.457804
0.0654618 0.807826 0.40191
0.136557 0.465838 0.163136
0.294509 0.430511 0.03583
0.274202 0.822021 0.423041
0.217319 0.465838 0.0456354
0.154354 0.430511 0.219428
0.2661 0.918988 0.424716
0.0637851 0.116032 0.317474
0.376503 0.932634 0.453651
0.175474 0.722395 0.40323
0.214216 0.465838 0.0715236
0.22882 0.465838 0.258819
0.0779633 0.24254 0.0931609
0.353905 0.695295 0.403106
0.119796 0.448054 0.407277
0.142247 0.465838 0.0531619
0.405069 0.944342 0.435828
0.229477 0.430511 0.145555
0.0914221 0.465838 0.286268
0.0584218 0.721529 0.410093
0.476483 0.037509 0.473608
0.213104 0.95515 0.456148
0.175397 0.117132 0.24572
0.246807 0.465838 0.202601
0.255356 0.465838 0.287831
0.239712 0.465838 0.231975
0.48555 0.464985 0.384383
0.437532 0.318182 0.0858857
0.431282 0.220487 0.104015
0.292834 0.462146 0.42459
0.471568 0.089664 0.478488
0.0494937 0.456175 0.146901
0.259572 0.902804 0.422405
0.0835462 0.136592 0.247628
0.0856533 0.139938 0.216129
0.373123 0.465838 0.311976
0.0854468 0.679337 0.397243
0.198896 0.512929 0.378468
0.247989 0.465838 0.417604
0.456694 0.472593 0.369398
0.388026 0.430511 0.193837
0.263988 0.54367 0.402387
0.395808 0.430511 0.354611
0.11239 0.412637 0.132219
0.256938 0.430511 0.0722617
0.255225 0.465838 0.244829
0.115972 0.590477 0.399674
0.117805 0.430153 0.136562
0.161961 0.465838 0.0977323
0.0667666 0.430511 0.172472
0.317639 0.465838 0.108066
0.102249 0.179068 0.438401
0.454737 0.859082 0.445288
0.415196 0.430511 0.124672
0.444504 0.137613 0.435448
0.442302 0.375238 0.126757
0.119113 0.289937 0.114622
0.267716 0.430511 0.116623
0.0824891 0.465838 0.24983
0.186155 0.120706 0.243029
0.12741 0.441359 0.140893
0.342822 0.705477 0.39982
0.214151 0.430511 0.340062
0.176754 0.873118 0.419132
0.0740106 0.162853 0.426837
0.186913 0.964411 0.455981
0.11043 0.243458 0.401519
0.101994 0.414513 0.114196
0.0899548 0.21958 0.439993
0.473216 0.126653 0.0935244
0.244153 0.430511 0.0302078
0.105076 0.465838 0.183567
0.315022 0.433682 0.0273834
0.485242 0.432769 0.341839
0.339968 0.829561 0.421826
0.455158 0.308576 0.385403
0.40593 0.361209 0.124249
0.0891851 0.126465 0.089859
0.107731 0.430511 0.246501
0.424195 0.430511 0.0497944
0.324649 0.430511 0.164626
0.307905 0.465838 0.0578013
0.441009 0.34229 0.389601
0.38103 0.932283 0.441223
0.411059 0.314332 0.38787
0.433829 0.449472 0.0545873
0.0758386 0.0617501 0.488647
0.420577 0.430511 0.301454
0.485964 0.465838 0.230698
0.421033 0.613918 0.397894
0.10147 0.17174 0.0761143
0.244276 0.465838 0.0593394
0.18794 0.465838 0.408578
0.054771 0.717538 0.416528
0.17284 0.465838 0.188753
0.452044 0.457093 0.399377
0.47752 0.448264 0.116068
0.375988 0.430511 0.164691
0.0728913 0.0379183 0.473658
0.142713 0.370694 0.100372
0.214145 0.430511 0.334128
0.511178 0.682627 0.412188
0.453126 0.631469 0.406099
0.488073 0.0503619 0.0732741
0.465719 0.445539 0.0867499
0.321271 0.465838 0.223534
0.0775047 0.057029 0.467443
0.438157 0.588832 0.391602
0.0421113 0.431863 0.223164
0.400016 0.370232 0.355654
0.409123 0.465838 0.271163
0.452492 0.317958 0.114837
0.287271 0.465838 0.274914
0.482004 0.0589685 0.477987
0.0725744 0.0899165 0.429945
0.270043 0.869701 0.421192
0.249859 0.953523 0.435866
0.432123 0.273175 0.11926
0.169268 0.87614 0.419768
0.413661 0.537933 0.402079
0.0921698 0.447389 0.0692527
0.0347063 0.65382 0.419834
0.179586 0.430511 0.185624
0.42773 0.564868 0.386236
0.0758005 0.0863986 0.458255
0.483379 0.686051 0.42172
0.143153 0.465838 0.147732
0.188213 0.542299 0.381588
0.226666 0.430511 0.0830659
0.442201 0.410558 0.122901
0.42637 0.430511 0.0766958
0.356999 0.138833 0.254614
0.390389 0.465838 0.137809
0.177255 0.568791 0.394843
0.0926214 0.13897 0.090275
0.417888 0.465838 0.312185
0.109067 0.430511 0.0913941
0.156178 0.432257 0.120636
0.195568 0.70551 0.406672
0.426387 0.33965 0.130251
0.0536663 0.430511 0.254367
0.484442 0.729691 0.413011
0.206972 0.430511 0.182066
0.411996 0.430511 0.121401
0.502392 0.604898 0.410263
0.272326 0.465838 0.381004
0.35067 0.720484 0.402479
0.40525 0.465838 0.20756
0.337574 0.621396 0.390129
0.465164 0.159817 0.452541
0.0846016 0.0862693 0.47598
0.126619 0.430511 0.162893
0.110254 0.277585 0.416627
0.428642 0.265048 0.0840744
0.395065 0.439054 0.0394891
0.220725 0.439969 0.420555
0.441429 0.430511 0.329914
0.292951 0.430511 0.376135
0.476299 0.771198 0.427126
0.166203 0.430511 0.15015
0.27267 0.786603 0.424705
0.192462 0.480911 0.374443
0.454421 0.262411 0.0843918
0.323647 0.465838 0.411287
0.328023 0.430511 0.359736
0.376951 0.465838 0.269402
0.245693 0.465838 0.318406
0.0884853 0.275748 0.382877
0.183069 0.480129 0.388941
0.0666983 0.100948 0.369701
0.449054 0.145998 0.166961
0.462318 0.118008 0.411565
0.279575 0.430511 0.175921
0.127124 0.935007 0.431628
0.258495 0.430511 0.0608558
0.436871 0.465838 0.341792
0.330791 0.59958 0.388766
0.268724 0.610422 0.407964
0.424674 0.397901 0.138627
0.456901 0.288575 0.387637
0.349669 0.656703 0.413045
0.190958 0.965252 0.455673
0.161866 0.430511 0.136842
0.460033 0.465838 0.19262
0.180342 0.465838 0.246045
0.466612 0.116781 0.249124
0.070008 0.0361256 0.479488
0.318054 0.430511 0.416676
0.455768 0.111514 0.453578
0.221701 0.465838 0.294159
0.476865 0.430511 0.264702
0.485718 0.465838 0.265412
0.0854894 0.100275 0.065876
0.40529 0.465838 0.314568
0.12051 0.115133 0.248891
0.283819 0.430511 0.225073
0.20716 0.430511 0.282441
0.488991 0.447771 0.32286
0.0925801 0.276308 0.112968
0.0948516 0.352965 0.113682
0.10635 0.442472 0.119776
0.326297 0.430511 0.0560203
0.2324 0.465838 0.160523
0.116008 0.430511 0.203771
0.487453 0.675772 0.410247
0.466554 0.150411 0.455697
0.399208 0.465838 0.233236
0.391221 0.430511 0.173492
0.0738066 0.0885987 0.461379
0.227146 0.465838 0.0532572
0.273084 0.523058 0.389231
0.0526028 0.430511 0.210859
0.0758179 0.126726 0.0631905
0.346385 0.430511 0.229915
0.0421173 0.437356 0.222733
0.218115 0.430511 0.291808
0.249154 0.465838 0.321153
0.0764149 0.851702 0.411383
0.0488423 0.784135 0.436544
0.474089 0.465039 0.104443
0.493695 0.606377 0.416444
0.459963 0.147114 0.183706
0.139078 0.404137 0.348181
0.405184 0.430511 0.0844835
0.0698192 0.911133 0.41371
0.200803 0.430511 0.114129
0.0798542 0.0393338 0.483952
0.0828551 0.497949 0.398087
0.254602 0.953433 0.434512
0.33058 0.430511 0.386661
0.18829 0.623463 0.411992
0.0915761 0.136135 0.104847
0.144461 0.430511 0.256836
0.311213 0.465838 0.0905798
0.33026 0.430511 0.366211
0.480785 0.47281 0.398454
0.0656346 0.895071 0.443689
0.113676 0.239576 0.103326
0.371795 0.465838 0.196216
0.0578299 0.76694 0.406611
0.263386 0.136309 0.262018
0.211916 0.430511 0.160791
0.448786 0.114683 0.286662
0.494581 0.769532 0.421692
0.103618 0.230521 0.108381
0.417218 0.465838 0.177948
0.0498555 0.672812 0.386484
0.450778 0.239862 0.390684
0.439948 0.465838 0.217518
0.055423 0.465838 0.213962
0.252888 0.430511 0.205553
0.346294 0.137998 0.259418
0.180042 0.944514 0.444766
0.427424 0.430511 0.0940093
0.0901899 0.430511 0.339684
0.474182 0.0699356 0.0620888
0.282472 0.465838 0.419909
0.461964 0.895996 0.415366
0.245199 0.430511 0.199197
0.495567 0.779761 0.3989
0.483865 0.639694 0.420244
0.403611 0.136004 0.262815
0.448382 0.126247 0.188165
0.434117 0.214745 0.0815626
0.0883989 0.122335 0.308448
0.411554 0.36016 0.3813
0.0957026 0.442978 0.354081
0.0888295 0.105901 0.453282
0.310996 0.430511 0.252135
0.255007 0.465838 0.0686325
0.0723036 0.141439 0.205586
0.108411 0.375286 0.342276
0.445538 0.119709 0.244156
0.108517 0.430511 0.0761774
0.10134 0.555661 0.393507
0.436893 0.465838 0.0901991
0.407356 0.493739 0.379387
0.0931408 0.139311 0.104187
0.435804 0.430511 0.294097
0.487422 0.439879 0.163394
0.448679 0.0989429 0.455597
0.328559 0.656318 0.400379
0.183507 0.859645 0.419993
0.156902 0.432933 0.114968
0.490419 0.465838 0.279571
0.302408 0.465838 0.319682
0.0579751 0.455226 0.328166
0.253521 0.465838 0.391981
0.243878 0.465838 0.223809
0.117109 0.34759 0.354173
0.247928 0.465838 0.0799153
0.357684 0.465838 0.131349
0.487329 0.452405 0.331272
0.326304 0.95055 0.418328
0.234452 0.465838 0.372575
0.11597 0.465838 0.36006
0.240239 0.430511 0.335302
0.379848 0.430511 0.405454
0.0280822 0.705115 0.394436
0.154203 0.430511 0.217175
0.133752 0.430511 0.218696
0.481377 0.750172 0.423219
0.050976 0.527441 0.389523
0.0939864 0.430511 0.184523
0.105206 0.180087 0.0829717
0.0950454 0.900286 0.437425
0.0739977 0.430511 0.346538
0.339991 0.582602 0.38636
0.357978 0.845236 0.436813
0.506934 0.606264 0.401106
0.0672453 0.149469 0.0729275
0.339646 0.430511 0.387929
0.173646 0.641016 0.401684
0.0618814 0.640979 0.418989
0.502576 0.698146 0.389583
0.161723 0.430511 0.216627
0.153269 0.430511 0.335955
0.0466354 0.464516 0.266285
0.493769 0.593319 0.414953
0.466044 0.430511 0.182141
0.326188 0.631894 0.404741
0.420502 0.135196 0.245619
0.0587376 0.884681 0.436004
0.371913 0.465838 0.163672
0.334148 0.465838 0.222294
0.464108 0.430511 0.355072
0.135681 0.430511 0.164735
0.110041 0.410784 0.130603
0.170101 0.96961 0.439615
0.0350216 0.605963 0.392553
0.0941008 0.430511 0.150327
0.365534 0.430511 0.289206
0.238665 0.430511 0.407656
0.139418 0.465838 0.401022
0.227418 0.465838 0.0381832
0.239926 0.430511 0.337832
0.0840061 0.0850789 0.476983
0.266021 0.465838 0.250948
0.059417 0.0747475 0.48069
0.183284 0.465838 0.0700901
0.401392 0.398769 0.364087
0.0581008 0.0687435 0.467917
0.454519 0.109631 0.461215
0.421924 0.138835 0.254919
0.408342 0.448916 0.114089
0.0826865 0.430511 0.216708
0.0759524 0.531087 0.399744
0.10275 0.430511 0.356623
0.391182 0.948859 0.427883
0.239987 0.430511 0.0679911
0.348538 0.465838 0.251182
0.411012 0.304732 0.382578
0.062957 0.465838 0.17607
0.20597 0.529992 0.38998
0.0686669 0.170762 0.0879111
0.314217 0.430511 0.356786
0.06148 0.103198 0.457958
0.372217 0.13141 0.266574
0.23344 0.430511 0.211025
0.160116 0.430511 0.0507798
0.497149 0.579016 0.375974
0.42443 0.292146 0.0864773
0.0558493 0.778527 0.425491
