0.0440101 0.435993 0.038516
0.314543 0.222823 0.0864371
0.328948 0.0806129 0.0610148
0.334648 0.427506 0.353371
0.32562 0.139659 0.0610148
0.174683 0.435993 0.293864
0.0440667 0.0744084 0.349193
0.0578941 0.138709 0.0864371
0.0685481 0.0837232 0.0864371
0.187899 0.435993 0.323958
0.311818 0.127445 0.0864371
0.417055 0.974421 0.0492222
0.39315 0.855394 0.0505393
0.388649 0.641071 0.198719
0.400013 0.695021 0.134216
0.258426 0.435993 0.29385
0.408761 0.946333 0.339315
0.231439 0.461415 0.373181
0.0582114 0.429652 0.0610148
0.444748 0.969667 0.149331
0.375347 0.632211 0.356336
0.330039 0.134491 0.327948
0.0657544 0.0388811 0.327948
0.41885 0.804757 0.0680151
0.355489 0.436012 0.209301
0.449945 0.885724 0.284626
0.082058 0.461415 0.181327
0.336422 0.0476793 0.0721459
0.287678 0.435993 0.0534142
0.443944 0.850763 0.144119
0.20366 0.435993 0.0489152
0.362594 0.577206 0.145199
0.351961 0.448219 0.203502
0.215028 0.435993 0.245989
0.257623 0.461415 0.350727
0.32181 0.461415 0.236179
 0.311 0.098116 0.0750563
0.26141 0.435993 0.164071
 0.025 0.443652 0.217856
0.333941 0.0789414 0.353371
0.261897 0.461415 0.0586595
0.404878 0.923712 0.370986
0.461652 0.953925 0.105219
0.395171 0.722356 0.356336
0.348174 0.471793 0.286002
0.313763 0.314009 0.0610148
0.385939 0.713208 0.213531
0.402763 0.739461 0.0749971
0.448025 0.874541 0.315571
0.244433 0.435993 0.221935
0.0587549 0.461415 0.2788
0.395148 0.867034 0.29353
0.44458 0.854472 0.0941575
0.384998 0.640031 0.128384
0.336422 0.241869 0.0619986
0.144851 0.461415 0.379659
0.049503 0.435993 0.122848
0.345227 0.476032 0.207263
0.0440667 0.435638 0.334963
0.336422 0.341867 0.340135
0.328898 0.206704 0.353371
0.230956 0.461415 0.304562
0.046273 0.435993 0.0391851
0.253828 0.461415 0.343521
0.392721 0.832431 0.0294116
0.0951204 0.461415 0.284103
0.36513 0.508011 0.0580489
0.410184 0.954625 0.29081
0.104047 0.441435 0.0334741
0.376765 0.559589 0.341513
0.18737 0.435993 0.165692
0.0440667 0.391297 0.345645
0.317711 0.164636 0.0610148
0.174594 0.461415 0.225363
0.330617 0.0701931 0.327948
0.149001 0.461415 0.27422
0.24272 0.435993 0.15161
0.42852 0.972453 0.35196
0.430609 0.972094 0.344172
0.377753 0.665515 0.212153
0.452569 0.90101 0.330835
0.392641 0.852427 0.366785
0.0909805 0.435993 0.278832
0.448349 0.876427 0.323357
0.355489 0.455763 0.245795
0.0964141 0.461415 0.302915
0.0546114 0.140362 0.0610148
0.0872257 0.461415 0.194687
0.459093 0.967205 0.14675
0.320494 0.373379 0.0610148
0.457114 0.935084 0.389385
0.0800357 0.461415 0.307564
0.362951 0.502716 0.198719
0.0391685 0.461415 0.278658
0.255006 0.435993 0.310549
0.208174 0.435993 0.241901
0.16397 0.435993 0.379151
0.0694889 0.254505 0.0740884
0.35273 0.435993 0.289952
 0.025 0.455361 0.311831
0.404563 0.92188 0.375219
0.0554643 0.461415 0.332944
0.453148 0.904386 0.204092
0.450227 0.887367 0.0811141
0.433153 0.971658 0.0615386
0.412826 0.970015 0.268208
0.463217 0.963042 0.199667
0.0694669 0.0484322 0.0864371
0.0694889 0.245807 0.349065
 0.311 0.268863 0.328849
 0.311 0.330903 0.0736177
0.387158 0.720308 0.203025
0.0580837 0.338943 0.353371
0.12821 0.461415 0.0446239
0.20382 0.461415 0.136897
0.445974 0.862591 0.237288
0.225252 0.461415 0.0677308
0.0475576 0.435993 0.0651538
0.384179 0.602777 0.199884
0.399551 0.69233 0.272453
0.338588 0.461415 0.236915
0.370699 0.554435 0.0749971
0.452364 0.899818 0.206499
0.089106 0.461415 0.177559
0.191682 0.435993 0.211536
0.345567 0.469322 0.339388
0.422456 0.973494 0.111138
0.233125 0.435993 0.26918
0.0508896 0.461415 0.197047
0.225096 0.435993 0.230395
0.387955 0.673235 0.145332
0.0619846 0.225917 0.327948
0.189492 0.43798 0.380911
0.111153 0.435993 0.278723
0.404675 0.754482 0.286002
0.38769 0.702781 0.269053
0.407961 0.941673 0.352886
 0.311 0.157488 0.0621498
0.407167 0.937048 0.175232
0.331291 0.264183 0.353371
0.0793399 0.461415 0.0524911
0.369151 0.615403 0.269901
0.0467095 0.21302 0.0610148
0.312533 0.415994 0.0610148
0.0495801 0.24728 0.353371
0.441385 0.835855 0.0956804
0.317111 0.17831 0.0864371
0.251086 0.461415 0.220443
0.264351 0.461415 0.245851
0.407337 0.93804 0.379378
0.129571 0.461415 0.173158
0.060129 0.461415 0.169598
0.359178 0.500518 0.215667
0.066721 0.256219 0.327948
0.136745 0.461415 0.257209
0.393479 0.85731 0.100982
0.407045 0.936336 0.382644
0.0447267 0.344045 0.353371
0.366396 0.599353 0.213004
0.0440667 0.115455 0.0728503
0.406145 0.931094 0.209766
0.46024 0.9457 0.355428
0.39481 0.73331 0.269053
0.458449 0.935268 0.153075
0.336422 0.293957 0.0819768
0.109221 0.461415 0.204549
0.313488 0.435993 0.188653
0.400512 0.788964 0.0749971
0.0440667 0.21469 0.0776552
0.328454 0.0293051 0.0864371
0.258044 0.454714 0.380911
 0.311 0.162713 0.343391
0.33504 0.29756 0.327948
0.0578631 0.435993 0.276584
0.223356 0.448335 0.380911
0.393985 0.860256 0.09104
0.390916 0.842379 0.242225
0.334509  0.025 0.329209
0.136084 0.461415 0.337275
0.355489 0.453051 0.104055
0.0566627 0.216854 0.0864371
0.440883 0.832931 0.0453755
0.277506 0.435993 0.349061
0.0508963 0.120752 0.327948
0.0358334 0.435993 0.187558
0.396299 0.873736 0.120446
0.239324 0.435993 0.338719
0.235085 0.461415 0.365305
 0.311 0.250948 0.339941
0.336422 0.0271477 0.0864177
0.397664 0.88169 0.0576468
0.128385 0.435993 0.155801
0.0440667 0.204493 0.0723462
0.19407 0.435993 0.266885
 0.311 0.184506 0.0633715
0.205314 0.461415 0.12694
0.336422 0.353297 0.0740906
0.388547 0.709628 0.339388
0.255328 0.461415 0.112494
0.157056 0.435993 0.119122
0.383935 0.70153 0.0711015
0.0440667 0.314768 0.0694695
0.332918 0.435993 0.294541
0.409849 0.952673 0.280669
0.402551 0.711125 0.0749971
 0.311 0.371956 0.0741921
0.175978 0.435993 0.323744
0.40145 0.903743 0.184317
0.0512117 0.0447865 0.0610148
0.375926 0.654873 0.280142
0.388102 0.680686 0.198719
0.404292 0.820123 0.276837
 0.311 0.160638 0.086234
0.442317 0.841288 0.0322465
0.434173 0.847279 0.389385
0.355489 0.442679 0.304865
0.432677 0.971739 0.14185
0.168911 0.461415 0.247129
0.392631 0.752192 0.284657
0.459418 0.940912 0.177261
0.404315 0.920433 0.338881
0.355489 0.45228 0.131961
0.40551 0.927395 0.182825
0.238345 0.435993 0.198594
0.0544681 0.426639 0.353371
0.410897 0.958777 0.111824
0.411075 0.959815 0.169474
0.445196 0.858057 0.276087
0.136606 0.435993 0.329118
0.130148 0.459359 0.0334741
0.233649 0.435993 0.0627466
0.0482901 0.145709 0.327948
0.0574622 0.461415 0.330879
0.409032 0.947911 0.213912
0.431926 0.825702 0.186583
0.316156 0.461415 0.295405
0.41416 0.777434 0.339889
0.0865376 0.435993 0.249622
 0.311 0.151262 0.349917
0.35099 0.509608 0.283016
0.336422 0.0822586 0.351493
0.102406 0.461415 0.0976657
0.316113 0.363881 0.0610148
 0.311 0.123032 0.332126
0.315752 0.461415 0.0725451
0.321487 0.461415 0.174424
0.41613 0.790794 0.128384
0.241416 0.461415 0.245176
0.314897 0.170539 0.353371
0.208828 0.456856 0.0334741
0.0440667 0.358938 0.333664
0.0857309 0.461415 0.376716
0.312244 0.286178 0.327948
0.0300707 0.435993 0.117385
0.0654039  0.025 0.0808773
0.141103 0.461415 0.182884
0.383481 0.598711 0.352668
0.0813502 0.461415 0.212204
0.0454029 0.350265 0.0864371
0.344947 0.461415 0.345965
0.0932481 0.461415 0.356269
0.36959 0.539881 0.0749971
0.0450031 0.461415 0.191606
0.398607 0.768526 0.339388
0.0636364 0.461415 0.181336
 0.311 0.0376509 0.0742677
0.0656993 0.446162 0.331722
 0.311 0.42246 0.0711539
0.0651404 0.216706 0.353371
0.336422 0.152378 0.0614602
0.0688662 0.444899 0.380911
0.189276 0.435993 0.340044
0.459361 0.94058 0.144018
0.343185 0.464138 0.350645
0.0669332 0.435993 0.243789
0.0935071 0.435993 0.0782491
0.45812 0.933347 0.260356
0.329371 0.123609 0.0610148
0.442494 0.970054 0.173154
0.457091 0.927353 0.0636536
0.0463412 0.401897 0.0864371
0.310667 0.461415 0.271318
 0.311 0.32634 0.080938
0.298624 0.435993 0.12569
0.373619 0.561305 0.339388
0.455321 0.917045 0.114903
0.410539 0.829373 0.0868624
0.189734 0.435993 0.203095
0.410358 0.78164 0.356336
0.37698 0.661012 0.285265
0.0583623 0.404094 0.0610148
0.417084 0.794466 0.204258
0.36081 0.466641 0.282249
0.260106 0.435993 0.0700284
0.190209 0.435993 0.35091
0.0453159 0.0776525 0.353371
0.312017 0.24392 0.0610148
0.351882 0.435993 0.317967
0.32833 0.181639 0.0610148
0.461697 0.954185 0.189367
0.282895 0.435993 0.0792369
0.430699 0.972079 0.278716
0.412554 0.829027 0.12911
0.362825 0.578554 0.281641
0.0440667 0.426529 0.065514
0.253463 0.436516 0.380911
0.386054 0.713877 0.133319
0.0529624 0.288552 0.353371
0.403052 0.913076 0.098047
0.349111 0.435993 0.148496
0.392603 0.852204 0.315098
0.41939 0.827853 0.257251
0.350033 0.461415 0.321477
 0.025 0.438581 0.28961
0.327299 0.0685327 0.0864371
0.394234 0.86171 0.189127
0.416342 0.790145 0.28238
0.336422 0.262176 0.0792623
0.371719 0.5706 0.286002
0.415147 0.828582 0.237939
0.351542 0.489907 0.128384
0.0970963 0.449771 0.0334741
0.364144 0.486063 0.072039
0.21131 0.461415 0.135801
0.0440667 0.223006 0.0617422
0.445179 0.85796 0.0387812
0.0385879 0.435993 0.241264
0.39072 0.741059 0.214651
0.435275 0.913103  0.025
0.152414 0.435993 0.166564
0.0440667 0.428385 0.340758
0.315925 0.276152 0.353371
0.401242 0.90253 0.192138
0.454717 0.913524 0.257481
 0.025 0.442634 0.289811
0.447259 0.870077 0.230757
0.178805 0.435993 0.0914782
0.157161 0.461415 0.0572921
0.335485 0.436285 0.353371
0.24534 0.435993 0.286322
0.170553 0.461415 0.358961
0.371888 0.575049 0.0749971
0.38441 0.704299 0.136879
0.120391 0.461415 0.25868
0.350563 0.461415 0.184303
0.401974 0.906797 0.384082
0.0359658 0.461415 0.178069
0.329221  0.025 0.341536
0.132407 0.461415 0.0826866
0.153799 0.435993 0.081604
0.369506 0.517297 0.351753
0.318317 0.191697 0.0864371
0.217987 0.435993 0.171542
0.361438 0.57047 0.133604
0.21227 0.461415 0.0530271
0.209747 0.435993 0.254823
0.251041 0.435993 0.194244
 0.025 0.44391 0.0645153
0.0552628 0.394545 0.353371
0.411303 0.760787 0.277775
0.336422 0.101166 0.0779937
0.162378 0.461415 0.0952768
0.280867 0.461415 0.240539
0.223043 0.435993 0.21682
0.201123 0.435993 0.106345
0.0328505 0.435993 0.0618373
0.158072 0.435993 0.14631
0.281952 0.435993 0.195836
0.0963243 0.461415 0.0959112
0.309494 0.461415 0.292421
0.0510116 0.239191 0.0610148
0.113818 0.461415 0.151804
0.408014 0.829806 0.331659
0.254338 0.461415 0.284541
0.392436 0.751056 0.0616095
0.355489 0.46082 0.143513
0.453557 0.906766 0.130685
0.0975592 0.461415 0.155925
0.15205 0.435993 0.0583619
0.375888 0.632778 0.0749971
0.378523 0.577782 0.128384
0.101304 0.461415 0.0957621
0.332696 0.0403198 0.0610148
0.421575 0.82063 0.345641
0.0449721 0.220118 0.353371
0.0440667 0.25679 0.074804
0.336422 0.43487 0.0855126
0.348889 0.448746 0.135345
0.0264903 0.435993 0.191484
0.423689 0.827115 0.0785686
0.151753 0.435993 0.375124
 0.025 0.436561 0.32537
0.406526 0.933313 0.102092
0.355222 0.496276 0.198719
0.119451 0.435993 0.107756
0.448433 0.876915 0.281398
0.252252 0.435993 0.0708994
0.365438 0.501842 0.339388
0.421862 0.87935 0.389385
0.0869835 0.461415 0.238224
0.19721 0.461415 0.362805
0.448289 0.876079 0.294538
0.316291 0.245189 0.0610148
0.421722 0.827454 0.0737842
0.353079 0.521773 0.210157
0.339221 0.461415 0.0695759
0.463232 0.963127 0.217114
0.315509 0.0985685 0.0864371
0.446682 0.866718 0.115854
0.296749 0.461415 0.375922
 0.311 0.25515 0.348958
0.131624 0.461415 0.124716
0.453561 0.906792 0.250052
0.41344 0.973589 0.160869
0.3635 0.575899 0.0749971
0.13293 0.435993 0.338257
0.108405 0.461415 0.24368
0.43643 0.824928 0.214532
0.339829 0.461415 0.195182
0.154317 0.435993 0.0613319
0.390015 0.668905 0.215667
0.0499743 0.461415 0.332377
0.187647 0.435993 0.0882264
0.463709 0.966412 0.370455
0.44858 0.877771 0.271694
0.0955677 0.458352 0.380911
0.127621 0.435993 0.113131
0.357729 0.548866 0.0597319
0.0539389 0.0418129 0.0864371
0.173518 0.435993 0.30319
0.141995 0.435993 0.128014
0.409496 0.829552 0.0562386
0.320638 0.461415 0.34759
0.398757 0.888053 0.211903
0.0818069 0.435993 0.350139
0.110779 0.459515 0.380911
0.136182 0.435993 0.101008
0.0941826 0.435993 0.192241
0.402408 0.909324 0.136523
0.357105 0.521042 0.339388
0.389521 0.635874 0.128384
0.401084 0.901612 0.20936
0.250421 0.461415 0.0781194
0.0510904 0.158792 0.353371
0.136962 0.461415 0.241213
0.0694889 0.100256 0.348866
0.209493 0.461415 0.210171
0.437407 0.871063 0.389385
0.0520988 0.236151 0.0864371
0.401516 0.90413 0.102229
0.378703 0.67105 0.349905
0.0440667 0.299663 0.0755738
0.125377 0.435993 0.369546
0.44693 0.86816 0.112544
0.326447 0.435993 0.292506
0.364127 0.586139 0.0681512
0.185494 0.461415 0.2239
 0.311 0.356937 0.0811139
0.329912 0.316107 0.327948
0.4031 0.913356 0.0734872
0.451047 0.892144 0.210844
0.0496448 0.375068 0.0610148
0.336422 0.170256 0.063797
0.117396 0.435993 0.224962
0.450162 0.886987 0.381587
0.285393 0.461415 0.285998
0.426882 0.826567 0.186323
0.39656 0.875259 0.0435016
0.285806 0.461415 0.0433388
0.405206 0.795678 0.215667
 0.311 0.429446 0.351694
0.421861 0.881719 0.389385
0.360197 0.516358 0.356336
0.0694889 0.272594 0.33978
0.173975 0.435993 0.324358
0.394749 0.864706 0.127128
0.424151 0.973203 0.0513378
0.0603223 0.435993 0.124315
0.315858 0.435993 0.29632
0.311612 0.301863 0.0610148
0.336422 0.411963 0.0653057
0.224813 0.435993 0.116973
0.0496691 0.431378 0.327948
0.0440667 0.313941 0.330101
0.197237 0.435993 0.340065
0.323383 0.461415 0.117675
0.0440667 0.135099 0.081416
0.0488742 0.158422 0.327948
0.089897 0.461415 0.346388
0.040277 0.435993 0.198288
0.288049 0.435993 0.0764768
0.0827235 0.435993 0.127965
 0.311 0.189015 0.0782526
0.0694889 0.194952 0.0711988
0.284027 0.461415 0.177007
0.443083 0.845747 0.0424574
0.419432 0.808149 0.205565
0.0636249 0.417558 0.327948
0.38458 0.605782 0.339388
0.412262 0.829077 0.0328907
0.097986 0.435993 0.254714
 0.025 0.455134 0.332905
0.0314557 0.442992 0.0334741
0.40315 0.913646 0.0775557
0.0457907 0.461415 0.202287
0.32201 0.344376 0.353371
0.45715 0.9277 0.0349048
0.277233 0.461415 0.348004
0.398399 0.885967 0.139926
0.216145 0.450127 0.380911
0.0440667 0.22499 0.0724992
0.444366 0.969733 0.333061
 0.025 0.436154 0.235329
0.227904 0.461415 0.17709
0.424648 0.826951 0.261641
0.127451 0.435993 0.0407203
0.462134 0.966683 0.156084
0.0660859 0.461415 0.280014
0.411275 0.960979 0.214937
0.375545 0.55248 0.133103
0.074983 0.461415 0.0436603
0.354822 0.494187 0.356336
0.41369 0.974999 0.315808
0.315466 0.093522 0.0864371
0.206026 0.435993 0.0837266
0.161037 0.461415 0.307816
0.420492 0.827665 0.343708
0.29173 0.435993 0.3565
0.323016 0.445799 0.353371
0.119755 0.435993 0.342623
0.422113 0.827387 0.280255
0.379052 0.637433 0.128384
0.392749 0.742624 0.286002
0.324516 0.217026 0.0864371
0.0440667 0.402534 0.341329
0.381682 0.588231 0.130998
0.125306 0.461415 0.371187
0.275597 0.461415 0.258663
0.421988 0.849384 0.389385
0.225051 0.435993 0.291521
0.182563 0.461415 0.371343
0.376782 0.584538 0.356336
0.119777 0.461415 0.268498
0.288726 0.461415 0.237306
0.373561 0.641096 0.0725349
0.443684 0.849252 0.205835
0.121588 0.461415 0.158011
0.405744 0.928757 0.250612
 0.025 0.455078 0.104364
0.443046 0.969959 0.148644
0.420709 0.973794 0.34686
0.445327 0.858819 0.189522
0.43475 0.834694  0.025
0.158631 0.461415 0.0392907
0.316767 0.435993 0.186561
0.0694889 0.239185 0.33027
0.275932 0.435993 0.137942
0.0885354 0.461415 0.341309
 0.025 0.458465 0.373068
0.270533 0.435993 0.306311
0.390498 0.839943 0.161201
0.323391 0.0857486 0.0610148
0.460237 0.945684 0.214007
0.32412 0.21234 0.0610148
0.218776 0.435993 0.0547805
0.22389 0.435993 0.108412
0.391049 0.642797 0.206951
0.251647 0.435993 0.334114
0.412337 0.967166 0.32095
0.0440667 0.281366 0.333836
0.286456 0.435993 0.156817
0.437755 0.841598 0.389385
0.151396 0.435993 0.0509147
 0.025 0.445218 0.312803
0.0642579 0.186805 0.0610148
0.423321 0.827179 0.0252894
0.217735 0.461415 0.373089
0.391758 0.747106 0.207395
0.0694889 0.148509 0.337114
0.396084 0.761808 0.286002
0.066016 0.461415 0.067242
0.315228 0.435993 0.292479
0.299845 0.461415 0.356358
0.0694889 0.177156 0.0828348
0.359093 0.456638 0.0598028
0.423005 0.853808  0.025
0.336422 0.323656 0.346692
0.264397 0.461415 0.130168
0.427712 0.972592 0.211136
0.0440667 0.0519706 0.0791018
0.370892 0.625547 0.279574
0.0440667 0.275278 0.0747346
0.316448 0.208979 0.0864371
0.349689 0.45919 0.339388
0.389648 0.699429 0.128384
0.461649 0.95391 0.249199
 0.025 0.445194 0.196885
0.0694889 0.332896 0.336319
0.158709 0.437574 0.380911
0.318777 0.25588 0.0610148
0.302291 0.461415 0.149031
0.300348 0.461415 0.2215
0.342981 0.435993 0.23398
0.36209 0.483503 0.0580489
0.0285835 0.435993 0.216835
0.243932 0.461415 0.266892
0.355489 0.455138 0.323307
0.317512 0.0365144 0.0610148
0.0694889 0.188596 0.328797
0.353117 0.435993 0.0909053
0.165675 0.435993 0.373388
0.463326 0.966478 0.314121
0.445282 0.858559 0.154415
0.0734316 0.461415 0.122926
0.459445 0.941066 0.359767
0.4494 0.882551 0.178159
0.456319 0.922859 0.159509
0.352587 0.461415 0.222519
0.365881 0.496179 0.35424
0.430959 0.867954 0.389385
0.307424 0.435993 0.197445
0.351139 0.461404 0.128384
0.414186 0.974913 0.304527
0.335538 0.4458 0.327948
0.0440667 0.442414 0.343037
0.451242 0.89328 0.0360117
0.255033 0.461415 0.0988693
0.399184 0.890543 0.379453
0.248768 0.461415 0.233704
0.361144 0.468584 0.0623329
0.362951 0.479112 0.0632401
0.40526 0.925936 0.284031
0.395341 0.868158 0.103609
0.329845 0.234875 0.0864371
0.336422 0.307809 0.0806326
0.415425 0.828534 0.343317
0.0474198 0.461415 0.0819508
0.336422 0.295365 0.0703502
0.218495 0.435993 0.156988
0.21718 0.461415 0.133653
0.334309 0.446162 0.0795534
0.179217 0.461415 0.320806
0.277606 0.461415 0.210563
0.0585871 0.411864 0.353371
0.240733 0.461415 0.184307
0.106217 0.435993 0.0988945
0.26963 0.435993 0.302021
0.440846 0.832718 0.223729
0.31857  0.025 0.349285
0.448859 0.879399 0.137804
0.397623 0.881449 0.102047
0.0477466 0.301468 0.353371
0.369112 0.515003 0.132293
0.284638 0.435993 0.126577
0.0440667 0.231186 0.333037
0.454711 0.913491 0.0622934
0.205642 0.435993 0.28732
 0.311 0.280649 0.344795
0.117974 0.461415 0.0819958
0.0694889 0.196608 0.0830371
0.40795 0.829818 0.276664
0.265449 0.435993 0.300594
0.066221 0.0407273 0.0864371
0.401658 0.830897 0.318181
0.456925 0.926389 0.374382
0.342125 0.435993 0.254688
0.37083 0.557747 0.286002
0.0955081 0.452152 0.0334741
0.227745 0.461415 0.317108
0.142142 0.461415 0.219015
0.462877 0.961059 0.143766
0.309479 0.461415 0.319379
0.45677 0.925487 0.0295655
0.430045 0.949092 0.389385
0.304426 0.461415 0.0675226
0.0733961 0.461415 0.128394
0.0475817 0.461415 0.369212
0.0617656 0.461415 0.279428
0.407825 0.940878 0.286733
0.315012 0.212603 0.327948
0.0548429 0.410953 0.0610148
0.0264754 0.461415 0.298508
0.30533 0.461415 0.213799
0.336422 0.25525 0.0841696
0.450842 0.89095 0.113659
0.462631 0.959629 0.380104
 0.025 0.447686 0.146109
0.370221 0.621639 0.130781
0.0953669 0.461415 0.171398
0.0899424 0.461415 0.198085
0.321358 0.0328269 0.327948
0.0555131 0.220678 0.0864371
0.321162 0.435993 0.350198
0.393163 0.855466 0.358606
0.451852 0.896835 0.353498
0.420328 0.827693 0.064777
0.333903 0.095993 0.0610148
0.409192 0.829604 0.232836
0.451594 0.968492 0.136734
0.406602 0.933756 0.0675524
0.0674458 0.130466 0.353371
0.451518 0.894887 0.186223
0.166787 0.444469 0.380911
0.163755 0.461415 0.279934
0.0689362 0.299513 0.0610148
0.409029 0.826647 0.0580489
0.128744 0.461415 0.268905
0.0694889 0.0547135 0.082241
0.336422 0.17171 0.0832985
0.434694 0.825226 0.098949
0.268984 0.435993 0.275819
0.368457 0.611362 0.276688
0.405066 0.792576 0.0580489
0.385705 0.711845 0.339811
0.0440667 0.217399 0.340032
0.336422 0.38011 0.336172
0.212706 0.435993 0.307804
0.384233 0.603091 0.138143
0.390303 0.838805 0.296989
0.3298 0.461415 0.0947725
0.067248 0.461415 0.245578
0.0727417 0.435993 0.287872
0.330565 0.169661 0.0610148
0.401796 0.768668 0.269053
0.451769 0.896347 0.320649
0.293328 0.461415 0.0962816
0.322768 0.145941 0.353371
0.440943 0.833283 0.0963498
0.338947 0.461415 0.122071
0.400719 0.899484 0.0708347
0.351316 0.435993 0.279964
0.0372264 0.435993 0.161368
0.0694889 0.431739 0.328497
0.333956 0.338621 0.327948
0.414455 0.828701 0.14654
0.0670238 0.265652 0.0610148
0.400149 0.795988 0.144605
0.39786 0.752701 0.356336
0.355489 0.459566 0.174533
0.044069 0.214471 0.0864371
 0.025 0.444115 0.305939
0.0764733 0.435993 0.312241
0.129281 0.461415 0.216963
0.0268055 0.435993 0.333434
0.412482 0.810169 0.0580489
0.417974 0.974263 0.255221
0.0888041 0.435993 0.206586
0.196868 0.461415 0.262549
0.399892 0.89467 0.0326225
0.0649838 0.435993 0.222541
0.346326 0.461415 0.379778
0.235583 0.435993 0.080245
0.101209 0.435993 0.127782
0.365054 0.491361 0.35281
0.0637168 0.0266244 0.353371
0.336422 0.0907112 0.336454
0.412729 0.769099 0.0645869
0.336422 0.30574 0.0657432
0.4127 0.969277 0.262393
0.0440667 0.104231 0.0741877
0.397392 0.880101 0.152328
0.403006 0.912806 0.0392834
0.232423 0.435993 0.122205
0.356669 0.478462 0.198719
0.0461846 0.435993 0.157967
0.38958 0.834595 0.0629606
0.376988 0.656192 0.0580489
0.428492 0.878446  0.025
0.110558 0.435993 0.0508861
0.427366 0.972651 0.0659796
0.456017 0.967733 0.100611
0.381474 0.593868 0.286002
0.310576 0.435993 0.066088
0.36705 0.566353 0.145332
0.447135 0.869357 0.33155
0.0490599 0.460618 0.380911
0.364667 0.489106 0.271875
0.167473 0.4379 0.380911
0.355489 0.454447 0.244005
0.375334 0.552244 0.215667
0.409447 0.796378 0.286002
0.313612 0.435993 0.128405
0.312738  0.025 0.0705005
0.459471 0.96714 0.0298839
0.0651058 0.166092 0.0610148
0.259254 0.435993 0.339427
0.288244 0.435993 0.179713
0.459732 0.942741 0.271853
0.39482 0.865121 0.120263
0.412801 0.916004  0.025
0.0694889 0.374652 0.0662085
0.302203 0.461415 0.183904
0.396921 0.777183 0.141514
0.312245 0.461415 0.253267
0.319939 0.316331 0.0864371
0.179161 0.461415 0.352349
0.214567 0.461415 0.252023
0.404613 0.922172 0.354231
0.359082 0.523641 0.0580489
0.273607 0.435993 0.108858
0.24891 0.435993 0.112765
0.103615 0.461415 0.203795
 0.311 0.088664 0.0646887
0.0467955 0.435993 0.0446963
0.326583 0.33855 0.0610148
0.0969537 0.461415 0.219821
 0.311 0.096861 0.349382
0.452123 0.898414 0.297054
 0.311 0.153986 0.0629352
0.382032 0.690444 0.203593
0.0449042 0.288959 0.327948
0.410948 0.959071 0.316031
0.439651 0.825753 0.265818
0.0440667 0.393853 0.333231
0.0834152 0.45517 0.0334741
0.333556 0.285272 0.327948
0.336422 0.351981 0.347812
0.445505 0.859858 0.129973
0.40686 0.796783 0.0580489
0.0694217 0.130873 0.0610148
0.355489 0.445101 0.0623815
0.452308 0.899488 0.262088
 0.311 0.274248 0.0657212
0.412691 0.768879 0.0603848
0.402846 0.711526 0.272418
0.124662 0.435993 0.073645
0.112443 0.461415 0.252106
0.396951 0.877535 0.0864673
0.378394 0.596995 0.286002
0.0576384 0.461415 0.28715
0.406553 0.933471 0.351623
0.0440667 0.225816 0.340781
0.0648969 0.0597486 0.0864371
0.0694889 0.412878 0.083594
0.38439 0.679315 0.145332
0.283062 0.461415 0.0783316
0.278867 0.435993 0.283006
0.131972 0.435993 0.308472
0.302967 0.461415 0.0515627
0.0694889 0.387663 0.337895
0.213426 0.461415 0.186227
0.331169 0.428721 0.353371
0.212939 0.435993 0.0966895
0.435796 0.971204 0.32391
0.463404 0.964134 0.253474
0.325823 0.0359935 0.327948
0.351088 0.461415 0.234251
0.31973 0.304628 0.327948
0.272804 0.435993 0.333632
0.332324 0.395577 0.0610148
0.380648 0.682385 0.28386
0.294309 0.435993 0.168665
0.314664 0.461415 0.285691
0.194857 0.435993 0.107108
0.373019 0.621772 0.145332
0.336422 0.198178 0.083389
0.449315 0.882056 0.325066
0.400162 0.724483 0.0749971
0.0440667 0.442709 0.33396
0.365719 0.518123 0.0580489
0.0671256 0.178676 0.353371
0.34283 0.449786 0.0660632
0.390631 0.840717 0.199635
0.43912 0.880131  0.025
0.26881 0.435993 0.304883
0.353788 0.461415 0.0619737
0.462945 0.96146 0.338114
0.0626712 0.461415 0.229354
0.40159 0.904557 0.222603
0.049052 0.435993 0.243457
0.0538015 0.33515 0.327948
0.0694889 0.144462 0.0634094
0.230709 0.461415 0.101924
0.318746 0.149875 0.353371
0.160404 0.461415 0.165709
0.220929 0.435993 0.153855
0.202742 0.461415 0.162248
0.0694889 0.196297 0.078427
0.371956 0.531571 0.345249
0.459777 0.967087 0.389277
0.353618 0.455418 0.356336
0.102588 0.461415 0.334384
0.0476032 0.259743 0.327948
0.0440667 0.11115 0.0737791
0.0694889 0.345228 0.0830494
0.159819 0.461415 0.192132
0.460032 0.944488 0.29028
0.344978 0.461415 0.20259
0.155238 0.435993 0.366075
0.336422 0.243122 0.0708585
0.402977 0.912636 0.143473
0.16757 0.435993 0.229635
0.0447229 0.435993 0.244246
0.19936 0.461415 0.35905
0.317195 0.435993 0.178759
0.458194 0.967359 0.159739
0.0468807 0.332566 0.353371
0.204476 0.435993 0.253418
0.0632813 0.446162 0.339042
0.0470491 0.0701513 0.0864371
0.120601 0.435993 0.371287
 0.311 0.153231 0.34513
0.410856 0.87985 0.389385
0.342209 0.458453 0.341254
 0.311 0.221895 0.348114
0.45791 0.932123 0.0650109
0.376276 0.556736 0.060427
0.396097 0.672205 0.0637939
0.0273203 0.435993 0.0888046
0.222109 0.461415 0.263016
0.406753 0.934636 0.228783
0.402514 0.890489 0.389385
0.336422 0.0632419 0.3517
0.400001 0.795129 0.211616
0.166566 0.435993 0.0499055
0.394892 0.832059 0.161165
0.193772 0.435993 0.0885806
0.315666 0.19359 0.0864371
0.305105 0.461415 0.18955
0.344318 0.470738 0.0646281
0.0440667 0.13811 0.0722483
0.333313 0.0397428 0.353371
0.248336 0.461415 0.304621
0.413455 0.819901 0.0580489
0.445336 0.858874 0.0277037
0.415593 0.796866 0.0749971
0.457059 0.967554 0.137252
0.420657 0.815281 0.0713636
0.405995 0.930222 0.287375
0.162575 0.435993 0.305574
0.336422 0.400797 0.338173
0.410694 0.957594 0.0745244
0.395083 0.689173 0.215667
 0.025 0.45676 0.122047
0.163234 0.435993 0.151097
0.437597 0.970895 0.218222
0.332111 0.252761 0.0864371
0.0440667 0.242897 0.337844
0.333007 0.197266 0.0864371
0.44454 0.854236 0.182492
0.112805 0.442736 0.380911
0.176723 0.435993 0.216803
0.325407 0.152666 0.0864371
0.25181 0.435993 0.0784122
0.322985 0.0881847 0.0864371
0.452267 0.899252 0.146455
0.0546682 0.461415 0.0450102
0.103115 0.435993 0.188373
0.440014 0.82787 0.0639594
0.456149 0.921868 0.0512336
0.394579 0.863715 0.304159
0.322221 0.349742 0.0864371
0.426005 0.826718 0.337556
0.389075 0.632621 0.269053
0.440098 0.828358 0.236898
0.372756 0.636407 0.0642697
0.38727 0.677961 0.198719
0.265828 0.461415 0.048196
0.336422 0.168466 0.348656
0.4171 0.828246 0.36532
0.113532 0.435993 0.367827
0.165834 0.435993 0.0735803
0.254424 0.435993 0.306819
0.174393 0.458468 0.380911
0.334228 0.153359 0.0610148
0.336422 0.0804015 0.0779943
0.459446 0.967144 0.149788
0.360734 0.466198 0.0673305
0.394931 0.832052 0.174958
0.325878 0.145406 0.0864371
0.225101 0.435993 0.242405
0.294892 0.435993 0.190762
0.372683 0.556075 0.145332
0.439801 0.826631 0.277113
0.31199 0.167127 0.0610148
0.0473522 0.0548132 0.327948
0.0403095 0.461415 0.20727
0.46318 0.962825 0.174913
0.443878 0.969817 0.228511
0.350909 0.435993 0.233228
0.317394 0.435993 0.296085
0.408353 0.943959 0.150499
0.0313434 0.435993 0.239158
0.355489 0.454755 0.127908
0.329705 0.211096 0.0864371
0.159845 0.435993 0.160211
0.247241 0.435993 0.262529
0.306333 0.442748 0.380911
0.120973 0.435993 0.290675
0.366934 0.536521 0.145332
0.363623 0.483027 0.0709097
0.317548 0.234755 0.353371
0.399679 0.693075 0.210177
0.0633081 0.435993 0.0969398
0.377548 0.57472 0.339388
0.444434 0.853617 0.335449
0.0676549 0.446162 0.349054
0.275717 0.452928 0.0334741
0.457944 0.932325 0.251271
0.175966 0.435993 0.198429
0.400262 0.896821 0.200683
0.183361 0.435993 0.167823
0.255068 0.461415 0.260518
0.0440667 0.333646 0.067509
0.0694889 0.384408 0.0631013
0.381198 0.58541 0.348367
0.0447119 0.435993 0.187499
0.287654 0.435993 0.141863
0.417554 0.811957 0.128384
0.143555 0.461415 0.263343
0.266192 0.461415 0.352511
0.0694889 0.392366 0.0801292
0.371319 0.54122 0.198719
0.401936 0.806399 0.353968
0.350916 0.509173 0.282544
0.0320644 0.461415 0.12805
0.287751 0.461415 0.296754
0.38949 0.834072 0.051633
0.342831 0.462076 0.283026
0.435863 0.968676  0.025
0.0694889 0.126329 0.0685625
0.393312 0.856336 0.239372
0.324203 0.435993 0.240293
0.38531 0.709544 0.0654038
0.265663 0.435993 0.144009
0.0694889 0.380086 0.332153
 0.025 0.46045 0.374242
0.374095 0.608694 0.198719
0.0694889 0.215582 0.349011
0.406393 0.830084 0.0267011
0.365546 0.565968 0.0749971
0.115649 0.461415 0.187744
0.153876 0.435993 0.320463
 0.311 0.436649 0.33615
0.0868828 0.435993 0.175748
0.241105 0.435993 0.338945
0.15364 0.435993 0.0335058
0.318725 0.0539902 0.353371
0.399406 0.891836 0.291946
0.319432 0.360304 0.327948
0.0694889 0.350649 0.0784698
0.0488562 0.0481084 0.353371
0.444835 0.855954 0.381262
0.427354 0.972653 0.0252905
0.321347 0.320192 0.0864371
0.398518 0.886665 0.215266
0.317381 0.0938966 0.0864371
0.392421 0.851147 0.232598
0.411716 0.890578  0.025
0.328111 0.446162 0.0725158
0.425653 0.826778 0.0820693
0.213221 0.435993 0.150521
0.151666 0.461415 0.241832
0.367069 0.596516 0.198719
0.0535331 0.461415 0.320502
0.449662 0.884077 0.161893
0.390387 0.839299 0.244929
0.0748069 0.435993 0.262659
0.0462504 0.435993 0.155868
0.0473026 0.435993 0.357751
 0.025 0.446743 0.308196
0.0440667 0.435919 0.0652227
0.178877 0.461415 0.1734
0.251247 0.461415 0.144037
0.355171 0.533961 0.131548
0.440811 0.832514 0.0433982
0.0440667 0.400026 0.333233
0.331729 0.316274 0.0864371
0.376823 0.633424 0.0580489
0.256402 0.461415 0.239001
0.453754 0.907916 0.274012
0.0440667 0.0752932 0.344137
0.325361 0.182278 0.327948
0.362872 0.542847 0.286002
0.036355 0.461415 0.193977
0.0500322 0.135245 0.353371
0.336422 0.0526104 0.0846345
0.436035 0.859064 0.389385
0.335809  0.025 0.0618152
0.0496704 0.461415 0.137643
0.336422 0.0717657 0.353259
 0.025 0.459566 0.0587464
0.241198 0.435993 0.0966757
0.0440667 0.139755 0.343426
0.0694889 0.0531391 0.066257
0.450801 0.890714 0.0556522
0.28775 0.435993 0.290622
0.357592 0.548066 0.355552
 0.025 0.45085 0.24502
0.361216 0.476191 0.215667
0.164751 0.461415 0.289967
0.380287 0.5821 0.286002
0.151897 0.461415 0.136004
0.443169 0.934361  0.025
 0.311 0.415394 0.07545
0.32342 0.292094 0.0610148
0.33305 0.180638 0.0864371
0.197974 0.461415 0.206637
0.416565 0.791446 0.0587254
0.405388 0.795472 0.286002
0.0440667 0.281535 0.332776
0.311243 0.234312 0.0864371
 0.311 0.340287 0.071245
0.368333 0.604637 0.215667
0.402356 0.717724 0.0580489
0.303593 0.461415 0.173783
0.385436 0.6101 0.285894
 0.311 0.32591 0.34239
0.315795 0.461415 0.0704485
0.397035 0.878026 0.241165
0.402782 0.804111 0.215667
0.185314 0.461415 0.215255
0.411867 0.764074 0.138625
0.405233 0.925783 0.115643
0.0475486 0.194162 0.353371
0.396971 0.877654 0.339423
0.181696 0.435993 0.159318
0.0694889 0.439007 0.0726814
0.426113 0.951003 0.389385
0.0694889 0.406027 0.343177
0.347209 0.487576 0.341323
0.408047 0.783281 0.339388
0.15549 0.435993 0.0531387
0.246054 0.435993 0.326861
0.457927 0.932227 0.179767
0.388002 0.712269 0.128384
0.130077 0.461415 0.16938
0.0694889 0.43126 0.341787
0.37442 0.549121 0.339388
0.331398 0.278311 0.0610148
0.0694889 0.208864 0.0807547
0.431295 0.971977 0.373369
0.398456 0.685946 0.137889
0.0632128  0.025 0.346838
0.447318 0.870417 0.304751
0.38705 0.659051 0.339388
0.353717 0.435993 0.0999032
0.442665 0.843316 0.151414
0.130843 0.461415 0.32334
0.399697 0.693177 0.144626
0.370537 0.523303 0.284906
0.363728 0.489098 0.339388
0.328876 0.361832 0.0610148
0.0694889 0.117812 0.346268
0.266204 0.461415 0.181816
0.336422 0.0267396 0.083155
0.0660363 0.270991 0.0610148
0.0580539 0.441854 0.0334741
0.155631 0.461415 0.105771
0.331024 0.461415 0.0358399
0.394987 0.832042 0.372114
0.399703 0.893566 0.34144
0.0694889 0.264982 0.352173
0.374283 0.645305 0.133912
0.176036 0.435993 0.037434
 0.311 0.280908 0.353178
0.0440667 0.128683 0.344964
0.350015 0.46525 0.215667
0.395532 0.831949 0.126645
0.0694889 0.121472 0.337546
0.239948 0.435993 0.136315
0.0694889 0.291249 0.34549
0.443771 0.849758 0.255588
0.238024 0.461415 0.299217
0.455717 0.919351 0.244816
0.442523 0.970049 0.134318
0.0694889 0.149278 0.0687332
0.399865 0.894512 0.105481
 0.311 0.122173 0.335087
0.183781 0.435993 0.294818
0.356362 0.456063 0.145332
0.412736 0.96949 0.224635
0.148777 0.435993 0.275459
0.32867 0.130568 0.327948
0.403787 0.917358 0.296389
0.313543 0.224458 0.327948
0.32423 0.349816 0.0610148
0.0694889 0.171413 0.333106
0.288546 0.435993 0.109919
0.0645227 0.461415 0.0975217
0.441904 0.838878 0.215458
0.0694889 0.129858 0.0687659
0.0666462 0.435993 0.204646
0.403341 0.734278 0.215667
0.0342223 0.435993 0.0857909
0.256313 0.461415 0.192026
0.0481277 0.322081 0.353371
0.0609258 0.461415 0.24926
0.133686 0.449549 0.0334741
0.409507 0.82955 0.106684
0.368427 0.511015 0.203239
0.202184 0.435993 0.378359
0.425052 0.952016  0.025
0.407324 0.810316 0.215667
0.358087 0.513936 0.215667
0.305204 0.435993 0.155175
0.45246 0.900376 0.1343
0.314872 0.0980063 0.0864371
0.439716 0.852055 0.389385
0.118595 0.435993 0.268028
0.0694889 0.170456 0.0807895
0.166446 0.435993 0.300387
0.412375 0.801901 0.356336
0.109731 0.435993 0.0647167
0.4471 0.969264 0.274081
0.117539 0.461415 0.35311
0.460237 0.94568 0.0450085
0.178986 0.461415 0.245148
0.38838 0.627251 0.0636798
0.355489 0.453135 0.212843
0.361329 0.475229 0.0580489
0.064262 0.0725765 0.0864371
0.395226 0.832001 0.258251
0.308744 0.435993 0.0423884
0.234614 0.461415 0.187122
0.0495364 0.435993 0.0479907
0.40565 0.785822 0.0580489
0.0550514 0.337516 0.0610148
0.394537 0.83212 0.362793
0.0522784 0.461415 0.131253
 0.311 0.201279 0.348292
0.379282 0.617746 0.339388
0.309606 0.435993 0.267586
0.0585049 0.288192 0.0864371
0.318417 0.442659 0.380911
0.0520011 0.435993 0.25854
0.352008 0.49246 0.0580489
0.336422 0.257359 0.0681915
0.323659 0.168363 0.353371
0.127959 0.461415 0.192397
0.0855583 0.435993 0.138967
0.149806 0.435993 0.240583
0.394966 0.765793 0.341769
0.403724 0.816815 0.128498
0.401903 0.806204 0.350312
0.237846 0.435993 0.0918272
0.0577242 0.39695 0.0864371
0.337468 0.461415 0.296132
0.261962 0.435993 0.217419
0.21326 0.461415 0.167561
0.142541 0.461415 0.107009
0.0694889 0.36149 0.330478
0.430843 0.825887 0.382923
 0.311 0.340952 0.0650513
0.336422 0.293042 0.344641
0.0694889 0.416253 0.338266
0.323584 0.0476378 0.0610148
0.0841937 0.461415 0.260977
0.188274 0.435993 0.363936
0.410906 0.758477 0.145129
0.117757 0.435993 0.046991
0.244536 0.435993 0.0496541
0.443824 0.850065 0.366486
0.40252 0.909975 0.372588
0.130661 0.435993 0.206364
0.350189 0.504938 0.274506
0.0568262 0.205275 0.0610148
0.21851 0.435993 0.151981
0.222628 0.435993 0.157924
0.204786 0.461415 0.290922
0.43076 0.972068 0.312417
0.314566 0.461415 0.0359078
0.410723 0.766971 0.215667
0.400081 0.895766 0.294725
0.40037 0.897449 0.169699
0.0694889 0.302185 0.0656653
0.336422 0.324528 0.0840958
0.0883711 0.461415 0.154385
0.44359 0.848704 0.248656
0.336422 0.392226 0.0631217
0.386499 0.702781 0.339388
0.32585 0.34901 0.0864371
0.292837 0.461415 0.140223
0.40782 0.940854 0.0420943
0.408155 0.942801 0.286802
0.323851 0.461415 0.271885
0.296764 0.461415 0.354414
0.0393683 0.435993 0.365421
0.129523 0.452128 0.380911
0.200712 0.435993 0.0423714
0.177764 0.461415 0.0604227
0.37002 0.528448 0.145332
0.362125 0.550206 0.145332
0.345709 0.435993 0.198847
 0.311 0.430447 0.0716341
0.0573825 0.093008 0.327948
0.0446215 0.397912 0.353371
 0.311 0.102997 0.0639618
0.359296 0.45782 0.353276
0.423674 0.973285 0.237003
0.162203 0.461415 0.0460285
0.32237 0.050907 0.0610148
0.110712 0.461415 0.120141
0.351025 0.509813 0.282477
0.0694889 0.194576 0.336591
0.355489 0.445834 0.140378
0.0531458 0.167483 0.353371
0.391473 0.832646 0.184187
0.242073 0.461415 0.370749
0.0440667 0.437019 0.334353
0.0977344 0.461415 0.244295
 0.311 0.224223 0.0618273
 0.311 0.263168 0.340411
0.271273 0.461415 0.357402
0.126292 0.435993 0.108677
0.391387 0.845124 0.144373
0.355164 0.533922 0.142387
0.349155 0.435993 0.0372876
0.0440667 0.0463895 0.339823
0.0757528 0.435993 0.177227
0.302382 0.461415 0.349954
0.318794 0.0310582 0.0864371
0.413087 0.771181 0.276217
0.450318 0.887897 0.222174
0.461989 0.955889 0.157203
0.33417 0.0395321 0.327948
0.326227 0.461415 0.264016
0.316863 0.446162 0.343578
0.05476 0.461415 0.0698724
0.305437 0.435993 0.202403
0.330926 0.435993 0.0718749
0.388945 0.730718 0.145125
0.321779 0.284367 0.327948
0.241202 0.461415 0.10518
0.328187 0.148394 0.0610148
0.461059 0.966867 0.273656
0.0694889 0.170864 0.339507
0.336422 0.403079 0.348385
0.348765 0.461415 0.159454
0.133733 0.461415 0.102722
0.0694889 0.15436 0.0861031
0.331069 0.435993 0.148344
 0.311 0.14424 0.0850325
0.315838 0.380413 0.353371
0.0291975 0.435993 0.11887
0.408665 0.937164 0.389385
0.318746 0.461415 0.106683
0.411149 0.960243 0.27726
0.20087 0.461415 0.350288
0.149108 0.461415 0.144904
0.370274 0.621948 0.281976
0.22554 0.461415 0.326769
0.233165 0.461065 0.380911
0.42963 0.899395  0.025
0.2788 0.435993 0.240093
0.381018 0.684539 0.207059
 0.025 0.447426 0.353604
0.386879 0.618504 0.0672671
0.275977 0.435993 0.376826
0.0628395 0.357056 0.353371
0.303966 0.461415 0.355604
0.229104 0.461415 0.245777
0.175092 0.435993 0.134839
0.398756 0.687695 0.28427
0.460975 0.966882 0.373834
 0.025 0.44794 0.135711
0.0440667 0.218905 0.0855275
0.313187 0.461415 0.178461
0.281329 0.435993 0.0993266
0.324223 0.435993 0.185141
0.31792 0.140705 0.0864371
0.055877 0.437869 0.0864371
0.324978 0.259528 0.0864371
0.442265 0.840981 0.345723
0.372179 0.569324 0.0749971
0.383507 0.699036 0.284876
0.316502 0.287546 0.327948
0.289499 0.435993 0.321805
 0.025 0.451088 0.199519
0.444036 0.969789 0.095307
0.387022 0.61934 0.0729637
0.139684 0.435993 0.257743
 0.311 0.0795389 0.0856128
0.45283 0.902532 0.186556
0.267558 0.440832 0.380911
0.2853 0.435993 0.315339
0.345725 0.461415 0.0676813
0.0614894 0.461415 0.0707507
 0.311 0.104055 0.0803245
0.0529347 0.161931 0.353371
0.0705736 0.461415 0.176864
0.10451 0.461415 0.290996
 0.311 0.241495 0.338366
0.435647 0.825063 0.250618
0.325605 0.31708 0.353371
0.449445 0.882811 0.172913
0.0440667 0.241328 0.0682457
0.409925 0.781781 0.339388
0.0537713 0.435993 0.315654
0.410329 0.955466 0.321432
0.416136 0.974579 0.158831
0.0668688 0.38244 0.0864371
0.0573014 0.0514772 0.0864371
0.0744665 0.435993 0.263783
0.0573535 0.229161 0.0610148
0.0694889 0.435561 0.342054
0.0576656 0.371434 0.0864371
0.0694889 0.0851567 0.328309
0.246694 0.435993 0.284617
0.336422 0.435415 0.0818686
0.400022 0.895423 0.0557324
0.287618 0.435993 0.148404
0.382704 0.694362 0.272638
0.348077 0.435993 0.288228
0.399438 0.722439 0.356336
0.386309 0.671359 0.339388
0.267083 0.461415 0.350935
 0.311 0.17794 0.334561
0.404247 0.920036 0.366347
0.336422 0.127987 0.0818429
0.0440667 0.250007 0.352533
0.336422 0.143838 0.0747953
0.294283 0.461415 0.151071
0.410185 0.786527 0.339388
0.38627 0.614961 0.0629313
0.396442 0.674216 0.0651818
0.378036 0.575745 0.286002
0.124675 0.435993 0.215891
 0.311 0.106233 0.351154
0.313089 0.461415 0.349798
0.0694889 0.0379308 0.0703623
0.462599 0.966603 0.301216
0.0401194 0.461415 0.0339575
0.284119 0.435993 0.197039
0.445592 0.860363 0.104589
0.436801 0.841922  0.025
0.0624023 0.0616451 0.0864371
0.402675 0.830723 0.296861
0.46092 0.949663 0.0823554
0.396479 0.833751  0.025
0.431041 0.844276  0.025
0.457086 0.927323 0.129469
0.0898449 0.461415 0.153649
0.296087 0.451453 0.0334741
0.336422 0.332459 0.337577
0.377441 0.663699 0.343603
0.113091 0.435993 0.0965823
0.355489 0.436527 0.304666
0.412608 0.951118  0.025
0.0440667 0.250567 0.351186
0.346796 0.435993 0.234389
0.258372 0.435993 0.359262
0.336422 0.0991263 0.345058
0.0563323 0.348888 0.353371
0.362624 0.525076 0.128384
0.353168 0.514566 0.145332
0.147191 0.435993 0.367317
0.375659 0.586865 0.269053
0.336422 0.210465 0.0638277
0.0558813 0.303977 0.353371
0.358488 0.453111 0.208402
0.102241 0.435993 0.172364
0.0440667 0.193956 0.0634536
0.0484045 0.274083 0.353371
0.342731 0.461415 0.122668
0.207513 0.435993 0.054869
0.0944863 0.461415 0.278178
0.336422 0.113004 0.0719023
0.459895 0.943688 0.194555
0.405625 0.728838 0.286002
0.399968 0.895113 0.144341
0.206826 0.461415 0.164528
0.242974 0.460243 0.380911
0.332394 0.155427 0.0610148
0.0694889 0.422475 0.343931
0.42461 0.826957 0.154598
0.451745 0.896211 0.304226
0.0440667 0.282486 0.352531
0.177661 0.435993 0.357875
0.443477 0.969885 0.258042
0.23854 0.435993 0.125247
0.234129 0.439546 0.0334741
0.375711 0.565016 0.128384
0.434283 0.939835 0.389385
 0.311 0.0521718 0.339176
0.0694889 0.411414 0.0860533
 0.311 0.174977 0.0857408
0.18294 0.461415 0.286473
0.197353 0.461415 0.286622
0.316404 0.170082 0.0864371
0.25238 0.435993 0.135994
0.189244 0.461415 0.275339
0.405252 0.72554 0.0692499
0.381238 0.685819 0.201349
0.0608426 0.379511 0.353371
0.396361 0.773921 0.061347
0.290822 0.461415 0.217688
0.316265 0.185882 0.353371
0.0694889 0.34172 0.338876
0.0927756 0.438449 0.0334741
0.0694889 0.152617 0.333503
0.441906 0.838895 0.10316
0.313322 0.435993 0.172243
0.414082 0.974931 0.290157
 0.311 0.327222 0.0658967
0.334148 0.214093 0.0864371
0.444791 0.855696 0.0643302
0.42845 0.8268  0.025
0.344528 0.461415 0.139532
0.164865 0.435993 0.105834
0.0440667 0.175156 0.352691
0.159496 0.435993 0.0605404
0.324184 0.299651 0.353371
0.352075 0.461415 0.0920234
0.0486259 0.212173 0.353371
0.0751829 0.461415 0.21191
0.326891 0.226396 0.0864371
0.261452 0.461415 0.192432
0.427992 0.837645  0.025
0.278366 0.461415 0.200176
0.39936 0.702111 0.356336
0.285181 0.461415 0.166509
0.112637 0.435993 0.33598
0.420097 0.973899 0.353201
0.0694889 0.278667 0.0653273
0.385556 0.710973 0.0648905
0.0492921 0.461415 0.322938
0.286546 0.461415 0.15268
0.32043 0.435993 0.165508
0.374094 0.636231 0.145332
0.304341 0.435993 0.173033
0.45711 0.927464 0.0973018
0.053035 0.435993 0.328926
0.0383853 0.461415 0.363521
0.0575908 0.0842804 0.0864371
0.394627 0.832104 0.099691
0.0694889 0.239328 0.0674891
0.425962 0.826725 0.142238
0.336422 0.227721 0.0705703
0.357411 0.46131 0.286002
0.0968634 0.461415 0.288296
0.0440667 0.286659 0.0649459
0.362818 0.478338 0.131417
0.0694889 0.424012 0.351905
0.0440667 0.381072 0.0657432
0.181515 0.453929 0.0334741
0.338916 0.461415 0.257492
0.416322 0.82838 0.376622
0.385478 0.656649 0.356336
0.122013 0.435993 0.20406
0.0486117 0.435993 0.113788
0.380418 0.580867 0.270001
0.402217 0.808038 0.134573
0.36147 0.544539 0.0749971
0.458112 0.9333 0.056942
0.385731 0.711992 0.355817
0.0663005 0.134408 0.0864371
0.349893 0.487469 0.0580489
 0.429 0.826204 0.346288
0.321071 0.262257 0.353371
0.220363 0.461415 0.2759
0.355489 0.450091 0.103056
 0.103 0.458389 0.0334741
0.411815 0.763771 0.271878
0.110058 0.461415 0.369246
0.400324 0.797008 0.132563
0.317669 0.106856 0.0610148
0.390231 0.838388  0.074
0.405958 0.82983 0.0657545
0.356433 0.447451 0.284743
0.447091 0.869099 0.330592
0.315605 0.461415 0.0730392
0.404112 0.830476 0.254292
0.380856 0.583417 0.0682324
 0.311 0.430389 0.337854
0.370824 0.625149 0.063624
0.317673 0.461415 0.305705
0.0678333 0.164728 0.353371
0.355489 0.44166 0.312222
0.352881 0.511849 0.269053
0.444866 0.856134 0.352387
0.414553 0.779722 0.285031
0.0756975 0.461415 0.375418
0.336422 0.276314 0.0839456
0.370565 0.557179 0.215667
0.39419 0.86145 0.284185
0.346849 0.435993 0.221979
0.214035 0.435993 0.363757
0.0467254 0.397862 0.0610148
0.449432 0.882737 0.256117
0.0694889 0.169093 0.349213
0.411263 0.80971 0.198719
0.207583 0.447568 0.380911
0.327748 0.381439 0.353371
0.336422 0.0841528 0.064277
0.430527 0.972108 0.373228
0.0340739 0.461415 0.305544
0.336422 0.136337 0.339681
0.355489 0.441478 0.340074
0.362239 0.474967 0.0651324
0.397055 0.878143 0.116534
0.0493078 0.136354 0.353371
0.325953 0.435993 0.290036
0.360625 0.46556 0.0675269
0.0440667 0.231435 0.3291
0.319772 0.461415 0.140193
0.0694889 0.152945 0.333953
0.339565 0.461415 0.151497
0.0503093 0.291565 0.0610148
0.4215 0.820191 0.28024
0.0694889 0.435637 0.0753539
0.133864 0.459825 0.0334741
0.319718 0.351425 0.353371
0.412106 0.765469 0.206864
0.16235 0.461415 0.145208
 0.311 0.333111 0.0734451
0.0449503 0.0824619 0.353371
0.32428 0.299448 0.0610148
0.450595 0.919809 0.389385
0.439778 0.839517  0.025
0.211984 0.435993 0.260518
0.090479 0.435993 0.292427
0.210451 0.461415 0.138912
0.0643609 0.435993 0.166847
0.0530481 0.436298 0.327948
0.409187 0.948813 0.102378
0.347791 0.490971 0.134758
0.0516844 0.120835 0.0864371
0.349467 0.499583 0.0749971
0.0591017 0.0496975 0.0864371
0.340961 0.461415 0.0684976
0.36093 0.472686 0.339388
0.438865 0.861601 0.389385
0.405061 0.801051 0.269053
0.0622035 0.435993 0.0415517
0.131261 0.461415 0.316539
0.287594 0.461415 0.0782723
0.136437 0.435993 0.154279
0.336422 0.354594 0.336059
0.0550242 0.435993 0.287143
0.0694889 0.420614 0.343597
0.419283 0.807281 0.284879
 0.311 0.253919 0.349493
0.454652 0.913146 0.0272705
0.349469 0.478184 0.215667
0.31791 0.461415 0.23835
0.405949 0.92995 0.317221
0.0694889 0.0467511 0.345392
0.374192 0.571736 0.356336
0.397941 0.768934 0.128384
0.24522 0.435993 0.207775
0.332964 0.461415 0.339787
0.450602 0.968662 0.306769
0.45487 0.96793 0.302259
0.165038 0.435993 0.146772
0.301011 0.435993 0.247849
0.408995 0.947694 0.351135
0.0334476 0.461415 0.373308
0.0751295 0.435993 0.16376
0.168874 0.461415 0.348897
0.451726 0.968469 0.154752
0.355489 0.449877 0.224541
0.101477 0.435993 0.107752
0.381136 0.619242 0.145332
0.270628 0.461415 0.13605
0.273844 0.461415 0.147665
0.336422 0.221209 0.0738904
0.357083 0.520021 0.269053
0.136524 0.435993 0.0616862
0.112304 0.461415 0.157222
0.313239 0.0706502 0.0864371
0.403816 0.917529 0.149315
0.0440667 0.131411 0.348352
0.430119 0.826012 0.266366
0.270709 0.435993 0.345659
0.100951 0.435993 0.189679
0.31868 0.283011 0.0864371
0.319018 0.461415 0.0430087
0.0694889 0.266528 0.0713522
0.377386 0.563202 0.066778
0.102312 0.450815 0.380911
0.394119 0.710435 0.0749971
0.298363 0.435993 0.336587
0.370791 0.539219 0.356336
0.266021 0.461415 0.212365
0.456509 0.923964 0.0591477
0.323564 0.297838 0.353371
0.304279 0.435993 0.164154
0.422698 0.827173 0.203553
0.181213 0.461415 0.110462
0.0529517 0.446162 0.0799091
0.355858 0.537966 0.214395
0.210053 0.435993 0.317318
0.311923 0.363616 0.0610148
0.11123 0.461415 0.299258
0.336422 0.309048 0.329885
0.353402 0.461415 0.0390579
0.443075 0.845703 0.281657
0.0449918 0.400402 0.327948
0.330727 0.251109 0.327948
0.397203 0.879006 0.273781
0.283789 0.461415 0.220289
0.204047 0.461415 0.27699
0.176796 0.461415 0.355528
0.313684 0.237561 0.353371
0.42794 0.964805  0.025
0.347738 0.475476 0.145332
0.397513 0.701664 0.0580489
0.125856 0.435993 0.149493
0.0923167 0.461415 0.286452
0.407572 0.829882 0.293706
0.340013 0.461415 0.0614986
0.371356 0.528078 0.343708
 0.311 0.0530817 0.335874
0.370614 0.58105 0.215667
0.405031 0.924604 0.0656812
0.357868 0.502629 0.145332
0.391829 0.721462 0.0580489
0.0589564 0.435993 0.328639
0.325289 0.461415 0.264562
0.115317 0.461415 0.112851
0.100451 0.435993 0.248987
0.355272 0.453872 0.0749971
0.0694889 0.371158 0.0751996
0.44647 0.865481 0.345805
0.277455 0.435993 0.230994
0.0469546 0.0936393 0.353371
0.372651 0.606121 0.0580489
0.191844 0.435993 0.0543891
0.459371 0.940638 0.0727487
0.353388 0.501079 0.145332
0.32419 0.399012 0.327948
0.437419 0.970925 0.266294
0.34818 0.435993 0.091171
0.397804 0.882503 0.316315
0.327346 0.092068 0.353371
0.240976 0.461415 0.215719
0.293312 0.461415 0.280145
0.398911 0.856377 0.389385
0.0694889 0.438271 0.350388
0.38081 0.683326 0.142154
0.355489 0.44322 0.369885
0.0445214 0.34009 0.0864371
0.358332 0.545821 0.356336
0.411187 0.959308  0.025
0.404793 0.770134 0.269053
0.313759 0.208057 0.0864371
0.402758 0.740145 0.128384
0.326229 0.435993 0.176579
0.0807027 0.461415 0.31263
0.399348 0.78019 0.215667
0.334332 0.461415 0.141577
0.258311 0.461415 0.296975
0.42546 0.826811 0.345155
0.201909 0.461415 0.356596
 0.025 0.448086 0.184859
0.158272 0.461415 0.32924
0.40933 0.949649 0.148354
0.336422 0.327677 0.0635034
0.395979 0.871874 0.123308
0.401017 0.901219 0.27441
0.448993 0.880179 0.249807
0.457958 0.9674 0.343407
0.409803 0.830611  0.025
0.449028 0.88038 0.166686
0.357915 0.506248 0.128384
0.0594974 0.461415 0.187966
0.278387 0.435993 0.364101
0.415651 0.974662 0.0704635
0.390643 0.640435 0.210799
0.391943 0.648006 0.350464
0.316413 0.435993 0.186952
0.361554 0.47507 0.0749971
0.141092 0.435993 0.158583
0.217017 0.435993 0.268427
0.332808 0.436304 0.380911
0.383668 0.641072 0.198719
0.452536 0.918753  0.025
0.418537  0.828 0.0344395
0.0538957 0.181966 0.353371
0.0508849 0.227004 0.0610148
0.323985 0.368599 0.0864371
0.0290004 0.461415 0.373046
 0.311 0.402506 0.0701308
0.291505 0.435993 0.204487
0.0694889 0.24831 0.0640967
0.0440667 0.265779 0.348236
0.289981 0.435993 0.256094
0.442545 0.842617 0.045397
0.336422 0.261377 0.329497
0.336422 0.190231 0.0617239
0.259288 0.461415 0.218814
0.40479 0.923203 0.082398
0.377423 0.626543 0.0749971
0.463607 0.965312 0.288709
0.0467468 0.0336372 0.327948
0.366319 0.542108 0.339388
0.452108 0.914773 0.389385
0.412947 0.770369 0.344631
0.0694889 0.379647 0.0674363
0.426846 0.97274 0.300841
0.0531438 0.369163 0.327948
0.149375 0.435993 0.129373
0.401955 0.906683 0.211549
0.181692 0.461415 0.105202
0.0440667 0.39573 0.34316
0.40359 0.91621 0.298684
0.328304 0.228975 0.327948
0.292606 0.461415 0.206013
0.409241 0.949132 0.0535025
0.463475 0.966453 0.138497
0.0694889 0.111741 0.33224
0.0481743 0.091595 0.353371
0.3291 0.1972 0.0610148
0.462114 0.966686 0.165201
0.0694889 0.224208 0.0643662
0.0584351 0.225538 0.353371
0.0519784 0.435993 0.380456
0.355344 0.53497 0.0592411
0.375329 0.560885 0.198719
0.421583 0.826665 0.198719
0.404081 0.759217 0.128384
0.0503832 0.435993 0.289481
0.336422 0.321254 0.0861957
0.290533 0.435993 0.193953
0.396054 0.744439 0.356336
0.290489 0.461415 0.10237
0.275486 0.435993 0.0621123
0.408283 0.810486 0.286002
0.205888 0.435993 0.0474457
0.364985 0.591135 0.144091
0.440352 0.829837 0.0791944
0.313031 0.461415 0.312339
0.416376 0.806493 0.215667
0.113866 0.449827 0.380911
0.446172 0.863745 0.0356425
0.320487 0.115484 0.0864371
0.0638243 0.285531 0.0864371
0.0928363 0.461415 0.281602
0.334662 0.266282 0.0610148
0.0694889 0.433658 0.348095
0.070398 0.435993 0.225492
0.330683 0.435993 0.150672
0.0554042 0.265511 0.353371
0.0440667 0.132353 0.0809247
0.213663 0.461415 0.319743
0.206912 0.435993 0.126067
0.462858 0.966559 0.0499633
0.400802 0.899968 0.134037
0.0538408 0.435993 0.108683
0.0440667 0.40101 0.336127
0.0440667 0.329537 0.351225
0.145539 0.461415 0.160416
 0.311 0.0685599 0.342787
0.256322 0.435993 0.25151
0.0440667 0.261909 0.34383
0.0440667 0.230546 0.342172
0.412201 0.966374 0.0514509
0.45753 0.929912 0.349633
0.0565394 0.313323 0.353371
0.389613 0.834785 0.0538721
0.275093 0.435993 0.219666
0.336422 0.0389218 0.0836554
0.327257 0.306159 0.353371
0.395662 0.767375 0.0749971
0.2432 0.461415 0.180428
0.0445838 0.179228 0.0864371
0.0655178 0.461415 0.128099
0.395303 0.738941 0.0749971
 0.025 0.45703 0.215598
0.0684552 0.138941 0.0864371
0.46039 0.946573 0.267998
0.412311 0.829068 0.272343
0.0463415 0.2694 0.327948
0.439843 0.826872 0.318423
0.361722 0.572126 0.350923
0.11766 0.435993 0.349293
0.332733 0.308212 0.353371
 0.025 0.461132 0.106315
0.0694889 0.1313 0.0815035
0.457976 0.932512 0.0554087
0.273645 0.461415 0.0687623
0.068472 0.263287 0.327948
0.314692 0.061002 0.327948
0.0446827 0.366976 0.353371
0.389065 0.643694 0.339388
0.109163 0.435993 0.0507845
0.0361478 0.461415 0.0743566
0.0597831 0.0374323 0.0610148
0.0459919  0.025 0.341778
0.438636 0.82455 0.291183
0.23501 0.461415 0.338444
0.443738 0.849563 0.348091
0.318596 0.285108 0.0864371
0.411271 0.960957 0.378266
0.418134 0.818455 0.145332
0.0852628 0.461415 0.186656
0.353471 0.435993 0.0996839
0.0553257 0.461415 0.19417
0.439868 0.827022 0.381071
0.318291 0.165272 0.0864371
0.397971 0.783301 0.200459
0.317837 0.461415 0.344882
0.395978 0.77169 0.3423
0.146323 0.445143 0.0334741
0.120706 0.458591 0.0334741
0.321162 0.210114 0.353371
0.401398 0.903441 0.0456123
0.324373 0.446162 0.0781376
0.457363 0.928937 0.141853
0.18436 0.461415 0.159735
0.395382 0.768218 0.141965
0.280637 0.461415 0.304108
0.319198 0.319786 0.0864371
0.336422 0.102176 0.0768111
0.328284 0.461415 0.0400695
0.380406 0.5808 0.351588
0.184354 0.435993 0.139726
0.387141 0.620034 0.278517
0.337604 0.435993 0.337428
0.04496 0.163731 0.0864371
0.368616 0.612287 0.0646823
0.390254 0.838524 0.355844
 0.311 0.0765753 0.342036
0.0966693 0.461415 0.14188
0.0606644 0.286144 0.0864371
0.461713 0.954282 0.363738
0.316968 0.435993 0.118618
0.180814 0.461415 0.200482
0.392045 0.832547 0.268236
0.0694889 0.0908516 0.33889
0.148952 0.446504 0.380911
0.283195 0.435993 0.0578619
0.195046 0.453537 0.0334741
0.364449 0.523515 0.0580489
0.348116 0.470124 0.339388
0.168857 0.461415 0.107204
0.402268 0.908508 0.318928
0.451922 0.897243 0.241985
0.0440667 0.221428 0.343827
0.300153 0.435993 0.125315
0.160402 0.461415 0.0345533
0.0656941 0.152216 0.0610148
0.395367 0.868309 0.246608
0.38801 0.625094 0.353381
0.13668 0.461415 0.333401
0.458185 0.933725  0.251
0.322147 0.0415858 0.353371
0.353312 0.523131 0.203207
0.142289 0.435993 0.137715
0.41352 0.974057 0.119072
0.230133 0.457152 0.0334741
0.122126 0.435993 0.0752229
0.41144 0.961937 0.234453
0.261766 0.461415 0.34061
0.0332497 0.461415 0.227086
0.459628 0.942133 0.231035
0.394591 0.83211 0.26342
0.399514 0.692114 0.0667279
0.211742 0.461415 0.305019
0.421233 0.81864 0.347672
0.0440667 0.310672 0.334488
0.449575 0.883566 0.0955287
0.423397 0.838208  0.025
0.315982 0.42838 0.353371
0.315557  0.025 0.0615276
0.0440667 0.17496 0.0625836
0.355126 0.435993 0.0942556
0.430481 0.82595 0.336724
0.0440667 0.0386435 0.0617562
 0.311 0.104161 0.0636576
0.393669 0.677321 0.215667
0.403811 0.917497 0.129732
0.408399 0.74387 0.213368
0.44318 0.969936 0.293959
0.407189 0.762586 0.0749971
0.400881 0.900429 0.189755
0.219111 0.455611 0.0334741
0.287886 0.461415 0.359673
0.374267 0.545034 0.141425
0.104672 0.435993 0.20388
 0.311 0.199866 0.0750198
0.403527 0.915842 0.0597659
 0.311 0.0736321 0.0730428
0.0440667 0.314233 0.0800387
0.165025 0.435993 0.111333
0.398789 0.888242 0.0851159
0.403236 0.914147 0.0845091
0.276449 0.435993 0.361353
0.313988 0.407396 0.0610148
0.0663129 0.126915 0.0864371
0.0632525 0.351108 0.0864371
0.452734 0.901975 0.331476
0.411277 0.825478 0.356336
0.103984 0.461415 0.240075
0.124457 0.435993 0.0823377
0.191135 0.435993 0.233439
0.410843 0.958463 0.104777
0.336422 0.107993 0.335348
0.0986019 0.461415 0.0446926
0.451557 0.895117 0.11081
0.125218 0.435993 0.316824
0.330802 0.276226 0.0610148
0.181216 0.461415 0.0603267
0.389992 0.736817 0.0674717
0.316922 0.100695 0.353371
0.456488 0.923839 0.321876
0.401791 0.830874 0.108033
0.394938 0.865806 0.149888
0.0648174 0.224901 0.353371
