0.424132 0.467351 0.421199
0.27278 0.479946 0.150303
0.102384 0.477297 0.403221
0.439275 0.599149 0.433399
0.0858909 0.811326 0.428547
0.456571 0.198758 0.4279
0.298146 0.422271 0.434402
0.453853 0.479946 0.299789
0.229469 0.417604 0.419751
0.490549 0.478284 0.195473
0.239695 0.479946 0.363513
0.0851205 0.120266 0.0466512
0.430946 0.388787 0.127389
0.0724542 0.479946 0.361632
0.0729603 0.176595 0.0478235
0.0862062 0.424445 0.111594
0.31923 0.479946 0.264041
0.27086 0.649415 0.415673
0.44633 0.305391 0.106902
0.0847531 0.14449 0.370342
0.147285 0.478457 0.435098
0.168023 0.883677 0.414928
0.159847 0.845879 0.411629
0.305457 0.417604 0.114702
0.473956 0.188295 0.100886
0.11678 0.477017 0.407233
0.426073 0.417604 0.207805
0.402732 0.479946 0.281987
0.36027 0.417604 0.102535
0.355787 0.16526 0.25106
0.14555 0.941143 0.439235
0.43063 0.479946 0.108987
0.100954 0.29065 0.360618
0.0996151 0.351165 0.0654806
0.454125 0.430458 0.388835
0.168103 0.467863 0.0421837
0.0498463 0.479946 0.308567
0.470353 0.241982 0.110156
0.436544 0.858261 0.467942
0.456029 0.286376 0.393166
0.0723887 0.152083 0.268743
0.297534 0.452253 0.45588
0.446082 0.411011 0.146379
0.0936962 0.467755 0.0737962
0.162803 0.417604 0.203415
0.469175 0.102456 0.119869
0.442233 0.861179 0.461692
0.0714761 0.417604 0.2541
0.496667 0.437566 0.116699
0.258102 0.971357 0.459748
0.17999 0.479946 0.359638
0.451647 0.22947 0.130897
0.488134 0.470531 0.31527
0.322508 0.951321 0.464448
0.464073 0.648014 0.427441
0.102119 0.477952 0.393856
0.33755 0.927516 0.456428
0.0646524 0.0407897 0.397749
0.0507366 0.479946 0.277757
0.462839 0.230495 0.0981046
0.27942 0.417604 0.300118
0.239413 0.479946 0.379766
0.092298 0.183177 0.363978
0.264313 0.56414 0.389376
0.343451 0.961325 0.460926
0.379248 0.417604 0.0920158
0.0815288 0.554575 0.406752
0.470918 0.211401 0.42546
0.475792 0.162717 0.234336
0.233197 0.417604 0.165553
0.440392 0.281518 0.116351
0.0572929 0.421292 0.339277
0.372557 0.479946 0.33931
0.104427 0.313025 0.361258
0.133474 0.886759 0.420189
0.140899 0.479946 0.41318
0.335386 0.417604 0.375718
0.10929 0.479946 0.409869
0.293712 0.47053 0.0287218
0.126844 0.156967 0.224681
0.434704 0.479946 0.262406
0.0796011 0.755375 0.414111
0.452219 0.72977 0.460332
0.341855 0.944018 0.427748
0.325714 0.452944 0.0272744
0.123309 0.479103 0.381056
0.477198 0.147881 0.371565
0.400772 0.417604 0.180724
0.37798 0.417604 0.18349
0.260944 0.885291 0.438605
0.469992 0.174909 0.430358
0.0897029 0.362033 0.367002
0.129728 0.479946 0.182865
0.457369 0.157249 0.136766
0.350171 0.445705 0.0295704
0.4742 0.241965 0.414535
0.0915268 0.834635 0.402601
0.477721 0.145491 0.0985767
0.477586 0.15071 0.204775
0.170935 0.417604 0.287186
0.187743 0.960631 0.423078
0.0593643 0.419408 0.309351
0.0786559 0.240243 0.373545
0.174715 0.770157 0.425467
0.469572 0.243739 0.106684
0.464739 0.0715957 0.40884
0.200274 0.420201 0.06225
0.352568 0.479946 0.0554872
0.0920766 0.609036 0.420305
0.185206 0.479946 0.314682
0.274285 0.946772 0.428592
0.19907 0.964817 0.423967
0.274523 0.802282 0.417685
0.33885 0.423963 0.0450448
0.447019 0.277122 0.134378
0.445186 0.417604 0.134044
0.442317 0.64667 0.425138
0.0872896 0.157343 0.222799
0.331866 0.417604 0.183152
0.0766703 0.420778 0.388293
0.0714406 0.126786 0.372025
0.266424 0.448448 0.457754
0.423457 0.478578 0.0591756
0.114775 0.368132 0.367916
0.13394 0.922823 0.408032
0.0429372 0.424519 0.307025
0.235613 0.9603 0.419569
0.451592 0.686583 0.457258
0.110975 0.421288 0.0795377
0.449319 0.337977 0.140325
0.482614 0.470123 0.0843722
0.0767563 0.420699 0.158162
0.264678 0.951645 0.421513
0.475665 0.0626779 0.115353
0.25672 0.60372 0.401188
0.416721 0.430207 0.0462083
0.178717 0.787333 0.422546
0.460374 0.147043 0.314401
0.162502 0.94292 0.449828
0.47482 0.163443 0.217313
0.467679 0.478977 0.0946618
0.0925572 0.153152 0.304467
0.331067 0.931629 0.440012
0.0778668 0.709906 0.408058
0.0967348 0.479946 0.405996
0.440687 0.330532 0.414134
0.101905 0.479946 0.345446
0.0883977 0.389773 0.099806
0.174094 0.837103 0.423182
0.226481 0.479946 0.247007
0.277906 0.479946 0.379528
0.0761458 0.146572 0.24377
0.0807545 0.59426 0.383501
0.200464 0.417604 0.129135
0.455439 0.434078 0.390139
0.0875766 0.524825 0.388754
0.324571 0.417604 0.299889
0.111049 0.417604 0.209141
0.43618 0.775592 0.435257
0.170469 0.817148 0.428605
0.042595 0.477911 0.283459
0.174422 0.417604 0.41452
0.0466755 0.453054 0.158471
0.119788 0.157845 0.224402
0.345296 0.417604 0.197845
0.0917399 0.433996 0.0762153
0.198017 0.417604 0.406278
0.105662 0.778039 0.403957
0.43337 0.533388 0.407203
0.188997 0.622237 0.414801
0.438182 0.528523 0.445029
0.382337 0.911404 0.444705
0.0890265 0.731893 0.390742
0.130117 0.467257 0.0538914
0.0828735 0.356279 0.0939549
0.444371 0.744412 0.460668
0.431235 0.479946 0.0930813
0.362878 0.757299 0.436583
0.448768 0.333727 0.42384
0.461444 0.163621 0.306528
0.107512 0.497891 0.376001
0.436559 0.417604 0.103954
0.0989621 0.233167 0.364755
0.357101  0.439 0.0314276
0.0728281 0.16212 0.153406
0.270305 0.896973 0.418727
0.136327 0.417604 0.119988
0.176757 0.479946 0.133671
0.389853 0.479946 0.153863
0.429077 0.479946 0.266575
0.0903674 0.441065 0.0807763
0.0912232 0.827651 0.435516
0.433705 0.411369 0.408368
0.11265 0.826482 0.411576
0.366137 0.855702 0.453212
0.249692 0.417604 0.147409
0.319312 0.164306 0.246491
0.0958175 0.357814 0.0647124
0.291394 0.417604 0.309809
0.433209 0.798636 0.43167
0.46156 0.703288 0.450362
0.471388 0.166207 0.245088
0.0835752 0.167134 0.380376
0.439738 0.627881 0.444744
0.20808 0.968278 0.421171
0.0932271 0.61232 0.420636
0.261671 0.523325 0.387208
0.380587 0.417604 0.317696
0.21522 0.417604 0.266117
0.224888 0.417604 0.0694206
0.473579 0.442875 0.359173
0.464432 0.10856 0.0882158
0.443585 0.862342 0.446008
0.0732276 0.16285 0.202088
0.27713 0.153695 0.237155
0.223625 0.479946 0.161295
0.272551 0.636691 0.413016
0.201195 0.929497 0.418566
0.336817 0.537075 0.405303
0.126704 0.479946 0.179441
0.325376 0.164034 0.246588
0.0994491 0.19422 0.369344
0.161492 0.828781 0.428681
0.436628 0.479946 0.285677
0.324894 0.54781 0.422688
0.388361 0.417604 0.244932
0.453042 0.316751 0.138422
0.47339 0.204907 0.106879
0.362408 0.890457 0.441689
0.117213 0.420322 0.092124
0.496148 0.475784 0.162654
0.424185 0.479946 0.389222
0.283116 0.444938 0.455765
0.0445659 0.430414 0.379447
0.436126 0.479946 0.206916
0.476372 0.479946 0.139881
0.455014 0.279802 0.135248
0.358535 0.789345 0.446751
0.418149 0.417604 0.364962
0.0716849 0.479946 0.253298
0.420073 0.417604 0.308223
0.225294 0.162627 0.255337
0.0881075 0.212647 0.395893
0.398913 0.417604 0.289926
0.172419 0.479946 0.341561
0.291819 0.417604 0.368352
0.444203 0.331378 0.139927
0.113753 0.351488 0.37703
0.2395 0.479946 0.238781
0.348433 0.417604 0.178251
0.476759 0.161229 0.140423
0.460934 0.566217 0.415748
0.112509 0.367996 0.383752
0.246903 0.479946 0.412116
0.446378 0.477082 0.414568
0.424863 0.491797 0.404532
0.369043 0.158908 0.269717
0.0972042 0.323242 0.359803
0.0964285 0.150954 0.372245
0.397011 0.894807 0.46703
0.24565 0.156427 0.26014
0.486942 0.0370762 0.431713
0.469253 0.479368 0.316199
0.0853588 0.16702 0.115738
0.0514732 0.441046 0.151974
0.432484 0.796232 0.442632
0.0766555 0.624912 0.416283
0.176277 0.756914 0.424504
0.45912 0.161746 0.275636
0.464322 0.31908 0.123467
0.475221 0.46961 0.352754
0.231065 0.479946 0.250704
0.482526 0.10226 0.103598
0.14991 0.421009 0.0729002
0.0844158 0.144489 0.121208
0.172819 0.479946 0.240246
0.459859 0.438846 0.381828
0.452833 0.757674 0.424451
0.478218 0.152724 0.214466
0.275609 0.937661 0.459379
0.470039 0.159182 0.398745
0.181826 0.683633 0.419263
0.115756 0.478877 0.380627
0.0861787 0.479946 0.201101
0.315637 0.495863 0.401613
0.0911653 0.376939 0.365895
0.144187 0.43685 0.0500498
0.424266 0.417604 0.155343
0.0953698 0.479317 0.414654
0.355138 0.479946 0.328963
0.214583 0.470794 0.0343538
0.0303439 0.450787 0.345885
0.326401 0.417604 0.226477
0.456944 0.15359 0.0952809
0.446392 0.285093 0.400997
0.126525 0.417604 0.23966
0.0886983 0.31362 0.364707
0.461009 0.479946 0.241291
0.26123 0.628521 0.416889
0.329382 0.417604 0.248586
0.175794 0.920084 0.417273
0.202836 0.143611 0.243043
0.229386 0.417604 0.30311
0.329701 0.417604 0.122694
0.475233 0.421319 0.264091
0.141786 0.143612 0.237815
0.125854 0.468038 0.446568
0.44803 0.484746 0.417924
0.460284 0.236908 0.131358
0.419354 0.479946 0.372209
0.373563 0.866545 0.433859
0.235362 0.479946 0.224725
0.419149 0.47285 0.0454309
0.373248 0.94597 0.459745
0.420889 0.915759 0.449573
0.45807 0.545309 0.410479
0.295063 0.479946 0.400685
0.317479 0.423436 0.0454785
0.345227 0.466133 0.44863
0.413766 0.869087 0.444094
0.1126 0.417604 0.209518
0.0267188 0.460888 0.268397
0.363869 0.87909 0.454175
0.478821 0.155565 0.265897
0.355261 0.417604 0.312786
0.356782 0.479946 0.0707367
0.190949 0.65794 0.395253
0.236393 0.97112 0.425126
0.0912038 0.417604 0.321339
0.106426 0.540106 0.409568
0.28065 0.441456 0.028224
0.466205 0.239548 0.426233
0.446819 0.459323 0.0494803
0.0968652 0.236451 0.0683563
0.331172 0.479946 0.363637
0.408153 0.896534 0.430243
0.459788 0.162757 0.113827
0.454858 0.425994 0.134607
0.264707 0.417604 0.0894833
0.285126 0.479946 0.280603
0.385577 0.417604 0.235905
0.169113 0.943734 0.450464
0.243819 0.952278 0.457614
0.448857 0.686009 0.419092
0.107481 0.417604 0.395222
0.489518 0.424232 0.198728
0.464452 0.646766 0.422212
0.0830835 0.108125 0.398983
0.15967 0.922603 0.434883
0.475278 0.473155 0.0781498
0.473949 0.134776 0.118101
0.0945227 0.466867 0.438698
0.0910397 0.149105 0.199697
0.0776638 0.655515 0.392526
0.489554 0.477455 0.250425
0.238566 0.417604 0.120818
0.457304 0.601121 0.451783
0.328561 0.417604 0.109905
0.208076 0.473206 0.384754
0.239459 0.417604 0.341257
0.339069 0.631066 0.409349
0.0698985 0.182853 0.0779084
0.237608 0.417604 0.268167
0.497774 0.439904 0.271938
0.0592085 0.420746 0.339956
0.208086 0.42137 0.434081
0.291521 0.158651 0.263227
0.0512711 0.479894 0.247077
0.0646171 0.425002 0.154018
0.274865 0.893426 0.427026
0.292435 0.473204 0.450733
0.122218 0.156253 0.224029
0.389434 0.479946 0.331866
0.375694 0.456684 0.442489
0.429569 0.896073 0.462638
0.0681411 0.474107 0.122075
0.149844 0.479946 0.164361
0.0551608 0.437127 0.406724
0.424914 0.479946 0.358906
0.434461 0.42323 0.0689682
0.161056 0.417604 0.231838
0.268637 0.417604 0.220353
0.0748449 0.258803 0.0603636
0.147191 0.448628 0.0463076
0.304838 0.934127 0.458949
0.193151 0.417604 0.218534
0.273809 0.841702 0.427638
0.243317 0.479946 0.304424
0.163228 0.479946 0.0952762
0.105827 0.33039 0.388431
0.479616 0.115368 0.0938946
0.112479 0.330314 0.373657
 0.508 0.454558 0.18599
0.429332 0.40325 0.129815
0.35263 0.417604 0.217175
0.0798776 0.450633 0.0912048
0.26467 0.639571 0.39588
0.212359 0.417604 0.41785
0.0651804 0.169152 0.0550192
0.34212 0.729966 0.42904
0.0840038 0.70627 0.426396
0.478317 0.453628 0.351772
0.343107 0.440271 0.0303819
0.183141 0.958492 0.434475
0.185581 0.479946 0.426293
0.096199 0.805485 0.396517
0.442231 0.355925 0.142056
0.508254 0.455816 0.181556
0.347265 0.417604 0.328218
0.147467 0.417604 0.0986413
0.501086 0.448142 0.264203
0.238584 0.479946 0.250229
0.0763652 0.291863 0.0864548
0.0765193 0.624042 0.41815
0.46351 0.374258 0.398916
0.175106 0.714311 0.402324
0.146056 0.429883 0.44495
0.271221 0.417604 0.0695186
0.0796075 0.268975 0.381494
0.251047 0.439128 0.456876
0.213883 0.504328 0.388549
0.373851 0.903428 0.435764
0.321391 0.479946 0.167521
0.198029 0.568285 0.410803
0.0888092 0.417604 0.186714
0.445372 0.327886 0.396132
0.463029 0.310175 0.420919
0.269776 0.529265 0.40613
0.261646 0.762254 0.408025
0.175462 0.461216 0.456922
0.195057 0.148368 0.232123
0.434869 0.473704 0.408812
0.330315 0.479946 0.42714
0.0914011 0.206287 0.0544689
0.0281398 0.463813 0.332785
0.0995499 0.3281 0.359594
0.461989 0.420038 0.307713
0.0887372 0.386741 0.374604
0.429876 0.417604 0.267539
0.30346 0.475872 0.0360739
0.255288 0.938723 0.424309
0.265107 0.79389 0.431198
0.391294 0.417604 0.369665
0.20524 0.145524 0.236861
0.485738 0.445462 0.327634
0.44539 0.324398 0.139303
0.259597 0.417604 0.399743
0.429818 0.875717 0.430687
0.219074 0.417604 0.166075
0.466412 0.190382 0.1254
0.103026 0.227831 0.382316
0.0720434 0.157712 0.338834
0.162352 0.479946 0.376558
0.099649 0.873568 0.439466
0.128469 0.417604 0.334457
0.314539 0.150998 0.241313
0.486926 0.0696399 0.408083
0.140947 0.417604 0.387365
0.304485 0.159645 0.240742
0.0578488 0.445361 0.417224
0.261853 0.843776 0.414946
0.109788 0.305859 0.378999
0.193811 0.418186 0.0708229
0.304212 0.424532 0.440115
0.118278 0.479946 0.382806
0.450903 0.479946 0.225859
0.0977491 0.258406 0.361631
0.272786 0.71449 0.419248
0.230679 0.417604 0.172969
0.102459 0.741756 0.394573
0.338623 0.456755 0.0275787
0.484946 0.112484 0.411284
0.285793 0.417604 0.419593
0.294869 0.479946 0.189781
0.43663 0.436834 0.146976
0.477719 0.12477 0.401317
0.388693 0.417604 0.369247
0.326005 0.933532 0.437759
0.129567 0.8836 0.442792
0.477734 0.150934 0.232789
0.453153 0.815924 0.438327
0.315086 0.417604 0.16368
0.429239 0.905506 0.435479
0.377346 0.163997 0.250944
0.464146 0.663476 0.435637
0.23946 0.417604 0.0903474
0.430603 0.841844 0.428387
0.466394 0.150125 0.399276
0.105048 0.166256 0.238731
0.438423 0.463735 0.414653
0.215829 0.417604 0.339002
0.0518461 0.426668 0.176996
0.110882 0.318657 0.370494
0.110933 0.307765 0.376096
0.486528 0.10542 0.417008
0.175915 0.479946 0.288585
0.0759449 0.692094 0.420436
0.120054 0.47808 0.430512
0.124102 0.91018 0.406285
0.090962 0.821143 0.397153
0.474453 0.145986 0.255246
0.0716333 0.152916 0.0943279
0.231309 0.145987 0.253919
0.454477 0.57891 0.449982
0.459723 0.270862 0.101602
0.064605 0.471702 0.417971
0.0670738 0.0862271 0.375191
0.119971 0.474536 0.438263
0.0972326 0.146722 0.243664
0.139674 0.924444 0.408648
0.288506 0.479946 0.0603001
0.499204 0.461375 0.279844
0.152833 0.479946 0.31987
0.0938465 0.107194 0.383903
0.425938 0.479946 0.319841
0.158133 0.479946 0.287603
0.283841 0.417604 0.394137
0.295229 0.417604 0.165849
0.347791 0.77334 0.431916
0.111978 0.146887 0.24517
0.159022 0.479946 0.136099
0.0916581 0.15059 0.259421
0.0792704 0.349101 0.0890278
0.278938 0.96747 0.461756
0.376614 0.93746 0.46114
0.282348 0.479946 0.254157
0.206537 0.479946 0.420797
0.179594 0.643935 0.408704
0.273239 0.938454 0.424975
0.105165 0.791961 0.434243
0.196702 0.479946 0.382156
0.352386 0.417604 0.311611
0.0788924 0.182055 0.395745
0.129676 0.160021 0.248984
0.0798136 0.223962 0.368722
0.358085 0.479946 0.25896
0.305756 0.479946 0.382041
0.378218 0.479946 0.332407
0.183507 0.958578 0.435839
0.47023 0.0293375 0.113676
0.289021 0.417604 0.340853
0.24148 0.166256 0.247009
0.0825246 0.182302 0.396924
0.0490953 0.424933 0.360782
0.436896 0.312627 0.121633
0.108982 0.439342 0.083494
0.0995906 0.65135 0.393764
0.0736633 0.202793 0.380853
0.462653 0.305729 0.109206
0.105453 0.360648 0.0865153
0.461964 0.07527 0.428204
0.0987873 0.717074 0.42369
0.255639 0.423327 0.440421
0.326028 0.591689 0.421557
0.226954 0.479946 0.0939482
0.182274 0.428008 0.0461816
0.0820522 0.663464 0.385345
0.388001 0.146667 0.268274
0.075223 0.147435 0.303875
0.464123 0.282128 0.423169
0.448049 0.684737 0.418932
0.207445 0.479597 0.438032
0.438746 0.551089 0.446657
0.356177 0.479946 0.276065
0.256033 0.972012 0.445257
0.200209 0.147625 0.253801
0.472662 0.44304 0.361792
0.271572 0.889863 0.419283
0.366509 0.479946 0.173538
0.356635 0.738032 0.420009
0.260464 0.953573 0.459164
0.0328009 0.450708 0.219393
0.187645 0.479946 0.183371
0.0516571 0.0382117 0.0498625
0.451941 0.148322 0.117896
0.436222 0.37726 0.404418
0.47796 0.157182 0.136142
0.367666 0.479946 0.274109
0.360009 0.92148 0.433383
0.297539 0.479946 0.264322
0.326405 0.441306 0.0293501
0.290299 0.463783 0.456446
0.46287 0.0637877 0.415235
0.343682 0.659514 0.43411
0.361735 0.885981 0.452118
0.185912 0.417604 0.418422
0.256555 0.921547 0.434749
0.458014 0.157251 0.35922
0.411202 0.417604 0.197387
0.431238 0.813573 0.464351
0.207952 0.479946 0.335491
0.303607 0.417604 0.143454
0.322791 0.42081 0.0528275
0.0785765 0.302013 0.0646411
0.408152 0.927941 0.446023
0.454044 0.419538 0.101317
0.119139 0.479946 0.227849
0.33291 0.632257 0.42898
0.143983 0.479946 0.0879912
0.342232 0.927916 0.435483
0.0925432 0.498144 0.377288
0.0391658 0.476567 0.273135
0.368511 0.892997 0.456897
0.0810618 0.726909 0.389695
0.226269 0.479946 0.191687
0.360173 0.426517 0.0395865
0.0982615 0.685355 0.411351
0.455551 0.353431 0.110421
0.281412 0.973873 0.424869
0.425084 0.914142 0.434792
0.172087 0.431377 0.0457574
0.0919018 0.159465 0.181258
0.280728 0.417604 0.175695
0.176575 0.417604 0.214137
0.229718 0.479946 0.169898
0.475375 0.16326 0.328508
0.328664 0.417604 0.0766712
0.22745 0.935901 0.421526
0.0927784 0.102057 0.375886
0.124744 0.9159 0.444627
0.12689 0.417604 0.159618
0.33613 0.417604 0.300771
0.456783 0.435995 0.391422
0.444074 0.330017 0.39698
0.256693 0.552679 0.405319
0.167459 0.846206 0.408977
0.0957033 0.792987 0.3956
0.333549 0.515442 0.413928
0.259607 0.746366 0.408362
0.257306 0.443289 0.457356
0.0977032 0.697666 0.425189
0.0831949 0.417604 0.340765
0.457828 0.399739 0.130094
0.472459 0.165262 0.200159
0.264895 0.417604 0.281944
0.0800202 0.323484 0.090556
0.410709 0.417604 0.223865
0.203896 0.46033 0.0327093
0.421564 0.852878 0.466252
0.0608537 0.479946 0.291626
0.463082 0.723396 0.425235
0.103352 0.76398 0.405409
0.0913833 0.834873 0.404955
0.306622 0.479946 0.336381
0.219418 0.417604 0.141431
0.382255 0.479134 0.0517442
0.469141 0.25604 0.111052
0.457762 0.778872 0.445801
0.0871559 0.145102 0.0652797
0.165901 0.417604 0.259426
0.463502 0.14414 0.120623
0.381338 0.428562 0.433141
0.272615 0.417604 0.3122
0.273856 0.590958 0.396721
0.386334 0.914435 0.467466
0.155578 0.417604 0.128617
0.163377 0.781648 0.419218
0.438933 0.424292 0.385114
0.374755 0.855835 0.435057
0.253761 0.479946 0.422103
0.0898459 0.30111 0.393098
0.0873913 0.525175 0.390133
0.465503 0.343579 0.397578
0.386692 0.417604 0.120776
0.0868956 0.70444 0.388636
0.318001 0.419359 0.423996
0.266836 0.599941 0.414393
0.274179 0.143611 0.253146
0.391722 0.417604 0.290408
0.154372 0.417604 0.283703
0.459954 0.731526 0.423247
0.105828 0.352791 0.0758238
0.0760849 0.656278 0.409697
0.414617 0.479445 0.0599042
0.175255 0.479946 0.0703262
0.0886255 0.270864 0.0886839
0.307045 0.417604 0.268303
0.383285 0.479946 0.113483
0.184005 0.723245 0.400499
0.245239 0.479946 0.425409
0.14811 0.479946 0.243104
0.197625 0.949425 0.453363
0.474159 0.0563408 0.403463
0.0945017 0.479946 0.304965
0.287479 0.417604 0.36411
0.0464587 0.425151 0.348482
0.169624 0.417604 0.142967
0.0595327 0.0299203 0.384972
0.0874323 0.705218 0.388737
0.267139 0.479946 0.241656
0.439216 0.479946 0.182048
0.272838 0.63862 0.39894
0.0800735 0.479946 0.173808
0.387602 0.417604 0.318402
0.287274 0.479946 0.169234
0.470551 0.222075 0.119847
0.0808721 0.479946 0.222836
0.430766 0.417604 0.290895
0.138833 0.417604 0.24639
0.491131 0.426967 0.263294
0.0979331 0.659816 0.408637
0.0990006 0.417604 0.257057
0.0273603 0.466808 0.324889
0.473233 0.215543 0.113381
0.152638 0.417604 0.277951
0.203804 0.47692 0.0455075
0.244413 0.479946 0.382587
0.0840274 0.0506279 0.396017
0.508507 0.45643 0.175207
0.250435 0.478872 0.0453094
0.400204 0.417604 0.385286
0.236595 0.937123 0.45592
0.195341 0.590324 0.412408
0.44725 0.853703 0.441082
0.199527 0.479946 0.0849889
0.362138 0.419596 0.414927
0.0764122 0.297905 0.0668335
0.435103 0.417604 0.233376
0.23509 0.479946 0.385453
0.0635758 0.479946 0.296644
0.345644 0.635284 0.428768
0.283436 0.417604 0.0814576
0.101858 0.454161 0.0674761
0.470746 0.455549 0.372418
0.267651 0.479946 0.267647
0.4784 0.479377 0.119408
0.178851 0.417604 0.370881
0.347176 0.417604 0.0908911
0.0921023 0.493332 0.388891
0.258745 0.451014 0.0280445
0.467965 0.14358 0.323498
0.25724 0.878482 0.424081
0.288472 0.479946 0.385888
0.442894 0.352703 0.110631
0.272553 0.636305 0.398481
0.195668 0.417604 0.243582
0.355881 0.417604 0.167291
0.0364811 0.43782 0.364092
0.328964 0.417604 0.130521
0.211812 0.521603 0.399249
0.123666 0.417604 0.384384
0.274566 0.417604 0.318666
0.0756272 0.155766 0.0772096
0.0701322 0.131286 0.0424226
0.194249 0.479946 0.244288
0.442678 0.276108 0.110818
0.302155 0.146057 0.260043
0.465355 0.159789 0.0920698
0.453234 0.125826 0.102715
0.279753 0.97194 0.424254
0.456404 0.189867 0.0963938
0.069572 0.479946 0.263622
0.281694 0.956437 0.461226
0.0846733 0.417604 0.171547
0.105784 0.417604 0.391034
0.439261 0.146301 0.255536
0.18312 0.443641 0.0393602
0.308856 0.417604 0.200852
0.270031 0.421868 0.43547
0.104305 0.395055 0.390216
0.432794 0.787426 0.452439
0.441143 0.479946 0.119418
0.344677 0.600823 0.412567
0.482951 0.455915 0.0773057
0.354613 0.417604 0.163317
0.217019 0.479946 0.201283
0.447484 0.479946 0.320407
0.413694 0.479946 0.398218
0.457587 0.157556 0.180238
0.026222 0.455537 0.288728
0.0894513 0.201746 0.396162
0.141578 0.479946 0.344402
0.432079 0.417604 0.107423
0.273983 0.941226 0.426084
0.461552 0.14595 0.241646
0.134639 0.887929 0.43253
0.41913 0.477314 0.409002
0.0578172 0.454316 0.419598
0.467716 0.14358 0.31503
0.471702 0.143629 0.33952
0.459141 0.16049 0.412533
0.472143 0.144469 0.123198
0.217563 0.968471 0.435466
0.499685 0.429219 0.19994
0.0884916 0.164687 0.173895
0.386328 0.948155 0.43294
0.132012 0.885026 0.424751
0.13729 0.474806 0.0592869
0.393005 0.473974 0.429647
0.464699 0.479946 0.303523
0.474872 0.163251 0.15115
0.338104 0.6016 0.42844
0.374693 0.475718 0.0411319
0.0875094 0.417604 0.314278
0.302177 0.476096 0.445487
0.375445 0.91616 0.428943
0.478862 0.109349 0.401904
0.126678 0.418329 0.411466
0.365443 0.82981 0.428596
0.151519 0.417604 0.390512
0.446136 0.395923 0.388299
0.355937 0.844712 0.443764
0.203935 0.417604 0.23287
0.112739 0.417604 0.273172
0.16931 0.423121 0.435867
0.459081 0.220664 0.0973924
0.107391 0.479946 0.347503
0.341818 0.478941 0.432097
0.259809 0.563949 0.392313
0.256459 0.789732 0.423433
0.0797249 0.582914 0.39957
0.288419 0.417604 0.165503
0.359057 0.417604 0.0817167
0.46091 0.163389 0.224053
0.0933978 0.609802 0.420474
0.0774179 0.618669 0.410408
0.100224 0.417999 0.0708058
0.305887 0.479946 0.413277
0.461794 0.164202 0.172698
0.497787 0.469272 0.116038
0.166855 0.417604 0.131222
0.355896 0.427667 0.0373588
0.433013 0.380243 0.138244
0.271813 0.530753 0.404542
0.270577 0.761445 0.425663
0.315123 0.502295 0.411969
0.201228 0.611742 0.405567
0.321587 0.479946 0.393825
0.381462 0.929521 0.468094
0.0270479 0.448494 0.288038
0.0645025 0.0828159 0.38865
0.144104 0.479946 0.302379
0.386789 0.479946 0.257828
0.40189 0.417604 0.387546
0.454477 0.417604 0.122279
0.18969 0.924785 0.430014
0.47318 0.165155 0.402096
0.272702 0.86977 0.418601
0.154694 0.479946 0.278235
0.225396 0.417604 0.160005
0.114522 0.496694 0.402821
0.0796062 0.715458 0.390666
0.193246 0.648518 0.414023
0.0837406 0.126228 0.045538
0.131499 0.417604 0.396037
0.0280401 0.467956 0.276448
0.0694288 0.18458 0.0775222
0.463593 0.202578 0.39689
0.469187 0.479946 0.245213
0.321275 0.479946 0.247436
0.130849 0.417604 0.121902
0.274591 0.928068 0.433088
0.0897948 0.296566 0.0585544
0.255986 0.736303 0.41646
0.258751 0.724861 0.422856
0.270932 0.704072 0.42037
0.33397 0.624118 0.410896
0.362007 0.479946 0.382423
0.455877 0.417604 0.265956
0.456742 0.142084 0.411039
0.155355 0.417604 0.213655
0.39155 0.154924 0.246425
0.0988095 0.255877 0.3622
0.18974 0.156203 0.229745
0.258583 0.541925 0.39143
0.0855437 0.144547 0.204488
0.376429 0.433977 0.437522
0.45671 0.536894 0.411058
0.251585 0.971733 0.421769
0.0612937 0.032247 0.395557
0.318699 0.479946 0.0829024
0.474143 0.164223 0.32566
0.136881 0.902093 0.40684
0.16945 0.479946 0.290852
0.210595 0.479946 0.213998
0.104287 0.417604 0.362852
0.345463 0.726907 0.4216
0.261496 0.479946 0.20418
0.0413647 0.42617 0.33433
0.0665758 0.419923 0.203748
0.27426 0.621094 0.406808
0.454208 0.80857 0.438371
0.450136 0.221576 0.422113
0.0849196 0.417604 0.175162
0.237184 0.420082 0.431623
0.369011 0.925369 0.4583
0.46026 0.162765 0.273383
0.413649 0.479946 0.396013
0.449493 0.145359 0.257857
0.207076 0.417604 0.399434
0.0714159 0.479946 0.28232
0.103636 0.521822 0.41522
0.178762 0.681427 0.400128
0.404346 0.428645 0.423123
0.0865728 0.809666 0.433851
0.263137 0.493497 0.383376
0.477893 0.16022 0.107722
0.245586 0.479946 0.0963621
0.100005 0.651772  0.389
0.0966078 0.864664 0.428323
0.276504 0.417604 0.219794
0.226784 0.479946 0.267955
0.257025 0.894457 0.435114
0.431176 0.527485 0.423775
0.459028 0.323581 0.42276
0.0865485 0.133566 0.36552
0.477336 0.161804 0.399163
0.0996324 0.213318 0.388861
0.466643 0.14358 0.226776
0.480004 0.17305 0.408519
0.466931 0.249266 0.395159
0.462591 0.728591 0.428537
0.419096 0.915931 0.459354
0.443423 0.255995 0.127642
0.130033 0.433076 0.0588113
0.125145 0.417604 0.357788
0.456943 0.158451 0.0953709
0.43338 0.548105 0.445977
0.0936721 0.382979 0.100174
0.27371 0.601131 0.406591
0.233293 0.470562 0.456409
0.105867 0.784031 0.413488
0.299132 0.955175 0.424782
0.0817822 0.556305 0.401611
0.210701 0.417604 0.414842
0.428283 0.479946 0.140868
0.307772 0.476804 0.44356
0.2565 0.942715 0.420171
0.279713 0.417604 0.148899
0.0754607 0.152512 0.369646
0.449765 0.501459 0.429358
0.163038 0.479946 0.184802
0.088834 0.508634 0.39976
0.438982 0.709243 0.457736
0.342123 0.417604 0.218057
0.164308 0.479946 0.317919
0.365153 0.417604 0.395489
0.451481 0.522964 0.445807
0.108815 0.417604 0.186786
0.238905 0.935446 0.449384
0.0749261 0.194527 0.0812331
0.415041 0.417604 0.0974251
0.338983 0.479023 0.432357
0.333956 0.166255 0.253718
0.427457 0.417604 0.174422
0.477452 0.148578 0.37927
0.274814 0.877044 0.425401
0.221124 0.417604 0.290929
0.0759674 0.132739 0.0420191
0.278224 0.417604 0.170695
0.37555 0.936792 0.439074
0.205531 0.143907 0.239377
0.0570818 0.478257 0.178683
0.459065 0.161054 0.32804
0.152664 0.869808 0.424055
0.0972899 0.479946 0.384171
0.0774135 0.678849 0.395245
0.0730776 0.479946 0.185783
0.401534 0.479946 0.35597
0.307563 0.479946 0.0794426
0.0926335 0.153144 0.331646
0.0281197 0.468674 0.292742
0.464284 0.690955 0.425276
0.330875 0.515656 0.417484
0.471065 0.229654 0.423275
0.477438 0.141425 0.112139
0.351635 0.422794 0.426641
0.254306 0.143611 0.251126
0.361019 0.417604 0.30236
0.0289326 0.460778 0.340805
0.287241 0.16079 0.239694
0.0875236 0.31304 0.365665
0.0790501 0.193368 0.394686
0.0969594 0.862491 0.409518
0.0916891 0.151776 0.147367
0.272637 0.520361 0.388633
0.0692806 0.209174 0.056939
0.0376669 0.441326 0.377197
0.0761888 0.127924 0.368107
0.0827972 0.170943 0.36457
0.110454 0.43102 0.388384
0.201862 0.554439 0.409262
0.244669 0.448765 0.459453
0.165022 0.479946 0.368558
0.241874 0.436853 0.0324775
0.45573 0.776214 0.463887
0.461715 0.594735 0.424211
0.284479 0.417604 0.183503
0.151118 0.421921 0.0694551
0.0993701 0.819897 0.435688
0.141694 0.894281 0.429421
0.453768 0.264785 0.101274
0.476097 0.463532 0.0660177
0.482736 0.423108 0.25127
0.183578 0.426087 0.445626
0.473399 0.164319 0.111016
0.373527 0.912823 0.466142
0.0772423 0.151013 0.043871
0.0966114 0.298611 0.0867113
0.450195 0.553652 0.44784
0.0998024 0.573605 0.380619
0.258642 0.96312 0.459672
0.447303 0.479631 0.414932
0.402627 0.479946 0.195207
0.339343 0.417604 0.337376
0.0704635 0.479946 0.3104
0.131614 0.898129 0.443987
0.234778 0.417604 0.389713
0.339112 0.417604 0.31359
0.335506 0.555428 0.402974
0.428162 0.433047 0.140467
0.203763 0.479946 0.397723
0.357837 0.148751 0.245808
0.104511 0.3369 0.0743167
0.362158 0.479946 0.30818
0.0895172 0.393017 0.373655
0.440184 0.61915 0.434324
0.0771489 0.0300349 0.0499569
0.159762 0.143612 0.242833
0.0977974 0.185986 0.388541
0.0737866 0.163519 0.101355
0.0827582 0.27933 0.0572115
0.426753 0.855387 0.428996
0.171009 0.918204 0.419882
0.507747 0.461527 0.198433
0.300365 0.439855 0.453405
0.258459 0.735001 0.40834
0.192008 0.586399 0.412229
0.0874963 0.392612 0.0726842
0.377545 0.417604 0.385218
0.101485 0.479946 0.210327
0.143654 0.479946 0.341335
0.326755 0.143611 0.256319
0.124451 0.477363 0.0717495
0.355118 0.922984 0.436557
0.38829 0.417604 0.379522
0.261534 0.692992 0.402091
0.326652 0.965511 0.465804
0.129194 0.417604 0.368659
0.105323 0.565579 0.383298
0.455589 0.659112 0.417801
0.114479 0.478518 0.385766
0.311094 0.479946 0.125621
0.100074 0.795195 0.434023
0.420408 0.417604 0.326176
0.414463 0.479946 0.309252
0.456742 0.426955 0.37269
0.352607 0.463313 0.0285552
0.0777949 0.221886 0.3723
0.227353 0.479946 0.407132
0.0973288 0.613499 0.421078
0.44591 0.768308 0.424587
0.0479882 0.479145 0.24382
0.0756573 0.194817 0.372872
0.457778 0.100888 0.0936916
0.34358 0.661883 0.412322
0.445978 0.148087 0.275207
0.348353 0.630356 0.422185
0.446906 0.209356 0.108485
0.411724 0.882041 0.429542
0.347005 0.761241 0.428819
0.450637 0.417604 0.191176
0.169582 0.738169 0.407871
0.503891 0.436025 0.184413
0.0958974 0.479946 0.410208
0.344187 0.705311 0.418392
0.176202 0.417604 0.387715
0.475981 0.0294751 0.418777
0.301661 0.971023 0.43333
0.284329 0.479946 0.401927
0.177286 0.687608 0.401191
0.0859252 0.166605 0.129326
0.0619951 0.420501 0.352089
0.0820287 0.383606 0.091768
0.0929327 0.495401 0.377349
0.134382 0.479946 0.22284
0.388159 0.417604 0.370601
0.101733 0.338038 0.0891644
0.0710928 0.156148 0.172669
0.148516 0.417604 0.388991
0.132333 0.417604 0.130795
0.358404 0.727241 0.421729
0.072017 0.478676 0.403744
0.204372 0.49555 0.405578
0.43293 0.428538 0.408468
0.388079 0.429496 0.432194
0.146953 0.417604 0.362129
0.0738006 0.129598 0.0417553
0.305089 0.417604 0.409047
0.302837 0.464537 0.0262947
0.0654374 0.0983638 0.0715655
0.0648295 0.0510551 0.374671
0.480826 0.479946 0.192992
0.451051 0.452501 0.0525334
0.463405 0.708788 0.427675
0.104325 0.266848 0.386437
0.360816 0.804976 0.426229
0.0719333 0.181887 0.380649
0.0725781 0.160753 0.208539
0.465472 0.428362 0.362407
0.183435 0.451151 0.0378618
0.338596 0.46315 0.450508
0.120134 0.417604 0.142454
0.373589 0.453285 0.442665
0.0738573 0.163328 0.209706
0.365485 0.479946 0.270905
0.428526 0.152213 0.275225
0.169093 0.417604 0.342699
0.461364 0.479946 0.117866
0.0895277 0.808276 0.396127
0.15777 0.417604 0.344261
0.458319 0.416401 0.41149
0.464741 0.166224 0.19148
0.451684 0.419838 0.0944189
0.0816863 0.167134 0.25893
0.101891 0.57508 0.404387
0.16732 0.871595 0.412092
0.328271 0.571197 0.425477
0.438293 0.479946 0.330031
0.384688 0.90733 0.434736
0.0573734 0.420579 0.242096
0.361719 0.479946 0.186273
0.436429 0.417604 0.265714
0.443439 0.297601 0.134412
0.353606 0.479946 0.17118
0.368282 0.479946 0.2826
0.464976 0.143641 0.410624
0.0261099 0.450527 0.307441
0.308504 0.417604 0.280734
0.0783871 0.0702967 0.0392972
0.0551005 0.0589889 0.0608598
0.30026 0.417604 0.10762
0.301302 0.479946 0.248383
0.27363 0.479946 0.279143
0.0978124 0.449458 0.070026
0.0813955 0.580816 0.381933
0.164928 0.417604 0.336675
0.269284 0.417604 0.131475
0.246389 0.963161 0.420714
0.274573 0.479946 0.183089
0.145035 0.479946 0.233834
0.475978 0.147285 0.211917
0.0563232 0.479946 0.2831
0.224444 0.479946 0.0860939
0.397271 0.419115 0.0689099
0.377516 0.937714 0.43911
0.403006 0.479946 0.0769042
0.477076 0.196101 0.402837
0.112623 0.41916 0.104076
0.269367 0.479946 0.0669094
0.281886 0.431085 0.451576
0.10755 0.437826 0.0960955
0.131212 0.479946 0.264976
0.397534 0.479946 0.158686
0.341807 0.417604 0.294032
0.187578 0.924602 0.413815
0.330287 0.479946 0.285636
0.363756 0.417604 0.300557
0.0928286 0.155927 0.134853
0.26957 0.848898 0.413937
0.166195 0.458243 0.0411004
0.197536 0.927335 0.440008
0.0807759 0.742211 0.392454
0.449303 0.207544 0.102637
0.423721 0.15514 0.24923
0.440907 0.516228 0.406523
0.0877764 0.676688 0.386772
0.188195 0.417604 0.234706
0.117062 0.891854 0.442272
0.433308 0.362659 0.130719
0.141729 0.417604 0.19458
0.480648 0.096385 0.430292
0.433143 0.479946 0.153088
0.391126 0.472723 0.432953
0.187443 0.599806 0.410968
0.0322684 0.452747 0.221293
0.0295516 0.464695 0.23714
0.355216 0.79817 0.427518
0.206351 0.494553 0.383482
0.113447 0.380399 0.383606
0.0839905 0.421798 0.0890784
0.438911 0.584743 0.449024
0.421861 0.476307 0.417377
0.190319 0.665975 0.395906
0.191038 0.951088 0.452901
0.464027 0.683995 0.430982
0.267634 0.649347 0.418387
0.46163 0.333844 0.128816
0.234735 0.43786 0.456483
0.460865 0.146422 0.211663
0.197644 0.62696 0.39555
0.229484 0.419055 0.427834
0.245334 0.417604 0.371935
0.079394 0.210318 0.0499366
0.0539021 0.479416 0.354706
0.0800105 0.760724 0.412385
0.447408 0.484678 0.425892
0.242329 0.417604 0.402363
0.0840357 0.479946 0.375387
0.280816 0.1654 0.244908
0.253772 0.479946 0.0913211
0.450166 0.220075 0.408198
0.47265 0.153852 0.119532
0.459056 0.174277 0.0938976
0.445896 0.519633 0.407199
0.46744 0.234101 0.395295
0.167686 0.744159 0.415751
0.068107 0.13026 0.381044
0.467099 0.1928 0.0949579
0.0951708 0.707824 0.389598
0.442836 0.858877 0.463686
0.489698 0.0450831 0.41035
0.128986 0.417604 0.253641
0.192065 0.534852 0.398232
0.0317654 0.446148 0.348845
0.062497 0.479946 0.303104
0.365106 0.452844 0.0291975
0.344548 0.417604 0.197786
0.0579732 0.443338 0.132656
0.261759 0.875356 0.438335
0.270046 0.162668 0.239785
0.314085 0.417929 0.419384
0.355082 0.734818 0.419332
0.29712 0.479946 0.10729
0.148602 0.900523 0.428871
0.081015 0.7709 0.409736
0.378583 0.915597 0.437842
0.408442 0.479946 0.204439
0.341453 0.417604 0.331293
0.450877 0.477941 0.371752
0.0819312 0.144489 0.0849878
0.392019 0.479946 0.200008
0.317207 0.479946 0.260692
0.427302 0.462225 0.420547
0.468746 0.0374367 0.409338
0.100934 0.610131 0.395848
0.102313 0.595256 0.386699
0.101189 0.613213 0.39175
0.19537 0.478105 0.0504838
0.491711 0.429354 0.113367
0.477404 0.420653 0.240411
0.329139 0.479263 0.0460972
0.48215 0.0697545 0.10916
0.419065 0.429921 0.0469308
0.270671 0.417604 0.278564
0.234481 0.479946 0.174235
0.257666 0.417604 0.0994227
0.451946 0.45076 0.0532127
0.481926 0.0308383 0.0995754
0.198745 0.591473 0.41091
0.271275 0.552206 0.390107
0.17863 0.417604 0.241036
0.268576 0.455976 0.0268917
0.352291 0.936843 0.466047
0.101349 0.417604 0.255812
0.234608 0.417604 0.110543
0.083739 0.133755 0.365599
0.0841589 0.205431 0.364394
0.460276 0.362279 0.392429
0.248313 0.479946 0.143772
0.327939 0.417604 0.125416
0.461987 0.0989258 0.0900781
0.11245 0.417604 0.378774
0.446235 0.484165 0.440117
0.199122 0.417604 0.254156
0.461747 0.331316 0.419606
0.344834 0.479946 0.423755
0.399107 0.479946 0.399553
0.348555 0.147934 0.266877
0.441735 0.479946 0.328508
0.508174 0.453809 0.178121
0.455439 0.456491 0.393396
0.419926 0.417604 0.329359
0.0539143 0.031261 0.0537519
0.478657 0.152606 0.378077
0.453461 0.479946 0.153889
0.0794376 0.629071 0.383762
0.109355 0.479946 0.312226
0.424625 0.479946 0.320099
0.474735 0.19693 0.110107
0.0775826 0.649787 0.395782
0.377979 0.875527 0.440954
0.430877 0.811398 0.436712
0.0743202 0.479527 0.399431
0.316546 0.417604 0.250079
0.471219 0.166071 0.127308
0.270228  0.503 0.384933
0.174399 0.692369 0.415304
0.0982048 0.157512 0.378896
0.156127 0.935999 0.434441
0.18258 0.479946 0.300545
0.271567 0.417604 0.361148
0.175151 0.479946 0.322362
0.192725 0.541775 0.405291
0.0813472 0.305992 0.0913407
0.310931 0.417604 0.234672
0.442307 0.574835 0.448629
0.331478 0.479946 0.391357
0.451387 0.574735 0.411533
0.358042 0.479946 0.0530844
0.251533 0.937681 0.457269
0.443615 0.672467 0.419419
0.40707 0.144936 0.267226
0.437564 0.302907 0.121149
0.230789 0.417604 0.176235
0.464211 0.660117 0.432893
0.127475 0.154661 0.224095
0.462507 0.417604 0.213983
0.0643338 0.184419 0.0666585
0.413191 0.417754 0.382516
0.172874 0.479946 0.112994
0.205803 0.479946 0.320642
0.281378 0.479946 0.40987
0.117023 0.417604 0.311636
0.494264 0.427961 0.138308
0.186119 0.611659 0.395799
0.423463 0.421595 0.392514
0.154625 0.479946 0.348442
0.503378 0.472366 0.175998
0.440376 0.716752 0.43707
0.0709164 0.127592 0.0744313
0.090356 0.417604 0.345203
0.474305 0.146477 0.094062
0.11553 0.417604 0.213102
0.463043 0.0410444 0.0881412
0.0929494 0.234697 0.0565712
0.298773 0.417604 0.341974
0.297868 0.417604 0.101379
0.161128 0.479946 0.314888
0.12894 0.900968 0.443951
0.0844454 0.31829 0.384239
0.0423711 0.455031 0.169722
0.230536 0.96967 0.438685
0.116264 0.85412 0.401677
0.17114 0.417604 0.166284
0.0999181 0.300561 0.0818454
0.331169 0.417604 0.294392
0.11292 0.83337 0.422674
0.129572 0.166256 0.237469
0.193553 0.417604 0.396799
0.175342 0.145397 0.248256
0.0752131 0.671917 0.417302
0.271116 0.555658 0.390257
0.462667 0.601267 0.416737
0.0871112 0.431611 0.0818802
0.118044 0.402534 0.375229
0.0819085 0.167134 0.368641
0.256811 0.746908 0.413626
0.43558 0.394954 0.411993
0.297605 0.475278 0.447108
0.379581 0.417604 0.089043
0.318208 0.425052 0.0409406
0.165207 0.417604 0.293517
0.288473 0.417604 0.261037
0.398166 0.429446 0.0430201
0.42489 0.417604 0.20796
0.0978629 0.365488 0.359026
0.39708 0.479946 0.325257
0.142005 0.914499 0.408157
0.0711766 0.156368 0.17887
0.157768 0.422636 0.0647786
0.452601 0.341857 0.423347
0.265653 0.50599 0.384313
0.239103 0.417604 0.394742
0.446456 0.649404 0.416321
0.205319 0.417604 0.0969042
0.504749 0.468603 0.230629
0.429261 0.511501 0.416159
0.075494 0.0840281 0.367262
0.0918773 0.158803 0.10426
0.136076 0.479946 0.0800105
0.205027 0.417604 0.25719
0.0772678 0.685298 0.400753
0.318819 0.472279 0.450095
0.355368 0.479946 0.339922
0.1939 0.945466 0.452759
0.236652 0.940457 0.418273
0.465772 0.34869 0.401027
0.470911 0.154434 0.398943
0.475055 0.242356 0.409142
0.0980727 0.69473 0.419083
0.0934538 0.423944 0.382595
0.197432 0.430615 0.451717
0.0719318 0.0262179 0.383829
0.0986037 0.716316 0.425425
0.0828245 0.41937 0.154868
0.440749 0.601717 0.417414
0.0973877 0.688467 0.423545
0.452484 0.56179 0.44861
0.0789629 0.568581 0.413906
0.447614 0.302607 0.397107
0.503911 0.469389 0.237089
0.329327 0.568157 0.425327
0.252333 0.479946 0.0824219
0.300069 0.479946 0.346214
0.0787922 0.713235 0.399026
0.467998 0.210893 0.0987219
0.0845018 0.231018 0.365078
0.249661 0.972598 0.424261
0.0922608 0.153099 0.20766
0.380837 0.479946 0.324981
0.339046 0.479946 0.226222
0.0890135 0.424567 0.10712
0.108909 0.805738 0.418059
0.266023 0.479946 0.104321
0.119809 0.152184 0.224345
0.4083 0.417604 0.138888
0.404469 0.14361 0.264117
0.323268 0.93988 0.425829
0.235588 0.474358 0.452061
0.27289 0.927629 0.437852
0.460026 0.581473 0.412762
0.437855 0.518873 0.40644
0.233821 0.479946 0.298054
0.202495 0.929546 0.430264
0.182154 0.479946 0.0625609
0.452085 0.438844 0.390107
0.108185 0.541309 0.379096
0.471627 0.171492 0.429373
0.162902 0.906278 0.414329
0.454322 0.479946 0.266125
0.18697 0.417604 0.0944622
0.0820008 0.78083 0.417117
0.310088 0.479946 0.0919706
0.422815 0.417604 0.264265
0.390062 0.479946 0.184517
0.0882583 0.169392 0.364449
0.416197 0.479946 0.27866
0.327036 0.417604 0.1964
0.0921278 0.157535 0.246699
0.282878 0.417604 0.215817
0.462172 0.0756314 0.115596
0.312622 0.479946 0.117917
0.460728 0.365432 0.123843
0.316848 0.417604 0.33291
0.454709 0.690336 0.419907
0.0831396 0.308609 0.381725
0.102105 0.417604 0.137435
0.459915 0.147224 0.235656
0.434387 0.417604 0.341203
0.121282 0.479946 0.416927
0.478127 0.152679 0.187786
0.226195 0.479946 0.127748
0.0972639 0.166077 0.370339
0.150899 0.479946 0.405029
0.221501 0.479946 0.136978
0.267638 0.55978 0.410588
0.0666371 0.124364 0.0735128
0.199539 0.479946 0.207023
0.434211 0.35974 0.134235
0.196076 0.963144 0.438951
0.375489 0.418562 0.0665669
0.491879 0.472973 0.108484
0.381064 0.909881 0.439818
0.370248 0.953634 0.43818
0.446828 0.293736 0.106274
0.0394985 0.425974 0.277711
0.26045 0.417604 0.319722
0.442004 0.636758 0.423041
0.448256 0.422155 0.0802675
0.0597811 0.479103 0.1791
0.126159 0.479946 0.413019
0.073037 0.171698 0.375567
0.0826682 0.11689 0.398781
0.0880989 0.164825 0.0989362
0.353407 0.417604 0.314088
0.27782 0.939411 0.428985
0.417525 0.423037 0.401916
0.440128 0.479946 0.120309
0.1819 0.922078 0.424782
0.0845204 0.319817 0.373027
0.489577 0.477782 0.153993
0.171666 0.417604 0.23458
0.183193 0.749298 0.419803
0.393131 0.417604 0.288503
0.0390196 0.453125 0.385085
0.451966 0.520252 0.438963
0.434953 0.438185 0.398854
0.24196 0.458358 0.460316
0.270977 0.939539 0.436653
0.256418 0.792615 0.423444
0.378769 0.948317 0.458896
0.258867 0.433161 0.454245
0.181909 0.479946 0.408899
0.161332 0.417604 0.221027
0.460649 0.156312 0.4027
0.328624 0.479946 0.105613
0.460879 0.420744 0.317779
0.0769191 0.0321255 0.0560113
0.113364 0.417604 0.379639
0.351156 0.666305 0.430043
0.476416 0.220595 0.40791
0.164859 0.455927 0.456117
0.373738 0.479946 0.331465
0.203753 0.545057 0.387059
0.105977 0.479946 0.398066
0.439335 0.14361 0.267502
0.456351 0.180979 0.0962758
0.157088 0.900769 0.413055
0.102074 0.439003 0.0900919
0.0538599 0.425115 0.376727
0.176719 0.821518 0.413837
0.106995 0.479946 0.165542
0.264791 0.733948 0.404029
0.0777802 0.268889 0.0871864
0.0462751 0.424894 0.231272
0.38261 0.910331 0.446672
0.461221 0.61697 0.443107
0.337989 0.479946 0.388846
0.472899 0.144848 0.217997
0.0575062 0.103074 0.0584949
0.319071 0.417604 0.183928
0.386533 0.944081 0.43167
0.506125 0.448784 0.225807
0.164395 0.948076 0.412468
0.264041 0.479946 0.153903
0.184804 0.479946 0.279082
0.160221 0.417604 0.323363
0.0607071 0.444552 0.124363
0.0890283 0.380059 0.372446
0.255688 0.555847 0.40005
0.302056 0.479946 0.324745
0.294714 0.417604 0.078897
0.460458 0.479946 0.159925
0.102429 0.873325 0.439693
0.442513 0.423789 0.0712483
0.266631 0.418206 0.0613404
0.232843 0.479946 0.291808
0.247646 0.479946 0.276816
0.0594738 0.0621917 0.0395437
0.205506 0.417604 0.139511
0.115718 0.37457 0.370001
0.0813829 0.777062 0.417492
0.111361 0.83977 0.400244
0.366847 0.822713 0.448079
0.0860242 0.417604 0.352827
0.44977 0.433433 0.143713
0.0510809 0.422329 0.258364
0.367205 0.154585 0.244481
0.0999921 0.419298 0.389656
0.180645 0.479946 0.0781032
0.256895 0.725854 0.411523
0.457478 0.69877 0.42074
0.420838 0.899769 0.431581
0.457308 0.125367 0.422866
0.386669 0.928215 0.468459
0.265633 0.78548 0.430455
0.243547 0.479946 0.208841
0.377917 0.929034 0.438225
0.244235 0.417604 0.195472
0.440992 0.607613 0.417982
0.394134 0.417604 0.177488
0.314755 0.45366 0.454706
0.477211 0.16665 0.107409
0.422077 0.420726 0.071278
0.209271 0.417604 0.231323
0.440161 0.621078 0.435732
0.3589 0.479946 0.272189
0.263261 0.479946 0.380611
0.365768 0.927631 0.451192
0.459072 0.316019 0.107584
0.189961 0.956354 0.453175
0.35162 0.661413 0.41676
0.333455 0.417604 0.161605
0.438799 0.14361 0.263708
0.204726 0.417604 0.180922
0.0728373 0.160152 0.360254
0.438913 0.577899 0.425246
0.434145 0.47611 0.420192
0.0719614 0.157641 0.317828
0.273124 0.771776 0.423373
0.452048 0.307502 0.392836
0.412031 0.479946 0.382822
0.101142 0.309733 0.0658798
0.112895 0.341303 0.377396
0.462649 0.663825 0.453599
0.118376 0.418518 0.100568
0.433948 0.479946 0.0953458
0.0326745 0.431098 0.286151
0.460953 0.163528 0.177574
0.0787423 0.167134 0.110895
0.370222 0.833756 0.431209
0.0506893 0.422051 0.296828
0.333883 0.660544 0.426139
0.165055 0.471499 0.451895
0.467956 0.19624 0.0963044
0.114652 0.431855 0.384913
0.328799 0.473032 0.0328126
0.0866387 0.352237 0.379821
0.164295 0.464184 0.0420743
0.372147 0.417604 0.166549
0.0977862 0.657458 0.411234
 0.455 0.40701 0.136858
0.113147 0.501672 0.39913
0.0694409 0.419301 0.200135
0.3816 0.479946 0.356261
0.489956 0.424231 0.184407
0.39678 0.896724 0.43172
0.0759783 0.427268 0.41689
0.123763 0.479946 0.267626
0.084863 0.727282 0.42794
0.371569 0.417604 0.252604
0.160532 0.837662 0.411269
0.0346634 0.465642 0.209608
0.487238 0.423405 0.190611
0.193742 0.549002 0.407534
0.190346 0.649602 0.416387
0.331764 0.417604 0.324126
0.122176 0.417604 0.339125
0.203028 0.417604 0.239224
0.107405 0.417604 0.376631
0.100892 0.420862 0.103885
0.445634 0.737919 0.422438
0.454218 0.100994 0.103468
0.0999914 0.315198 0.0866538
0.25187 0.417604 0.216476
0.223484 0.417604 0.295325
0.477816 0.203817 0.408847
0.204535 0.44459 0.456694
0.0660374 0.478701 0.392384
0.0990251 0.670123 0.393365
0.28357 0.166255 0.254625
0.268222 0.679668 0.42053
0.356645 0.479946 0.29114
0.115791 0.163254 0.227586
0.099296 0.224265 0.366008
0.450802 0.330533 0.106905
0.467871 0.441544 0.37221
0.273118 0.907658 0.435437
0.493284 0.473567 0.118115
0.287785 0.417604 0.142888
0.387942 0.417604 0.3321
0.19793 0.417604 0.380515
0.379409 0.476265 0.0430317
0.33356 0.951116 0.427517
0.366178 0.479946 0.400451
0.461209 0.453089 0.385008
0.157816 0.479946 0.265191
0.110547 0.817864 0.421424
0.159723 0.476971 0.441715
0.290994 0.417604 0.164749
0.0762855 0.232447 0.380911
0.27156 0.417604 0.122495
0.413215 0.479152 0.0582129
0.134711 0.479946 0.303418
0.458387 0.205808 0.429579
0.102546 0.313076 0.0785716
0.08617 0.114133 0.0574987
0.131412 0.928113 0.413487
0.212366 0.479946 0.154032
0.156703 0.479946 0.264095
0.363459 0.918071 0.453999
0.439862 0.342149 0.138356
0.172853 0.417604 0.122927
0.02652 0.467149 0.318967
0.360874 0.746857 0.437731
0.0749359 0.417604 0.297071
0.444541 0.224794 0.118189
0.18669 0.417604 0.298318
0.315269 0.963646 0.464675
0.30028 0.479946 0.311152
0.0705925 0.142785 0.376626
0.0895954 0.173998 0.364278
0.16309 0.913611 0.427164
0.355988 0.957869 0.448899
0.0842355 0.10424 0.0470508
0.0779176 0.241585 0.385502
0.399505 0.417604 0.118729
0.353083 0.14428 0.26163
0.143062 0.479946 0.286902
0.0993197 0.280605 0.0662237
0.270811 0.820741 0.412666
0.274755 0.417604 0.41187
0.182936 0.663915 0.417863
0.164673 0.951458 0.43864
0.449076 0.78303 0.425895
0.0373625 0.427108 0.276207
0.105038 0.861415 0.401203
0.0770288 0.64431 0.404169
0.145594 0.417604 0.353714
0.321769 0.553589 0.409526
0.14634 0.941872 0.440801
0.0926403 0.417604 0.348215
0.260189 0.417604 0.0696836
0.255289 0.479946 0.181543
0.265012 0.553263 0.388415
0.117216 0.417604 0.342956
0.170281 0.417604 0.270276
0.117721 0.915967 0.438765
0.477685 0.1791 0.42196
0.0287479 0.46634 0.334264
0.333612 0.512649 0.412506
0.280531 0.417604 0.163718
0.345501 0.938246 0.427664
0.364377 0.478378 0.0455824
0.0509959 0.479442 0.335119
0.309294 0.479946 0.258777
0.386409 0.479044 0.0521712
0.458255 0.265074 0.426795
0.30152 0.479946 0.158871
0.196698 0.581598 0.411765
0.0970681 0.245843 0.0662285
0.226732 0.161358 0.25674
0.269354 0.719988 0.423086
0.0897233 0.164089 0.336732
0.0913913 0.160907 0.154325
0.436456 0.341079 0.135051
0.275284 0.417604 0.172784
0.459942 0.0872597 0.422053
0.198881 0.462518 0.457892
0.391619 0.417604 0.144017
0.184128 0.743926 0.404361
0.139127 0.417604 0.144578
0.490072 0.47625 0.265332
0.167245 0.754421 0.410173
0.388399 0.417604 0.167498
0.287042 0.479946 0.103346
0.103647 0.479946 0.306161
0.0862368 0.776753 0.43152
0.303259 0.944458 0.462279
0.201201 0.616702 0.400273
0.463017 0.386072 0.400906
0.198886 0.417604 0.0878976
0.325905 0.417604 0.362404
0.0423767 0.435368 0.381195
0.20276 0.966335 0.420113
0.315263 0.145677 0.260571
0.395963 0.417604 0.33789
0.466655 0.326689 0.397193
0.426349 0.496452 0.408523
0.44352 0.479946 0.138013
0.23726 0.417604 0.213211
0.0937592 0.435331 0.0792146
0.465409 0.154375 0.111098
0.145175 0.479946 0.329763
0.492338 0.477015 0.241803
0.0713528 0.183201 0.050316
0.476979 0.208676 0.406258
0.108906 0.805033 0.416672
0.118541 0.484153 0.407193
0.100085 0.340502 0.0656495
0.256303 0.445111 0.029284
0.190215 0.479946 0.0870665
0.0633962 0.0265305 0.376867
0.460511 0.418278 0.404778
0.404301 0.437867 0.040139
0.0857775 0.16571 0.382717
0.435559 0.77443 0.443321
0.350288 0.787126 0.430826
0.296315 0.417604 0.195213
0.152475 0.876154 0.427728
0.0774606 0.332114 0.0755462
0.363558 0.160597 0.246105
0.190062 0.651017 0.416586
0.0756313 0.293327 0.0675119
0.298967 0.479946 0.139484
0.482165 0.106089 0.102015
0.270073 0.8007 0.410273
0.243301 0.143611 0.247137
0.246654 0.479946 0.259139
0.0888608 0.144916 0.0574846
0.186883 0.479946 0.185636
0.157473 0.417604 0.287035
0.179993 0.94469 0.451485
0.0706408 0.158351 0.385799
0.463567 0.660954 0.441024
0.294967 0.417604 0.313382
0.470389 0.246861 0.421899
0.200208 0.479946 0.183718
0.345838 0.63997 0.411358
0.148699 0.921425 0.418986
0.0881827 0.527343 0.378843
0.458227 0.417693 0.283114
0.09585 0.403828 0.102267
0.134392 0.479946 0.291037
0.269165 0.738324 0.424841
0.479175 0.154423 0.36874
0.462446 0.16476 0.152904
0.450586 0.496708 0.408986
0.0715859 0.153621 0.150966
0.0799928 0.726935 0.3928
0.14382 0.417604 0.315155
0.164092 0.460555 0.041639
0.203244 0.432789 0.0381786
0.343144 0.71038 0.420277
0.450034 0.417604 0.297749
0.475624 0.180702 0.10617
0.398189 0.457665 0.0352099
0.378994 0.417604 0.139397
0.337984 0.553112 0.405239
0.112458 0.417604 0.289545
0.206751 0.570459 0.400838
0.0556309 0.42346 0.367824
0.452664 0.184669 0.410865
0.265422 0.417604 0.293012
0.377581 0.947066 0.444626
0.451364 0.23333 0.424174
0.162145 0.423214 0.434669
0.438813 0.479946 0.260261
0.417831 0.479946 0.0898308
0.0864092 0.527042 0.397424
0.122632 0.417604 0.209211
0.0596459 0.469478 0.417482
0.0707167 0.139553 0.0433502
0.216649 0.417604 0.258483
0.336774 0.653906 0.414442
0.40413 0.417604 0.163975
0.1172 0.409623 0.362665
0.109499 0.516175 0.413415
0.361276 0.740229 0.425426
0.237626 0.417604 0.182323
0.132164 0.885166 0.423136
0.201997 0.417604 0.117847
0.0959617 0.161406 0.388769
0.0687918 0.0661556 0.371937
0.231625 0.417604 0.26479
0.042761 0.477912 0.27812
0.436081 0.417604 0.206742
0.347755 0.479946 0.0740072
0.240177 0.417604 0.204281
0.0857216 0.536215 0.390936
0.336668 0.158377 0.267161
0.217323 0.417604 0.199202
0.0293315 0.467257 0.24091
0.0779126 0.0442302 0.368321
0.0643929 0.189898 0.0651065
0.150891 0.434252 0.0493628
0.177837 0.800576 0.408862
0.366528 0.417604 0.208711
0.477023 0.479888 0.126867
0.166271 0.78791 0.425655
0.338448 0.672816 0.433528
0.0623958 0.4213 0.365432
0.357453 0.783182 0.424132
0.32991 0.511443 0.417462
0.117639 0.900937 0.442958
0.404668 0.417604 0.198422
0.484651 0.127272 0.41651
0.0736902 0.0409521 0.368542
0.0752697 0.21873 0.378684
0.198691 0.417604 0.283115
0.0938776 0.479946 0.205591
0.120716 0.462187 0.44693
0.107856 0.545294 0.379346
0.440026 0.479946 0.337698
0.475677 0.155727 0.114989
0.0911597 0.417604 0.342842
0.348421 0.633789 0.42351
0.0666556 0.115356 0.384696
0.29718 0.479946 0.383305
0.100637 0.727281 0.40771
0.202534 0.417604 0.106058
0.163714 0.901405 0.41419
0.407193 0.166255 0.260687
0.221454 0.479946 0.391647
0.332751 0.166255 0.250941
0.131936 0.479946 0.137934
0.383737 0.417604 0.199803
0.378747 0.145274 0.265342
0.429358 0.417604 0.214111
0.474996 0.163549 0.324262
0.179965 0.417604 0.267443
0.247852 0.479946 0.111205
0.412938 0.479946 0.314832
0.0551104 0.479946 0.237678
0.485115 0.479662 0.197434
0.240771 0.479946 0.321842
0.327798 0.479946 0.272147
0.26036 0.730176 0.42479
0.180118 0.160389 0.23045
0.0832447 0.14449 0.282049
0.46288 0.721652 0.428188
0.161571 0.479946 0.215452
0.362466 0.458963 0.0285501
0.0546695 0.0469843 0.0607201
0.142267 0.938049 0.426068
0.315671 0.479946 0.427343
0.375115 0.417604 0.230647
0.130243 0.479946 0.377612
0.0826173 0.130067 0.0695537
0.424341 0.437263 0.0444953
0.0740203 0.479946 0.250092
0.140645 0.93659 0.426929
0.476475 0.14769 0.206036
0.401549 0.475507 0.422416
0.330585 0.584985 0.405987
0.476487 0.161851 0.111088
0.193522 0.925588 0.446786
0.268339 0.417604 0.362202
0.267873 0.417604 0.290132
0.241017 0.143611 0.246767
0.0908075 0.420467 0.125833
0.450463 0.20511 0.125853
0.229216 0.144897 0.239862
0.0922421 0.158787 0.22848
0.210033 0.543219 0.398702
0.0295949 0.446364 0.335225
0.464752 0.424428 0.0851296
0.447143 0.479946 0.305411
0.0762619 0.113526 0.0720758
0.100101 0.267886 0.390839
0.292382 0.475374 0.44735
0.262673 0.417604 0.413306
0.3152 0.479946 0.272149
0.345988 0.763926 0.434617
0.19384 0.154572 0.256152
0.257855 0.417604 0.33059
0.0853285 0.105935 0.052207
0.457519 0.270541 0.134278
0.469624 0.15619 0.269756
0.463143 0.62809 0.4268
0.439336 0.316608 0.114368
0.106163 0.554283 0.391354
0.339543 0.56221 0.417378
0.0798581 0.425448 0.114875
0.461972 0.646092 0.451244
0.466342 0.180853 0.430523
0.359557 0.877731 0.444272
0.461641 0.417604 0.171975
0.478194 0.152884 0.189495
0.171197 0.417604 0.404085
0.334309 0.929798 0.446028
0.287698 0.972237 0.424972
0.456961 0.406688 0.125278
0.439935 0.747019 0.429507
0.388306 0.417604 0.346337
0.206551 0.479946 0.289429
0.331296 0.531473 0.420267
0.45709 0.154266 0.217659
0.333759 0.64823 0.429567
0.379698 0.892792 0.448149
0.336653 0.417604 0.193671
0.478945 0.0318067 0.437169
0.331508 0.479946 0.343575
0.47146 0.238484 0.11506
0.449049 0.339537 0.391732
0.269335 0.479946 0.210154
0.415929 0.417604 0.0957579
0.214366 0.417604 0.218742
0.424417 0.867597 0.467531
0.0484195 0.439139 0.161846
0.110525 0.441458 0.0655719
0.195437 0.564244 0.389297
0.0785706 0.0985036 0.0401502
0.448348 0.489954 0.424386
0.063558 0.128218 0.0474453
0.428648 0.479946 0.286932
0.0866148 0.0433064 0.391323
0.276289 0.417604 0.381221
0.0860692 0.348824 0.374473
0.419836 0.854784 0.435913
0.0829754 0.384326 0.0775728
0.148912 0.479946 0.175934
0.139408 0.479946 0.284317
0.0698783 0.22715 0.0613825
0.466809 0.186728 0.430233
0.356709 0.479946 0.191462
0.501412 0.430506 0.17956
0.498336 0.450258 0.107361
0.486692 0.0490883 0.0961652
0.0829839 0.261822 0.367511
0.0923798 0.0839904 0.382502
0.336387 0.651691 0.414329
0.311839 0.970268 0.429053
0.219196 0.479946 0.263316
0.335073 0.166255 0.251203
0.450877 0.438543 0.386381
0.26377 0.417604 0.324778
0.368318 0.816764 0.44566
0.172078 0.704959 0.411476
0.503579 0.438229 0.221638
0.462254 0.157713 0.253438
0.0876773 0.590546 0.38074
0.180815 0.417604 0.373753
0.0916976 0.150597 0.272313
0.472001 0.166053 0.388945
0.291184 0.479946 0.283606
0.344436 0.926509 0.441151
0.151384 0.470277 0.0477576
0.380521 0.909595 0.445037
0.250669 0.937404 0.437906
0.325237 0.479946 0.286995
0.468407 0.225592 0.395804
0.334115 0.479946 0.294383
0.194759 0.479946 0.0762304
0.423526 0.417604 0.0898898
0.149747 0.893545 0.425169
0.458966 0.433712 0.397849
0.171467 0.854864 0.425899
0.205457 0.479946 0.261262
0.455262 0.536029 0.42816
0.366988 0.937188 0.449204
0.209543 0.159506 0.255954
0.334264 0.479946 0.226774
0.17601 0.671563 0.408923
0.146697 0.417604 0.411736
0.372546 0.479946 0.144245
0.0312065 0.448992 0.349754
0.0435453 0.476791 0.229731
0.156289 0.479946 0.348661
