0.144421 0.3586 0.303181
0.144026 0.237475 0.324182
0.0545374 0.390526 0.687323
0.0730127 0.425383 0.638692
0.146831 0.278136 0.643038
0.0871126 0.262517 0.612071
0.058505 0.38902 0.468121
0.0482986 0.3464 0.653414
0.0677044 0.188807 0.322475
0.0547003 0.522782 0.774325
0.143922 0.261765 0.425752
0.125963 0.412911 0.322909
0.0482986 0.336215 0.379768
0.135461 0.398026 0.395491
0.141232 0.450225 0.684813
0.135764 0.419906 0.601191
0.068029 0.247891 0.431216
0.0482986 0.115662 0.641539
0.129624 0.289487 0.650368
0.111005 0.553481 0.84531
0.105328 0.370165 0.119707
0.162463 0.414139 0.694863
0.0657725 0.201229 0.38588
0.0912008 0.311237 0.676218
0.0693923 0.275667 0.441442
0.0717615 0.41342 0.558704
0.0493614 0.374205 0.424586
0.177903 0.0321054 0.666103
0.0482986 0.333158 0.385946
0.132762 0.381279 0.715209
0.128585 0.421209 0.560619
0.149322 0.180362 0.650866
0.107441 0.494038 0.945397
0.100813 0.40416 0.168385
0.154596 0.0834876 0.331684
0.164792 0.311018 0.645453
0.164792 0.0942716 0.349126
0.146024 0.226411 0.406669
0.150705 0.311961 0.632043
0.1439 0.391746 0.326368
0.070227 0.29151 0.53546
0.145706 0.226052 0.373071
0.155664 0.411378 0.647235
0.10711 0.402393 0.295461
0.0759991 0.300884 0.668211
0.131172 0.420792 0.575949
0.0754957 0.407071 0.504787
0.0482986 0.0519235 0.357933
0.14321 0.239273 0.311234
0.146236 0.222813 0.404159
0.10287 0.365604 0.299019
0.164792 0.197547 0.639104
0.158065 0.527961 0.768157
0.120609 0.415848 0.469157
0.060134 0.590121 0.795915
0.0550019 0.243735 0.607739
0.0691301 0.272034 0.437195
0.131754 0.41411 0.740634
0.144081 0.284623 0.566227
0.0660234 0.180232 0.310759
0.114919 0.390383 0.179278
0.10713 0.357792 0.192851
0.143429 0.379299 0.299711
0.0544504 0.381237 0.443155
0.148045 0.177697 0.624117
0.164792 0.297226 0.633048
0.164792 0.187475 0.639224
0.0783133 0.10851 0.666872
0.164792 0.213071 0.632472
0.105105 0.314058 0.692808
0.0699613 0.17893 0.310416
0.0576426 0.375132 0.341412
0.118087 0.402052 0.297645
0.0482986 0.0612607 0.653839
0.0686906 0.311641 0.467895
0.0729779 0.254575 0.307345
0.143955 0.484691 0.776875
0.096462 0.559315 0.832959
0.111575 0.423422 0.0973316
0.0676724 0.0716987 0.338183
0.0626266 0.275476 0.304277
0.0869747 0.359913 0.298178
0.077091 0.398404 0.459874
0.164413 0.343214 0.523939
0.152426 0.33152 0.43325
0.0530749 0.400305 0.535995
0.108331 0.399556 0.745049
0.0724622 0.368543 0.293681
0.143522 0.21903 0.644907
0.0482986 0.154801 0.632523
0.156764 0.321287 0.350409
0.0613394 0.262334 0.627637
0.0743191 0.290279 0.530599
0.164792 0.356495 0.649488
0.149012 0.291828 0.550891
0.145347 0.238708 0.427364
0.0711918 0.0763486 0.643413
0.0563311 0.336942 0.456584
0.0482986 0.362002 0.465733
0.126386 0.563058 0.822089
0.151417 0.254001 0.312401
0.164792 0.0774292 0.355449
0.11446 0.576075 0.769744
0.0482986 0.354836 0.610723
0.0482986 0.376467 0.576509
0.164792 0.220888 0.342925
0.151431 0.281159 0.631832
0.151208 0.337461 0.635296
0.146164 0.196989 0.357592
0.0313959 0.0414087 0.671218
0.0899139 0.506018 0.910429
0.152515 0.40558 0.543468
0.164792 0.377212 0.505803
0.103581 0.587264 0.790117
0.129296 0.28207 0.541009
0.056436 0.0974671 0.327024
0.105118 0.462893 0.0350123
0.112932 0.39821 0.0885139
0.102144 0.388336 0.0935135
0.104525 0.296609 0.426906
0.103003 0.482294 0.904835
0.0462387 0.191988 0.617306
0.160347 0.258833 0.379845
0.0685119 0.423117 0.650032
0.0385571 0.0518561 0.666671
0.0644615 0.521766 0.834902
0.0866269 0.316501 0.298797
0.144259 0.133254 0.331912
0.048159 0.222121 0.610293
0.143816 0.408466 0.528718
0.164792 0.270038 0.610158
0.0348598 0.0333014 0.40138
0.0656185 0.358247 0.307376
0.141683 0.391346 0.357119
0.0807507 0.29017 0.515336
0.134771 0.575999 0.796652
0.134663 0.467879 0.689877
0.0703945 0.184379 0.651103
0.0604413 0.541132 0.77063
0.102744 0.535916 0.874696
0.0596409 0.38122 0.689808
0.115891 0.337439 0.301468
0.1006 0.438773 0.573515
0.0828652 0.25369 0.316839
0.0657725 0.218493 0.35073
0.0803952 0.582969 0.790742
0.0824524 0.311533 0.426121
0.0779593 0.119802 0.666743
0.14383 0.228682 0.317044
0.164792 0.375091 0.631812
0.146279 0.138822 0.648423
0.0946787 0.473896 0.678984
0.0945215 0.488743 0.93305
0.101805 0.309148 0.386684
0.159435 0.300883 0.608347
0.0482986 0.276337 0.404411
0.0659984 0.389654 0.450101
0.0900451 0.29939 0.452674
0.146634 0.493033 0.779571
0.0938691 0.534733 0.8724
0.0774826 0.529399 0.860948
0.107397 0.466558 0.651607
0.0482986 0.31464 0.602864
0.144388 0.27942 0.630212
0.158255 0.311364 0.358952
0.109106 0.407768 0.153953
0.163939 0.219366 0.370222
0.0906017 0.277833 0.645771
0.154232 0.272093 0.623829
0.12163 0.454274 0.649268
0.100973 0.459742 0.641773
0.0711481 0.149211 0.642157
0.0581406 0.291728 0.591832
0.0586171 0.331306 0.466243
0.0746742 0.269299 0.614555
0.110266 0.453838 0.0497012
0.0578037 0.617576 0.805414
0.141925 0.369174 0.294447
0.0740137 0.393874 0.362265
0.150729 0.269416 0.664781
0.0925893 0.513984 0.712637
0.134624 0.490879 0.78227
0.0746325 0.0288501 0.654255
0.0579191 0.319507 0.619071
0.161081 0.144245 0.311432
0.135581 0.449814 0.672014
0.0682822 0.218135 0.306114
0.139323 0.387761 0.293657
0.0491622 0.164237 0.346906
0.172326 0.0294634 0.650296
0.164539 0.352495 0.375803
0.0482986 0.362249 0.585423
0.0416204 0.150997 0.630857
0.0482986 0.221492 0.390908
0.0933153 0.41685 0.395611
0.0724461 0.249505 0.658635
0.0482986 0.294563 0.415072
0.088357 0.477431 0.688571
0.145836 0.420071 0.648992
0.0675037 0.270889 0.382341
0.134833 0.416342 0.545534
0.0977359 0.401446 0.274628
0.0566932 0.252706 0.659623
0.164792 0.246087 0.645779
0.0625384 0.277026 0.304822
0.0706063 0.389599 0.418965
0.146008 0.0444575 0.632542
0.0888714 0.520841 0.892996
0.0583587 0.283827 0.323225
0.0899926 0.411522 0.311967
0.137317 0.267404 0.619575
0.105896 0.398122 0.192536
0.0482986 0.185483 0.368281
0.135318 0.334812 0.294992
0.0658759 0.266392 0.331909
0.165212 0.0336159 0.405119
0.142921 0.273707 0.356497
0.156124 0.326438 0.53001
0.164792 0.178838 0.615511
0.062763 0.410473 0.591796
0.149987 0.453396 0.746137
0.138458 0.399896 0.307453
0.150467 0.535488 0.823081
0.0911766 0.262302 0.603169
0.136627 0.287656 0.299628
0.120542 0.496823 0.925044
0.164792 0.248497 0.429044
0.0667807 0.231503 0.409793
0.141493 0.202392 0.310989
0.162713 0.248667 0.392109
0.0925401 0.537326 0.735221
0.164792 0.0670676 0.631253
0.164792 0.362204 0.561362
0.14231 0.517475 0.85815
0.160463 0.304225 0.44174
0.118139 0.401866 0.283863
0.129265 0.310565 0.29701
0.128896 0.427044 0.6036
0.0536958 0.22211 0.336055
0.159558 0.0732259 0.335105
0.109565 0.486154 0.842018
0.105672 0.374785 0.0715187
0.0947414 0.491604 0.809491
0.142887 0.266769 0.314976
0.152366 0.0980934 0.646027
0.147661 0.47851 0.714914
0.12386 0.287418 0.65303
0.109473 0.249777 0.631485
0.0649167 0.587062 0.794826
0.0576974 0.193428 0.316038
0.0593718 0.279015 0.458202
0.164792 0.393401 0.537146
0.10483 0.480566 0.781768
0.159762 0.0712483 0.367559
0.149854 0.458313 0.723041
0.057747 0.366514 0.663435
0.0557053 0.323548 0.676381
0.164792 0.382735 0.562319
0.0710929 0.152781 0.308587
0.0773087 0.417063 0.562946
0.0898149 0.413933 0.3446
0.0482986 0.118664 0.641129
0.0526409 0.243318 0.342866
0.164792 0.177898 0.313755
0.163983 0.236163 0.608536
0.15277 0.166524 0.650052
0.143965 0.260627 0.418741
0.147286 0.033795 0.366977
0.0701085 0.44195 0.746704
0.0482986 0.224399 0.409762
0.156826 0.524469 0.788775
0.0660104 0.265492 0.33777
0.128068 0.283954 0.529934
0.0612189 0.318042 0.529594
0.114968 0.388746 0.287209
0.0629635 0.260076 0.633601
0.0657725 0.193234 0.37675
0.164792 0.392855 0.55278
0.0994199 0.380724 0.228176
0.141493 0.21405 0.3179
0.164792 0.14918 0.346283
0.0973824 0.483779 0.915011
0.0836772 0.489235 0.704033
0.0611465 0.289469 0.574712
0.0670499 0.222501 0.313126
0.0955385 0.396514 0.224283
0.0492996 0.169284 0.615576
0.0482986 0.127764 0.634873
0.104022 0.361914 0.230891
0.142265 0.475778 0.704727
0.164792 0.265119 0.634793
0.145767 0.348217 0.307892
0.164792 0.281817 0.397943
0.0649589 0.47211 0.762272
0.0747118 0.498891 0.814871
0.103539 0.370906 0.178379
0.0482986 0.371097 0.433516
0.0834474 0.266811 0.603524
0.0698248 0.0287381 0.369049
0.0482986 0.202567 0.398874
0.0661778 0.260384 0.350385
0.13403 0.505023 0.880403
0.0635506 0.208936 0.411249
0.118152 0.55881 0.833064
0.0547934 0.397342 0.517354
0.109143 0.3653 0.201637
0.0482986 0.296398 0.430939
0.101895 0.379363 0.172022
0.0528137 0.336633 0.606545
0.15485 0.385838 0.691641
0.099564 0.380678 0.240213
0.137358 0.357032 0.693832
0.164792 0.180856 0.328839
0.134073 0.43649 0.754112
0.141062 0.391306 0.413176
0.0595874 0.329415 0.466379
0.155699 0.344648 0.342655
0.0741334 0.21521 0.324751
0.155779 0.427931 0.719992
0.164792 0.290807 0.663638
0.143962 0.476475 0.707071
0.0648107 0.0641953 0.626823
0.0864413 0.311653 0.326682
0.0681709 0.469101 0.701322
0.164792 0.28824 0.615145
0.152758 0.510329 0.773513
0.164792 0.371787 0.67157
0.136139 0.529036 0.860158
0.0824698 0.499381 0.885708
0.0658276 0.130373 0.355315
0.163908 0.19741 0.651869
0.0409421 0.166997 0.63053
0.0677377 0.289645 0.365444
0.164792 0.147163 0.316148
0.0482986 0.135787 0.626917
0.152883 0.256696 0.324501
0.0590812 0.392885 0.484547
0.146025 0.0594877 0.347779
0.129136 0.459852 0.769079
0.164408 0.294905 0.388543
0.145891 0.463524 0.758833
0.0482986 0.328935 0.40619
0.0825016 0.304746 0.451449
0.0798615 0.323591 0.677183
0.148115 0.298949 0.533606
0.0608998 0.381911 0.42824
0.0593252 0.29638 0.670817
0.063765 0.332423 0.680177
0.138386 0.394516 0.421384
0.143028 0.271005 0.341126
0.0928887 0.471865 0.678938
0.0657725 0.220419 0.348067
0.0784548 0.557796 0.826842
0.132161 0.297509 0.298423
0.0961359 0.49214 0.691773
0.0544274 0.054338 0.627675
0.148047 0.49348 0.754727
0.135442 0.466919 0.689788
0.119781 0.332547 0.300171
0.146679 0.0972865 0.357492
0.071588 0.0256903 0.37137
0.128126 0.509825 0.717943
0.163548 0.225451 0.33525
0.150546 0.289647 0.634327
0.164792 0.0954605 0.360584
0.145334 0.235881 0.378728
0.158583 0.277291 0.620993
0.0665648 0.0499393 0.632001
0.124253 0.552714 0.840229
0.0908549 0.52786 0.726881
0.0676729 0.250492 0.415401
0.0737555 0.184615 0.657058
0.0690474 0.231397 0.299484
0.0807445 0.404911 0.328984
0.0520468 0.195941 0.395229
0.0483945 0.239974 0.360423
0.0453084 0.0427355 0.634877
0.0730227 0.305105 0.460294
0.0482986 0.355012 0.490328
0.0657725 0.214711 0.355965
0.0527643 0.336873 0.511659
0.09648 0.394005 0.254304
0.156489 0.290352 0.604553
0.0482986 0.37437 0.625413
0.133923 0.30227 0.658139
0.153538 0.287499 0.344682
0.102668 0.389816 0.063177
0.0482986 0.394419 0.668122
0.060935 0.440988 0.703992
0.0630111 0.0378462 0.346898
0.164792 0.294321 0.645727
0.0482986 0.383454 0.594113
0.107207 0.420446 0.321034
0.0948457 0.49783 0.697104
0.0482986 0.0395282 0.372365
0.0463783 0.158701 0.62053
0.117362 0.41686 0.103449
0.0482986 0.379066 0.470934
0.0482986 0.10506 0.332883
0.115533 0.389325 0.248805
0.141929 0.278946 0.584001
0.0858153 0.464793 0.679625
0.065111 0.0417379 0.373461
0.100086 0.434276 0.068778
0.0845702 0.5482 0.749561
0.164792 0.366715 0.681711
0.164792 0.0842257 0.334917
0.0773472 0.08438 0.662809
0.0681789 0.277889 0.396415
0.0482986 0.393763 0.595066
0.102701 0.400869 0.261933
0.152025 0.257951 0.622631
0.152909 0.39821 0.506318
0.0610627 0.329634 0.442088
0.0601475 0.377593 0.410198
0.0482986 0.27494 0.626546
0.0482986 0.189161 0.621427
0.0657725 0.257795 0.31733
0.0560072 0.540084 0.77591
0.166684 0.611128 0.812031
0.0482986 0.215606 0.369865
0.124664 0.554953 0.754235
0.0726853 0.132957 0.651406
0.16241 0.399312 0.539005
0.111092 0.411267 0.139957
0.164537 0.0252241 0.409315
0.0533693 0.195898 0.333548
0.164792 0.222104 0.332256
0.0493109 0.234966 0.608662
0.124779 0.410845 0.431205
0.0482986 0.0923185 0.356913
0.0997488 0.379955 0.296821
0.107011 0.43074 0.0352069
0.154458 0.528847 0.817951
0.143011 0.271047 0.337404
0.154433 0.274355 0.665535
0.153288 0.132758 0.315261
0.144889 0.140272 0.648508
0.0482986 0.267586 0.614417
0.055739 0.0485173 0.372105
0.100399 0.375923 0.211201
0.0731213 0.133443 0.652769
0.151794 0.432038 0.689459
0.0891011 0.450265 0.642364
0.121354 0.367807 0.719931
0.164792 0.355544 0.37808
0.142898 0.606904 0.801611
0.139947 0.395926 0.459365
0.0860292 0.415217 0.747465
0.052662 0.20961 0.339031
0.134795 0.402712 0.476606
0.114936 0.387119 0.254248
0.0697665 0.180313 0.311235
0.164788 0.344932 0.516081
0.0700254 0.0414596 0.401197
0.14604 0.398132 0.48672
0.10976 0.37967 0.117991
0.0482986 0.0587431 0.643239
0.0482986 0.193209 0.376122
0.0560063 0.384792 0.455389
0.138774 0.392752 0.293781
0.164792 0.207655 0.392496
0.152653 0.420709 0.673266
0.0482986 0.0811885 0.649628
0.144598 0.240716 0.348755
0.108992 0.513918 0.707041
0.059289 0.408933 0.708562
0.145481 0.4709 0.703525
0.0482986 0.366225 0.532976
0.116479 0.392786 0.239364
0.151748 0.420866 0.670464
0.0672292 0.276221 0.365716
0.0939315 0.455526 0.646764
0.154999 0.381614 0.434722
0.164792 0.335104 0.661043
0.121329 0.414985 0.377297
0.163978 0.334924 0.404012
0.0718766  0.463 0.764444
0.11659 0.293568 0.458369
0.16511 0.606371 0.801255
0.164792 0.197396 0.394224
0.11239 0.38904 0.14006
0.0716285 0.0474854 0.643146
0.0737584 0.288364 0.662058
0.0868334 0.431269 0.602001
0.074389 0.437616 0.655349
0.0486945 0.0802248 0.365764
0.10911 0.479378 0.944195
0.04881 0.347591 0.39074
0.137622 0.306552 0.450187
0.0694019 0.278588 0.589678
0.0586344 0.412411 0.651399
0.116482 0.498566 0.695803
0.0506658 0.392387 0.505786
0.164792 0.381681 0.519945
0.164792 0.214238 0.334591
0.141818 0.289855 0.328192
0.164792 0.17322 0.642143
0.0482986 0.165812 0.314482
0.116377 0.304662  0.308
0.164242 0.103426 0.361123
0.0482986 0.263538 0.375151
0.155512 0.279717 0.666555
0.138576 0.290853 0.52781
0.0482986 0.314668 0.38981
0.145086 0.310779 0.48521
0.165898 0.607687 0.813775
0.148815 0.178018 0.309874
0.0747779 0.0320436 0.654531
0.0482986 0.0626482 0.656196
0.164792 0.307138 0.654782
0.161837 0.24109 0.390185
0.154236 0.271381 0.623211
0.0664814 0.320822 0.642542
0.0335562 0.034199 0.672894
0.128389 0.293465 0.654776
0.0884364 0.304276 0.438374
0.139392 0.519438 0.862511
0.062453 0.407084 0.54856
0.0642084 0.0575809 0.627334
0.145416 0.321035 0.678357
0.146159 0.0548631  0.346
0.0707826 0.429808 0.653987
0.0878198 0.398443 0.293611
0.0597155 0.258362 0.616441
0.100945 0.446953 0.765922
0.0657224 0.337545 0.302588
0.0541835 0.197308 0.651863
0.0548722 0.129509 0.647875
0.141682 0.292043 0.327852
0.149441 0.435934 0.688189
0.0482986 0.34543 0.668159
0.0482986 0.111897 0.643678
0.0692759 0.210444 0.641652
0.0989478 0.301304 0.423241
0.0683824 0.473005 0.767319
0.164792 0.224829 0.411442
0.0979186 0.287092 0.479107
0.057134 0.347599 0.337513
0.0413113 0.0387853 0.396219
0.0482986 0.0533887 0.35965
0.0752173 0.575092 0.780048
0.15779 0.409003 0.632395
0.052485 0.225266 0.341518
0.0482986 0.391329 0.557679
0.150272 0.251353 0.313725
0.0767428 0.526494 0.739513
0.151673 0.559997 0.796629
0.144409 0.228892 0.328675
0.0491375 0.170762 0.344748
0.104812 0.43077 0.350579
0.156529 0.412597 0.707758
0.0768184 0.285022 0.641351
0.15336 0.378525 0.349476
0.098833 0.32145 0.347983
0.0597478 0.132573 0.648055
0.164792 0.349364 0.62572
0.0640808 0.410644 0.715963
0.103784 0.381134 0.0902788
0.164792 0.205675 0.322794
0.109341 0.419311 0.319975
0.145483 0.319025 0.306897
0.164792 0.161545 0.316944
0.164792 0.195047 0.647353
0.0700377 0.281131 0.652515
0.149019 0.316175 0.502616
0.157867 0.515303 0.756449
0.105754 0.362247 0.299636
0.0550494 0.335958 0.483964
0.0528863 0.404986 0.597727
0.112765 0.401199 0.180227
0.146684 0.332043 0.680654
0.0744145 0.457507 0.763661
0.144977 0.241617 0.377608
0.164792 0.242896 0.418493
0.160549 0.322206 0.604019
0.164792 0.352849 0.579113
0.0589654 0.0253694 0.351057
0.0610534 0.325087 0.317773
0.0681758 0.249606 0.434019
0.155203 0.527396 0.76476
0.105443 0.431403 0.386003
0.097348 0.489245 0.830619
0.138652 0.333529 0.293881
0.0612546 0.309419 0.542816
0.0546233 0.37042 0.38082
0.164792 0.197591 0.370268
0.0754044 0.0314495 0.390811
0.164792 0.257004 0.611682
0.164792 0.349938 0.641951
0.140877 0.478351 0.775603
0.125706 0.553092 0.752937
0.0684042 0.297574 0.377978
0.0835398 0.405346 0.358033
0.164792 0.132374 0.320433
0.05835 0.285375 0.462102
0.051506 0.332846 0.562763
0.0482986 0.401325 0.643294
0.119915 0.416681 0.441043
0.0871646 0.395795 0.734644
0.052304 0.0752241 0.334439
0.151682 0.163798 0.304914
0.162008 0.0413276 0.401263
0.140988 0.0370804 0.67132
0.157288 0.42531 0.71613
0.0892174 0.258925 0.62153
0.145844 0.200374 0.34961
0.156777 0.352664 0.639661
0.0689847 0.0757523 0.644713
0.154273 0.334793 0.622233
0.153802 0.266186 0.350708
0.164792 0.293004 0.622695
0.0654532 0.21744 0.626734
0.0482986 0.386528 0.547673
0.103658 0.428595 0.343262
0.128738 0.422465 0.578811
0.0482986 0.214782 0.635858
0.117846 0.317287 0.312102
0.0922239 0.290204 0.309457
0.147359 0.295255 0.671926
0.147296 0.344102 0.656506
0.146791 0.162488 0.305351
0.0911977 0.357119 0.299492
0.0655717 0.388511 0.316377
0.0482986 0.328872 0.629727
0.111078 0.272764 0.52934
0.0793735 0.418123 0.741068
0.0608997 0.517335 0.797634
0.155639 0.0837839 0.645186
0.0994022 0.484576 0.890765
0.0982657 0.386002 0.239836
0.0879693 0.518674 0.719514
0.140593 0.267358 0.306472
0.110438 0.368807 0.205088
0.130106 0.411858 0.741092
0.0482986 0.17673 0.321486
0.0517499 0.342236 0.484713
0.137848 0.299784 0.345444
0.146643 0.282444 0.316944
0.0876281 0.57287 0.806292
0.0657725 0.260512 0.328366
0.102903 0.496572 0.69085
0.117264 0.419862 0.392644
0.0825879 0.270486 0.590734
0.129763 0.560836 0.854477
0.153812 0.398099 0.508326
0.164792 0.244488 0.625017
0.164792 0.377649 0.640489
0.138758 0.500656 0.835582
0.14639 0.220759 0.411254
0.0566345 0.0542141 0.643446
0.129554 0.562315 0.852967
 0.134 0.562532 0.84514
0.0562815 0.306715 0.615692
0.126085 0.308876 0.306613
0.110616 0.463005 0.773438
0.124059 0.411708 0.424738
0.151097 0.32036 0.50126
0.164792 0.369978 0.453546
0.164792 0.195138 0.626967
0.0516437 0.606523 0.815467
0.0596934 0.0538066 0.627731
0.0548458 0.232763 0.332383
0.104384 0.400839 0.181667
0.0482986 0.403044 0.669956
0.0582527 0.316545 0.552307
0.164792 0.219895 0.643872
0.164792 0.338068 0.398919
0.0690342 0.29839 0.367694
0.102028 0.274288 0.522687
0.159232 0.17043 0.615455
0.164792 0.333537 0.657162
0.095855 0.330208 0.698671
0.164792 0.066663 0.628759
0.0710115 0.369896 0.696371
0.070073 0.356224 0.686512
0.0548472 0.300162 0.601284
0.0679996 0.299838 0.67348
0.119551 0.288192 0.657034
0.0666982 0.164086 0.339986
0.149235 0.298892 0.541392
0.111889 0.387005 0.137794
0.142642 0.277759 0.348976
0.0597264 0.498763 0.736836
0.142856 0.469368 0.76702
0.149405 0.0879363 0.330201
0.149685 0.574384 0.790354
0.102301 0.388219 0.0887563
0.122697 0.258244 0.628607
0.0659594 0.210222 0.322756
0.1305 0.403979 0.373762
0.164792 0.359205 0.590919
0.153738 0.172608 0.372809
0.108633 0.55712 0.748623
0.0595236 0.203784 0.652244
0.109119 0.529918 0.88521
0.14703 0.169952 0.627781
0.0563109 0.327701 0.530035
0.150225 0.447528 0.707971
0.0673602 0.171801 0.332027
0.123908 0.316302 0.391321
0.147149 0.351889 0.667868
0.0596899 0.352035 0.328695
0.0654591 0.406738 0.531339
0.0811187 0.566259 0.844034
0.117819 0.399781 0.18084
0.143876 0.108696 0.325805
0.0482986 0.245068 0.620466
0.140971 0.293719 0.297319
0.0606761 0.522179 0.811031
0.0958924 0.276498 0.648704
0.0482986 0.0388094 0.645416
0.164792 0.369687 0.562855
0.137431 0.427978 0.634227
0.142817 0.22655 0.648209
0.0482986 0.0498404 0.6431
0.0523188 0.338765 0.50349
0.0271375 0.0255078 0.405099
0.0598116 0.17531 0.650569
0.0482986 0.18859 0.628932
0.092174 0.266776 0.637389
0.131399 0.304799 0.324632
0.0585248 0.260608 0.308541
0.16144 0.297342 0.375539
0.164792 0.342342 0.612227
0.146359 0.382703 0.309966
0.100748 0.437408 0.0644486
0.0482986 0.284974 0.612605
0.0988601 0.387344 0.182127
0.160189 0.0784806 0.333353
0.0921497 0.532357 0.875507
0.0571289 0.345449 0.63203
0.150854 0.310089 0.535026
0.0766806 0.561157 0.765877
0.0768545 0.234009 0.322396
0.141493 0.264552 0.302513
0.031936 0.0286609 0.399408
0.0657725 0.220921 0.36552
0.0663681 0.348172 0.302377
0.0841388 0.583082 0.783482
0.0864719 0.416256 0.516918
0.0482986 0.284378 0.659445
0.145378 0.236043 0.392828
0.0698406 0.280816 0.632303
0.101568 0.37681 0.297356
0.0425211 0.19137 0.624806
0.0482986 0.359924 0.471879
0.0672969 0.278484 0.645617
0.0607318 0.0684833 0.644286
0.164792 0.365772 0.593164
0.104685 0.305186 0.684069
0.0482986 0.401685 0.670741
0.0900231 0.412899 0.382376
0.0739242 0.279961 0.302308
0.156017 0.180461 0.310851
0.0969807 0.463692 0.77288
0.147788 0.512088 0.810744
0.164792 0.357769 0.520878
0.13071 0.497662 0.87983
0.0676103 0.386004 0.396576
0.145404 0.0779426 0.333533
0.147045 0.384126 0.374096
0.0495922 0.186408 0.349414
0.108084 0.493312 0.686688
0.164792 0.328854 0.664197
0.130505 0.333332 0.296597
0.158135 0.233081 0.60886
0.0813697 0.380891 0.716259
0.0727355 0.192504 0.653787
0.0632965 0.380827 0.409292
0.122236 0.358853 0.299353
0.0657725 0.216559 0.327969
0.0429719 0.170508 0.6261
0.146624 0.362873 0.68486
0.155452 0.610973 0.803111
0.0482986 0.381813 0.67316
0.114808 0.42281 0.427075
0.0725066 0.303208 0.419796
0.0845326 0.409195 0.330172
0.164792 0.335715 0.632804
0.0721075 0.501077 0.822105
0.0482986 0.257832 0.6406
0.109065 0.511537 0.704774
0.0520948 0.33493 0.537269
0.0657869 0.0368385 0.374051
0.149167 0.484675 0.770181
0.112172 0.357311 0.723989
0.0998187 0.419151 0.108419
0.0721033 0.164851 0.651502
0.12832 0.424769 0.597675
0.128166 0.353229 0.701953
0.0695564 0.118714 0.326709
0.0810069 0.30974 0.401305
0.0482986 0.0598242 0.356618
0.0516575 0.594186 0.79769
0.0596583 0.442145 0.709591
0.0880769 0.410563 0.442834
0.109797 0.309302 0.382387
0.147947 0.616437 0.805074
0.139777 0.276914 0.587045
0.129895 0.498878 0.713298
0.164792 0.191758 0.368011
0.123885 0.271457 0.639156
0.0652745 0.357543 0.308541
0.0482986 0.337618 0.581758
0.0482986 0.30387 0.41415
0.0795724 0.341553 0.688683
0.11945 0.417239 0.487446
0.0812663 0.411427 0.50896
0.0589325 0.294975 0.581322
0.145234 0.226192 0.355921
0.0510034 0.331984 0.577271
0.0971935 0.389588 0.221701
0.154321 0.0448617 0.628672
0.103539 0.429118 0.460625
0.148627 0.384233 0.347283
0.132552 0.323679 0.681528
0.0657725 0.276695 0.305561
0.0482986 0.249035 0.622559
0.0593758 0.359177 0.658106
0.141675 0.221964 0.300811
0.139799 0.37306 0.293499
0.14668 0.403617 0.514107
0.149249 0.201315 0.62062
0.0729118 0.39846 0.301647
0.164792 0.0499475 0.344201
0.163131 0.29618 0.382895
0.105489 0.480265 0.921567
0.0482986 0.0489921 0.363714
0.0482986 0.302967 0.631866
0.0482986 0.173098 0.366004
0.0626188 0.276352 0.633962
0.0482986 0.305196 0.613572
0.10194 0.423164 0.331116
0.142837 0.178937 0.645326
0.0658765 0.503524 0.786007
0.115837 0.38925 0.219664
0.0443888 0.0542519 0.635504
0.149703 0.315964 0.514754
0.164792 0.384899 0.531487
0.12522 0.309522 0.3034
0.0748001 0.499861 0.799345
0.143881 0.197443 0.320287
0.0482986 0.379275 0.666985
0.067826 0.29556 0.360619
0.164792 0.372189 0.45589
0.0876489 0.304318 0.440187
0.151919 0.339319 0.329425
0.164792 0.34363 0.612406
0.0482986 0.368084 0.642166
0.126612 0.494563 0.897521
0.0854198 0.274728 0.639069
0.0513578 0.0483065 0.643099
0.134519 0.387676 0.717659
0.141115 0.245043 0.317195
0.136458 0.453604 0.678687
0.148274 0.14272 0.648652
0.137154 0.239576 0.323229
0.0808761 0.451874 0.764977
0.0591819 0.326683 0.494203
0.0546789 0.0407967 0.401528
0.108147 0.480841 0.674665
0.0482986 0.279508 0.603461
0.0482986 0.299726 0.436719
0.152739 0.501014 0.747401
0.145709 0.215243 0.361174
0.162846 0.353818 0.416061
0.0777992 0.497759 0.814184
0.058314 0.0250866 0.677318
0.0484417 0.610607 0.81271
0.164792 0.371479 0.596903
0.0761496 0.398271 0.342464
0.07948 0.28333 0.546285
0.110377 0.428127 0.494774
0.133431 0.445763 0.652857
0.164792 0.363756 0.644519
0.149341 0.536272 0.824738
0.0609081 0.280482 0.625105
0.147216 0.332661 0.312966
0.123884 0.426649 0.585883
0.0482986 0.0748587 0.647135
0.0482986 0.223633 0.414597
0.103616 0.357486 0.725805
0.142986 0.302024 0.29816
0.140007 0.343043 0.677196
0.0482986 0.342794 0.573394
0.10657 0.533393 0.724699
0.0731384 0.30582 0.656558
0.122142 0.491779 0.829154
0.164792 0.154279 0.642011
0.0876685 0.513604 0.898218
0.0482986 0.106607 0.642389
0.156028 0.373347 0.396558
0.147174 0.386371 0.342629
0.114069 0.308723 0.395239
0.153042 0.118933 0.319869
0.151893 0.0448253 0.344572
0.148931 0.2995 0.538353
0.135987 0.281961 0.303009
0.160947 0.403623 0.585353
0.0997011 0.559785 0.753485
0.101408 0.447153 0.0630534
0.159517 0.32975 0.55566
0.160015 0.0637923 0.62668
0.164792 0.386182 0.685776
0.106533 0.41309 0.0357291
0.0693382 0.030371 0.640083
0.0688152 0.166656 0.634603
0.0684797 0.172404 0.323753
0.0482986 0.287342 0.447037
0.102997 0.428467 0.440283
0.141493 0.204163 0.315826
0.145095 0.237955 0.363914
0.0482986 0.374252 0.545051
0.0929244 0.41794 0.506709
0.0675764 0.386343 0.30586
0.0598784 0.0741025 0.644616
0.0696596 0.308642 0.652376
0.0482986 0.36602 0.525476
0.0604234 0.0447977 0.658709
0.112868 0.415845 0.121645
0.162385 0.3676   0.39
0.144795 0.236961 0.640794
0.113431 0.424462 0.406986
0.0703242 0.605974 0.800541
0.0660016 0.280156 0.317915
0.0482986 0.167752 0.316752
0.0968369 0.393864 0.283504
0.064359 0.283017 0.462532
0.117128 0.398129 0.298159
0.164792 0.342627 0.675356
0.153463 0.373925 0.33483
0.050651 0.271115 0.354356
0.0821924 0.523089 0.877213
0.124218 0.272856 0.640114
0.147513 0.307206 0.516578
0.0482986 0.335041 0.39692
0.148864 0.197395 0.317625
0.149184 0.517648 0.818557
0.0482986 0.199523 0.364344
0.168379 0.0279014 0.407976
0.0482986 0.330595 0.654325
0.14329 0.301278 0.497002
0.0560072 0.324085 0.337627
0.0774909 0.280067 0.564256
0.100056 0.428382 0.0699849
0.0621037 0.512403 0.790475
0.0633496 0.216978 0.618018
0.0981965 0.39908 0.222584
0.132193 0.346044 0.692953
0.128252 0.498465 0.898619
0.143589 0.266814 0.419834
0.164045 0.072912 0.62572
0.147117 0.0757485 0.36513
0.105326 0.437679 0.0382766
0.0482986 0.350225 0.574222
0.0655988 0.385276 0.350132
0.0716745 0.288848 0.542741
0.146158 0.218006 0.380716
0.0617117 0.526285 0.75953
0.07011 0.0880755 0.640117
0.0482986 0.0995134 0.640966
0.0482986 0.149226 0.631369
0.141724 0.396347 0.466301
0.116451 0.375162 0.731624
0.0457476 0.0631184 0.631853
0.0594171 0.391339 0.696363
0.0676562 0.476727 0.737318
0.143512 0.300275 0.300001
0.0782598 0.0928118 0.664805
0.0658448 0.491336 0.764733
0.0570281 0.0776433 0.36628
0.0604811 0.453792 0.743066
0.11396 0.423828 0.393012
0.0482986 0.36004 0.551773
0.0482986 0.313517 0.420558
0.142729 0.394178 0.458996
0.148488 0.132782 0.648068
0.108001 0.537704 0.872861
0.0614139 0.149376 0.309721
0.180072 0.0276887 0.664013
0.117456 0.412118 0.12659
0.164792 0.0999467 0.348973
0.164792 0.358792 0.456596
0.0618118 0.228671 0.613061
0.069102 0.455087 0.700451
0.0501435 0.602263 0.816957
0.0757633 0.0377393 0.670991
0.0639315 0.381655 0.367544
0.164792 0.374712 0.651059
0.0824258 0.552143 0.862869
0.102291 0.324568 0.312583
0.159139 0.335658 0.503125
0.0873985 0.531452 0.732015
0.069413 0.347562 0.293116
0.0732256 0.107183 0.647755
0.138651 0.499956 0.799992
0.115477 0.489779 0.820796
0.129093 0.280649 0.30941
0.145105 0.281359 0.298721
0.0839322 0.465341 0.682021
0.059884 0.375084 0.6893
0.12019 0.305044 0.424336
0.0903429 0.427342 0.583228
0.0612479 0.13145 0.647989
0.0657725 0.222584 0.341165
0.0746698 0.406888 0.726779
0.0883302 0.506489 0.711318
0.113801 0.488186 0.835558
0.067696 0.104239 0.346342
0.0547949 0.300064 0.601797
0.0640548 0.622593 0.807325
0.050102 0.402831 0.693681
0.158501 0.333602 0.678488
0.126247 0.453691 0.766744
0.0482986 0.350288 0.650873
0.0592429 0.339113 0.629581
0.164792 0.190962 0.342869
0.164792 0.175497 0.624366
0.164792 0.367439 0.561361
0.152338 0.285814 0.629824
0.161454 0.115255 0.621263
0.0522438 0.201296 0.339873
0.142638 0.27441 0.653205
0.106489 0.352697 0.213281
0.066379 0.12369 0.352461
0.0898238 0.376239 0.723678
0.0692852 0.411789 0.556739
0.134876 0.402472 0.32382
0.158033 0.388522 0.475455
0.162983 0.251033 0.43646
0.0924529 0.415815 0.482693
0.0505075 0.413757 0.694652
0.122501 0.576579 0.801572
0.0572564 0.450333 0.736388
0.0531911 0.344094 0.447975
0.0802251 0.306027 0.316634
0.0683414 0.54318 0.827884
0.106905 0.432292 0.47161
0.133761 0.309517 0.437121
0.0482986 0.361697 0.582834
0.130755 0.493607 0.851676
0.157029 0.0808429 0.36564
0.155661 0.410609 0.636828
0.13806 0.287038 0.54199
0.148889 0.360468 0.674597
0.139611 0.415535 0.573327
0.15075 0.391497 0.468942
0.104729 0.412208 0.046179
0.105701 0.35934 0.726975
0.0793991 0.40015 0.428262
0.0792759 0.385533 0.716986
0.146153 0.290661 0.468487
0.0482986 0.373505 0.629599
0.148919 0.275401 0.457392
0.0679186 0.0826547 0.346307
0.0689575 0.144903 0.63505
0.0962446 0.396582 0.289693
0.0657725 0.219561 0.335707
0.153281 0.285931 0.343968
0.132575 0.379167 0.295907
0.159646 0.3239 0.606356
0.10438 0.44913 0.0416563
0.146045 0.302699 0.645701
0.149443 0.0574023 0.627352
0.096093 0.562985 0.758312
0.0482986 0.0462497 0.361953
0.0774884 0.0590031 0.661748
0.143728 0.548088 0.763074
0.162406 0.229691 0.32783
0.108381 0.324651 0.32129
0.0482986 0.40083 0.656855
0.0465877 0.2032 0.615427
0.145168  0.239 0.385543
0.164596 0.355048 0.382653
0.0674373 0.0847171 0.352213
0.057503 0.397154 0.508887
0.155719 0.412289 0.659978
0.119479 0.491128 0.932872
0.0706121 0.514907 0.85467
0.159624 0.369679 0.391971
0.0728643 0.322629 0.659966
0.139477 0.410343 0.525326
0.0657725 0.198784 0.340934
0.156232 0.442939 0.730443
0.159346 0.152361 0.308727
0.125502 0.266629 0.594305
0.146499 0.224069 0.422427
0.164792 0.0860134 0.347251
0.147867 0.385474 0.343587
0.0482986 0.374701 0.615434
0.147019 0.410839 0.569936
0.141211 0.30001 0.49713
0.0712114 0.579307 0.79115
0.0841139 0.297423 0.47488
0.0908602 0.413903 0.475503
0.139418 0.393278 0.376719
0.155244 0.104422 0.6464
0.0975493 0.512884 0.709189
0.0986911 0.404592 0.0918356
0.178671 0.0319914 0.673865
0.0434344 0.0699147 0.635764
0.0559016 0.426512 0.697484
0.0516237 0.343757 0.474607
0.144953 0.168559 0.331291
0.164792 0.0446583 0.345324
0.0509777 0.350941 0.427625
0.141591 0.41485 0.580126
0.152923 0.228317 0.325242
0.153763 0.238148 0.320327
0.0482986 0.398349 0.62066
0.129347 0.405363 0.467283
0.0759815 0.501317 0.848568
0.148978 0.299015 0.539434
0.161421 0.143913 0.618246
0.141875 0.289921 0.344031
0.067271 0.314154 0.469709
0.0827571 0.40418 0.414407
0.164792 0.372293 0.525128
0.159635 0.409526 0.654409
0.124437 0.565573 0.818859
0.10374 0.29665 0.428716
0.110918 0.427477 0.375094
0.164792 0.0857952 0.643525
0.150954 0.0458629 0.398995
0.10858 0.36697 0.173933
0.069246 0.227862 0.643578
0.0960549 0.435368 0.759899
0.0482986 0.0628251 0.643762
0.126863 0.261578 0.617992
0.0710385 0.301482 0.406386
0.0746056 0.156302 0.657228
0.15356 0.453643 0.727242
0.0482986 0.36861 0.639607
0.0482986 0.26292 0.614297
0.0825681 0.43437 0.621901
0.15455 0.0317957 0.673963
0.061145 0.193768 0.316174
0.130727 0.285273 0.531502
0.145319 0.50075 0.730541
0.164792 0.104218 0.638043
0.0721033 0.187892 0.652858
0.0957434 0.556909 0.836597
0.0680643 0.0744114 0.644634
0.0486545 0.199923 0.39808
0.149782 0.225203 0.619858
0.0603501 0.0556462 0.37068
0.0701157 0.304709 0.653255
0.164792 0.178702 0.350157
0.0482986 0.302291 0.422899
0.142614 0.553648 0.822281
0.0560248 0.436974 0.71282
0.138327 0.26607 0.663433
0.14694 0.365567  0.312
0.131576 0.316527 0.672329
0.0585481 0.336748 0.624152
0.124365 0.311443 0.320741
0.113859 0.287788 0.473218
0.0482986 0.0603465 0.656135
0.155457 0.333707 0.462282
0.164792 0.213129 0.385617
0.140991 0.269877 0.618407
0.0779207 0.065606 0.663459
0.0688852 0.269182 0.432508
0.0954052 0.275517 0.536496
0.0709828 0.330428 0.293872
0.164792 0.388278 0.655497
0.156908 0.237719 0.320542
0.0615015 0.331585 0.31744
0.123895 0.291932 0.483302
0.0678549 0.276968 0.38641
0.0686589 0.286656 0.401364
0.138118 0.328279 0.294059
0.151133 0.322105 0.488003
0.164324 0.161284 0.305752
0.127624 0.480015 0.693836
0.149312 0.31924 0.482852
0.0482986 0.172873 0.360632
0.0482986 0.0795582 0.654614
0.157788 0.0682756 0.368154
0.0745875 0.549226 0.854312
0.0482986 0.33626 0.607438
0.151995 0.326797 0.627176
0.0657725 0.229719 0.366988
0.063007 0.476132 0.762726
0.0482986 0.363313 0.427056
0.145704 0.519071 0.747357
0.14604 0.217098 0.375378
0.0806466 0.456707 0.767131
0.0598327 0.291765 0.317883
0.102737 0.431095 0.75902
0.120904 0.29869 0.665443
0.0683918 0.481375 0.742071
0.0482986 0.0649234 0.642643
0.0584298 0.329067 0.486832
0.0728032 0.339494 0.671371
0.116726 0.488307 0.850947
0.114156 0.383615 0.24779
0.164792 0.140009 0.337284
0.164792 0.376609 0.457313
0.0600627 0.248383 0.312092
0.0763479 0.305283 0.387101
0.14666 0.276161 0.318465
0.117522 0.278401 0.523529
0.0673262 0.247732 0.407063
0.163673 0.0704414 0.62598
0.148676 0.433915 0.733498
0.079682 0.0298251 0.667686
0.157177 0.0637051 0.338278
0.0770509 0.215842 0.325004
0.107189 0.431952 0.43883
0.0749732 0.0652504 0.653886
0.164792 0.267501 0.424792
0.0976642 0.431619 0.565813
0.104764 0.381244 0.05415
0.0697374 0.160247 0.319626
0.157465 0.385908 0.461662
0.112499 0.318744 0.353736
0.0482986 0.237749 0.384947
0.148197 0.326163 0.678958
0.110088 0.424085 0.0963738
0.153189 0.0593847 0.369932
0.12749 0.407381 0.305273
0.0662117 0.576571 0.790199
0.0885497 0.493458 0.907881
0.152131 0.619024 0.812507
0.099665 0.365506 0.728406
0.0633463 0.147371 0.31039
0.133443 0.578328 0.781047
0.0923083 0.380666 0.296365
0.072326 0.0777785 0.646387
0.15581 0.378625 0.423039
0.0585448 0.305644 0.324863
0.074744 0.258243 0.310455
0.164792 0.210176 0.36543
0.125627 0.291972 0.488133
0.15443 0.423465 0.684111
0.119093 0.308422 0.408927
0.0661355 0.248617 0.364607
0.0328976 0.0996541 0.653778
0.0545868 0.123952 0.357018
0.153715 0.311872 0.551895
0.093789 0.490749 0.82834
0.164792 0.123892 0.354291
0.0482986 0.345919 0.375585
0.164792 0.348755 0.545179
0.127483 0.494317 0.821379
0.135344 0.386345 0.715621
0.164792 0.311907 0.619693
0.1315 0.292657 0.651669
0.116017 0.515981 0.712411
0.164792 0.259424 0.628318
0.0629762 0.144672 0.352874
0.164792 0.357574 0.571393
0.164792 0.214454 0.643008
0.0704694 0.477357 0.773194
0.161013 0.261701 0.661174
0.0915499 0.414731 0.459298
0.137243 0.336831 0.676898
0.117741 0.41929 0.501834
0.0643389 0.330719 0.306423
0.145414 0.330676 0.680607
0.105468 0.376266 0.0673828
0.0553711 0.164381 0.30472
0.0794097 0.26586 0.626723
0.161813 0.334917 0.368431
0.0498761 0.376256 0.432716
0.102911 0.38763 0.0713798
0.137937 0.300274 0.354676
0.0751006 0.340925 0.680367
0.0570594 0.331165 0.491172
0.0638173 0.351431 0.312808
0.063655 0.496336 0.754322
0.106769 0.299938 0.680789
0.0482986 0.221482 0.394233
0.058441 0.323679 0.529306
0.108442 0.430448 0.52564
0.133102 0.497652 0.863913
0.122402 0.301185 0.66628
0.0482986 0.302232 0.422088
0.151517 0.224013 0.612749
0.0524201 0.205234 0.339566
0.0482986 0.261181 0.634638
0.0597823 0.293744 0.577407
0.120949 0.30986 0.408173
0.0482986 0.261237 0.409808
0.151479 0.201424 0.613203
0.106606 0.502669 0.931512
0.149264 0.246804 0.626626
0.141656 0.197478 0.651213
0.066158 0.283591 0.294064
0.105706 0.401934 0.285353
0.0510437 0.378123 0.688117
0.0536141 0.284799 0.666892
0.110629 0.414089 0.0587884
0.14435 0.286975 0.557367
0.0998628 0.30827 0.394833
0.151375 0.178036 0.309881
0.0693734 0.312008 0.651289
0.154813 0.434991 0.703027
0.0572429 0.399704 0.521519
0.161248 0.219711 0.416006
0.142193 0.308706 0.655779
0.164792 0.364739 0.657175
0.093334 0.502431 0.921272
0.0674378 0.400232 0.495436
0.117688 0.472704 0.776714
0.164792 0.394604 0.5237
0.156305 0.378413 0.423437
0.06088 0.319935 0.62719
0.15067 0.312577 0.529876
0.0668979 0.193391 0.326345
0.136728 0.519958 0.735887
0.0598549 0.204909 0.32063
0.112191 0.397007 0.0711372
0.164792 0.37941 0.648912
0.0856955 0.429441 0.755574
0.161587 0.0731947 0.644563
0.164792 0.279806 0.656453
0.0966277 0.413903 0.129412
0.11751 0.400337 0.174441
0.136995 0.399967 0.324285
0.142529 0.393804 0.45669
0.0686819 0.294419 0.649826
0.142491 0.157002 0.313727
0.16182 0.343805 0.479629
0.0357158 0.0611299 0.664528
0.124069 0.433063 0.757742
0.0482986 0.343328 0.590675
0.144439 0.238018 0.339925
0.0616957 0.311234 0.452868
0.146655 0.479371 0.712421
0.0665781 0.287625 0.327941
0.145839 0.110663 0.348435
0.107339 0.558026 0.839545
0.105182 0.469404 0.662381
0.0523655 0.378032 0.663205
0.14103 0.331644 0.658108
0.0601269 0.326215 0.624559
0.144022 0.200218 0.321133
0.142366 0.191418 0.647972
0.0705258 0.122585 0.640015
0.152549 0.0592098 0.627162
0.105513 0.523149 0.897153
0.161989 0.096679 0.327287
0.0678224 0.259017 0.409217
0.079222 0.586417 0.79275
0.0466108 0.614021 0.810064
0.0799385 0.408053 0.496931
0.108564 0.451197 0.0404545
0.0819224 0.579308 0.7809
0.159708 0.410114 0.662926
0.141816 0.289292 0.318686
0.102486 0.389684 0.0707573
0.108986 0.296651 0.427798
0.164792 0.302563 0.409557
0.161862 0.169917 0.615509
0.149824 0.298536 0.635659
0.0482986 0.0426838 0.34644
0.0599005 0.519522 0.797718
0.0556449 0.587916 0.795029
0.122247 0.376681 0.72531
0.157292 0.251319 0.438547
0.0664576 0.108567 0.354888
0.164792 0.376287 0.440208
0.15874 0.152266 0.649214
0.164792 0.305231 0.421164
0.067869 0.280889 0.38167
0.0571573 0.559487 0.786649
0.0669944 0.178703 0.331773
0.164792 0.399998 0.668697
0.0954528 0.543815 0.858128
0.0619636 0.509502 0.78111
0.0443315 0.151576 0.625374
0.143467 0.284618 0.297092
0.0397088 0.0283481 0.379351
0.154964 0.380647 0.684397
0.163596 0.36811 0.640565
0.140025 0.300902 0.490671
0.0484688 0.407981 0.67394
0.0534561 0.0796648 0.365876
0.0482986 0.388029 0.521979
0.112418 0.438074 0.0647644
0.0482986 0.259682 0.418564
0.0706679 0.144328 0.315698
0.0727501 0.420016 0.630225
0.0529372 0.07172 0.625845
0.14086 0.027308 0.647216
0.069442 0.546953 0.849112
0.15392 0.32834 0.430711
0.0517066 0.143047 0.618337
0.133939 0.0293312 0.665548
0.0486555 0.307754 0.366852
0.163753 0.248657 0.608393
0.107129 0.579416 0.76945
0.0683414 0.3265 0.647163
0.152409 0.0848822 0.331219
0.122702 0.511404 0.906205
0.164792 0.391339 0.655439
0.164537 0.145117 0.618119
0.0601613 0.110421 0.359724
0.0482986 0.308053 0.661213
0.0714438 0.212201 0.650785
0.164792 0.363999 0.491207
0.0888426 0.533486 0.733286
0.160304 0.322934 0.604628
0.0612086 0.27081 0.630206
0.164792 0.343376 0.533518
0.0570358 0.254512 0.325553
0.164792 0.25555 0.614686
0.0752303 0.230095 0.311849
0.0594691 0.404801 0.541916
0.164792 0.391003 0.510396
0.0960554 0.379018 0.733711
0.108521 0.380059 0.0703816
0.103883 0.413004 0.133008
0.145272 0.226891 0.358122
0.0482986 0.379651 0.469642
0.0893743 0.506392 0.908906
0.045991 0.609285 0.812021
0.127709 0.502648 0.712841
0.0585286 0.443664 0.71529
0.0832836 0.490975 0.783075
0.0514952 0.184832 0.338486
0.162498 0.092612 0.363286
0.143642 0.0706543 0.6362
0.0812281 0.548697 0.866558
0.148165 0.0879292 0.625837
0.105515 0.279992 0.487896
0.0637713 0.306734 0.303502
0.0657725 0.28203 0.30071
0.163253 0.30723 0.380857
0.142183 0.289537 0.418055
0.0922847 0.488482 0.8723
0.0483457 0.0959909 0.62329
0.131586 0.497265 0.87279
0.0944885 0.261498 0.598461
0.0884203 0.410976 0.472532
0.151652 0.472947 0.758374
0.0914147 0.492879 0.925127
0.0708683 0.299986 0.499655
0.0826803 0.385292 0.721174
0.135263 0.561422 0.84452
0.119296 0.312144 0.395477
0.0726973 0.0406257 0.646012
0.111166 0.37126 0.205099
0.0755148 0.397104 0.346905
0.125475 0.519417 0.892443
0.112922 0.479862 0.678597
0.164792 0.312488 0.633719
0.0482986 0.376728 0.547264
0.0584141 0.544163 0.775265
0.0608915 0.428359 0.685065
0.164792 0.364847 0.438698
0.0729451 0.402955 0.492722
0.0576848 0.374313 0.368454
0.0984513 0.423013 0.47858
0.131538 0.302906 0.29652
0.0482986 0.404549 0.66267
0.0953774 0.326872 0.695065
0.0482986 0.349043 0.55726
0.0705662 0.185353 0.303405
0.102163 0.383764 0.128263
0.111256 0.427072 0.44809
0.122459 0.413628 0.388092
0.0784001 0.417392 0.558547
0.0823304 0.307524 0.308692
0.0501488 0.404023 0.606896
0.0989309 0.486437 0.864741
0.132384 0.574326 0.800564
0.0700196 0.325948 0.293658
0.0482986 0.384317 0.556506
0.0677756 0.0795209 0.634192
0.138272 0.301202 0.374762
0.0590269 0.503839 0.747297
0.164792 0.391454 0.628724
0.131776 0.359532 0.296173
0.155985 0.298472 0.588415
0.164792 0.366526 0.615741
0.152143 0.112951 0.321863
0.144318 0.250846 0.354033
0.0710232 0.158737 0.310157
0.156071 0.313603 0.565372
0.149279 0.533562 0.82751
0.0482986 0.112065 0.326488
0.159586 0.0950929 0.36279
0.0482986 0.3566 0.477631
0.0657784 0.383806 0.384234
0.0482986 0.381574 0.625881
0.0482986 0.360377 0.441198
0.092361 0.384543 0.733035
0.052739 0.202945 0.337965
0.0631298 0.313018  0.634
0.0629328 0.371531 0.320449
0.125882 0.309798 0.318188
0.144079 0.259138 0.424421
0.164792 0.296546 0.632571
0.10543 0.455937 0.0344603
0.0940509 0.49262 0.932365
0.104423 0.423888 0.0458639
0.109618 0.453415 0.0460773
0.0447733 0.0918091 0.630781
0.0747853 0.35917 0.294534
0.164792 0.365685 0.64704
0.0657725 0.205346 0.392103
0.0482986 0.189445 0.627856
0.12455 0.411119 0.480721
0.135108 0.56232 0.819129
0.0522172 0.112735 0.321935
0.154504 0.296973 0.580577
0.144208 0.330188 0.648328
0.106726 0.554903 0.845007
0.152597 0.545795 0.80847
0.0739527 0.500002 0.831056
0.0613669 0.270086 0.452914
0.0787052 0.0837235 0.66557
0.102326 0.386577 0.100586
0.164792 0.192713 0.334571
0.164792 0.324033 0.612402
0.143644 0.259237 0.334359
0.146361 0.056997 0.361583
0.121724 0.370026 0.29784
0.164792 0.336214 0.6418
0.142759 0.226572 0.30886
0.149558 0.177887 0.618415
0.0651641 0.478125 0.746956
0.0677053 0.256323 0.40875
0.059505 0.418973 0.673407
0.138744 0.0370174 0.656894
0.0646365 0.299095 0.672587
0.144255 0.390377 0.707162
0.0668967 0.152487 0.342767
0.164792 0.204907 0.622012
0.0482986 0.150963 0.345094
0.159935 0.375147 0.418358
0.0543855 0.325299 0.565203
0.158673 0.397511 0.69447
0.0594209 0.436051 0.70116
0.0997623 0.365598 0.728598
0.068424 0.2277 0.301112
0.102118 0.369654 0.228802
0.100881 0.569771 0.76257
0.0657725 0.236046 0.352515
0.156934 0.310076 0.576811
0.163863 0.210875 0.611198
0.0482986 0.351756 0.544559
0.141493 0.200845 0.309006
0.0898641 0.412708 0.443591
0.0664981 0.345742 0.301365
0.117963 0.288939 0.47916
0.0827437 0.568309 0.811499
0.145314 0.284466 0.310909
0.0675209 0.125751 0.631891
0.0670955 0.0586245 0.344341
0.152523 0.255198 0.342008
0.112731 0.393791 0.115527
0.160446 0.106216 0.324108
0.103088 0.255134 0.602629
0.133667 0.329157 0.677457
0.0772067 0.202823 0.315802
0.0951884 0.275412 0.647217
0.164792 0.196933 0.392646
0.0889049 0.314253 0.340912
0.105748 0.509415 0.919996
0.0482986 0.240026 0.392139
0.14731 0.175933 0.376213
0.066704 0.210323 0.320679
0.164792 0.039925 0.632437
0.116924 0.428048 0.55849
0.123643 0.366957 0.716373
0.14645 0.0466673 0.345935
0.122418 0.286848 0.501069
0.0482986 0.335549 0.386569
0.0537899 0.537099 0.802527
0.101569 0.480442 0.941962
0.099664 0.415682 0.0744652
0.164792 0.210226 0.641789
0.055438 0.614427 0.804838
0.158553 0.315711 0.579133
0.164792 0.128198 0.638097
0.0664397 0.046627 0.357071
0.12062 0.415835 0.35737
0.136718 0.326793 0.681562
0.154527 0.41303 0.660338
0.0986922 0.291752 0.459701
0.164792 0.343095 0.642824
0.143768 0.265182 0.440344
0.0482986 0.355196 0.456613
0.0558847 0.538102 0.806052
0.127749 0.285241 0.648133
0.141753 0.290221 0.317162
0.0655729 0.479252 0.747412
0.14788 0.275179 0.613535
0.132017 0.499997 0.878324
0.155114 0.238334 0.430314
0.158164 0.0387956 0.629311
0.113271 0.393083 0.741335
0.103926 0.536226 0.874748
0.105202 0.398947 0.219648
0.146816 0.332042 0.641063
0.0646852 0.302343 0.467738
0.131754 0.507929 0.721605
0.0549994 0.336088 0.483703
0.0702393 0.539245 0.756301
0.0687772 0.280458 0.668189
0.164792 0.202171 0.343128
0.142829 0.280944 0.448336
0.0633887 0.22802 0.424423
0.150005 0.266461 0.663868
0.152534 0.307519 0.550578
0.164792 0.36901 0.49981
0.155176 0.0382648 0.37771
0.0676298 0.158435 0.335664
0.142583 0.275484 0.313503
0.0657725 0.243586 0.340644
0.164792 0.366595 0.597664
0.0491929 0.363903 0.374159
0.151672 0.257339 0.623823
0.0322652 0.093584 0.655611
0.0482986 0.234982 0.383532
0.0482986 0.279449 0.403294
0.107282 0.370508 0.0997848
0.164792 0.252408 0.429644
0.0482986 0.0318773 0.354747
0.155198 0.320042 0.549323
0.0918913 0.560847 0.828233
0.0502286 0.125881 0.356632
0.143561 0.263159 0.354248
0.0615504 0.378732 0.394162
0.0842589 0.465461 0.6818
0.0625603 0.205613 0.408405
0.164792 0.176367 0.324065
0.164792 0.0716303 0.362434
0.113559 0.465288 0.663965
0.129284 0.561903 0.82261
0.0482986 0.316432 0.625133
0.0482986 0.0587648 0.654874
0.138131 0.399174 0.469436
0.0638782 0.549282 0.771181
0.146789 0.193181 0.376279
0.0657725 0.214869 0.376916
0.0661356 0.410636 0.566683
0.0772185 0.283579 0.550713
0.0628617 0.0433687 0.387917
0.0942329 0.317844 0.373004
0.142489 0.285679 0.435704
0.127148 0.584511 0.783996
0.14905 0.370139 0.319382
0.164792 0.385853 0.683645
0.117616 0.280308 0.515535
0.0668165 0.306219 0.509607
0.0868414 0.534244 0.86984
0.0686355 0.276139 0.414578
0.13501 0.361871 0.699479
0.124611 0.490046 0.870546
0.161007 0.313232 0.370057
0.135043 0.498389 0.802957
0.164792 0.357533 0.633289
0.151941 0.454855 0.724164
0.146884 0.165327 0.348805
0.163008 0.314345 0.378187
0.124978 0.489077 0.699422
0.0681199 0.576161 0.784493
0.149192 0.219734 0.418804
0.164792 0.28348 0.60212
0.161405 0.4005 0.546901
0.114474 0.295705 0.669093
0.145543 0.516269 0.8385
0.0858346 0.490939 0.872319
0.143637 0.263785 0.383881
0.163453 0.0523425 0.342066
0.152315 0.276868 0.666575
0.0482986 0.199247 0.326455
0.0667788 0.218641 0.316677
0.164792 0.367086 0.553897
0.145633 0.33485 0.307425
0.0577867 0.316199 0.329237
0.0741275 0.218725 0.309644
0.15285 0.282659 0.628404
0.164655 0.404122 0.62211
0.0762406 0.441718 0.656211
0.139825 0.26412 0.308731
0.0482986 0.384466 0.599514
0.114931 0.386138 0.233173
0.12003 0.426725 0.565795
0.0915109 0.314541 0.679627
0.151819 0.312857 0.628894
0.0482986 0.30005 0.60355
0.0571886 0.333592 0.421496
0.101692 0.422678 0.330106
0.141493 0.279019 0.297119
0.0403682 0.135551 0.641682
0.141287 0.229815 0.324665
0.154132 0.557667 0.783084
0.14772 0.0966076 0.626339
0.056503 0.55868 0.787348
0.0528859 0.219489 0.339183
0.0493365 0.0485245 0.372104
0.0482986 0.0789569 0.639031
0.0513887 0.307679 0.43581
0.0793223 0.560811 0.847066
0.0817895 0.0388812 0.673721
0.0736887 0.0912525 0.652022
0.0799848 0.315085 0.678755
0.164792 0.253429 0.63896
0.0498224 0.610354 0.813219
0.100319 0.377563 0.23999
0.0482986 0.375175 0.478836
0.164792 0.388284 0.669408
0.164792 0.351862 0.669445
0.0553984 0.179233 0.31036
0.15092 0.342471 0.325927
0.164792 0.358999 0.503103
0.161508 0.338576 0.51625
0.077273 0.269509 0.607459
0.0787213 0.402246 0.473241
0.141079 0.391285 0.42519
0.0482986 0.280851 0.376096
0.133747 0.285211 0.643468
0.164792 0.388543 0.557303
0.107323 0.588712 0.778528
0.0698516 0.450266 0.690945
0.164225 0.403612 0.611742
0.146525 0.246502 0.639634
0.053588 0.610008 0.802669
0.0605073 0.512604 0.780988
0.0701929 0.305291 0.65382
0.0733031 0.296975 0.295938
0.0990214 0.423697 0.514245
0.0587266 0.274189 0.3206
0.164792 0.156446 0.322091
0.0707931 0.419316 0.635654
0.0607221 0.300348 0.560639
0.0482986 0.0355386 0.353435
0.156431 0.0457193 0.660553
0.0897019 0.571782 0.809086
0.122306 0.415095 0.499425
0.159519 0.114199 0.358969
0.0663713 0.0771267 0.361833
0.0787473 0.427981 0.623739
0.114505 0.401926 0.116331
0.146025 0.276705 0.602908
0.0482986 0.207568 0.357454
0.0397652 0.126494 0.637147
0.116915 0.393398 0.213319
0.155689 0.363939 0.342619
0.0657725 0.199547 0.379099
0.0704933 0.306241 0.654877
0.164438 0.194707 0.392863
0.0704693 0.145204 0.317072
0.1493 0.265686 0.636327
0.152043 0.0455418 0.660198
0.0973472 0.385349 0.295936
0.0731307 0.193055 0.655479
0.0514778 0.0770577 0.366397
0.0900542 0.54101 0.739976
0.132793 0.577618 0.79492
0.170724 0.0397377 0.402058
0.128431 0.406463 0.416807
0.10799 0.439032 0.0393249
0.0879767 0.473306 0.685198
0.164792 0.253409 0.645216
0.161608 0.343081 0.48212
0.146348 0.384962 0.426113
0.0584119 0.164139 0.304801
0.146917 0.382122 0.311919
0.129801 0.42308 0.749732
0.0750327 0.305693 0.429389
0.158377 0.297429 0.606469
0.142936 0.272248 0.337213
0.0850584 0.567541 0.76802
0.0553009 0.244937 0.315914
0.0657725 0.179523 0.359796
0.141744 0.114612 0.645979
0.162818 0.341927 0.399331
0.157933 0.310044 0.357908
0.164792 0.0703518 0.35472
0.0636328 0.383342 0.346524
0.164792 0.162677 0.324014
0.156508 0.0625286 0.626813
0.0686855 0.138859 0.313227
0.0634836 0.368734 0.317752
0.0627518 0.135856 0.619094
0.110822 0.408485 0.0608784
0.134116 0.39964 0.452763
0.154435 0.282678 0.624361
0.158085 0.03309 0.405382
0.107854 0.467558 0.0335202
0.0522826 0.373063 0.411079
0.107259 0.354533 0.21927
0.141714 0.206841 0.302485
0.0680198 0.160809 0.33188
0.164792 0.353542 0.645324
0.0482986 0.224984 0.617997
0.145548 0.225538 0.366707
0.069685 0.560537 0.813873
0.0951748 0.487098 0.7832
0.164792 0.129701 0.323573
0.164792 0.210235 0.398248
0.144409 0.248503 0.350477
0.154306 0.0396158 0.670053
0.128485 0.421225 0.560026
0.082583 0.407162 0.327791
0.0864023 0.561363 0.857677
0.142159 0.337702 0.295264
0.164792 0.373678 0.49777
0.125203 0.361677 0.298364
0.0634265 0.177745 0.619148
0.0761005 0.0387423 0.656311
0.0797522 0.211299 0.320893
0.144162 0.176222 0.324412
0.131838 0.508973 0.888934
0.147952 0.481496 0.752097
0.138134 0.268624 0.664036
0.14776 0.323789 0.314869
0.113413 0.398229 0.105672
0.160855 0.225962 0.384175
0.0482986 0.392003 0.546516
0.10756 0.477735 0.960481
0.16164 0.342952 0.365852
0.164792 0.098291 0.327178
0.101316 0.373442 0.239612
0.0653234 0.564481 0.778863
0.125649 0.514435 0.717539
0.104982 0.43085 0.448314
0.134172 0.33505 0.295374
0.0663281 0.0376795 0.403087
0.069014 0.263174 0.444986
0.127742 0.462616 0.678113
0.0842251 0.336767 0.691034
0.164792 0.335821 0.67002
0.152454 0.12674 0.317267
0.111461 0.375057 0.193903
0.151022 0.271118 0.632345
0.0498053 0.0895018 0.363908
0.142967 0.276938 0.420143
0.0940226 0.485282 0.911573
0.0673176 0.064779 0.344213
0.16014 0.0408422 0.382865
0.152128 0.0422188 0.385618
0.0716699 0.0473346 0.664146
0.142721 0.0353175 0.672202
0.159766 0.339777 0.612505
0.0482986 0.322557 0.636666
0.164792 0.395343 0.531586
0.0482986 0.251056 0.41843
0.0916203 0.380154 0.72886
0.153521 0.251803 0.610225
0.144284 0.242559 0.318122
0.0938791 0.417526 0.44233
0.0695291 0.398636 0.482131
0.164792 0.198942 0.336295
0.141547 0.292512 0.300294
0.0529456 0.310883 0.435719
0.162509 0.221413 0.397544
0.0661007 0.572501 0.789291
0.10884 0.410914 0.298564
0.0561624 0.411985 0.665671
0.0733348 0.397173 0.32003
0.1425 0.280283 0.632421
0.11606 0.309565 0.397058
0.120017 0.385473 0.734631
0.152355 0.327085 0.467263
0.0961459 0.436666 0.579773
0.0505441 0.205811 0.347551
0.119988 0.438488 0.593291
0.161943 0.402781 0.582048
0.0482986 0.0878762 0.338162
0.140232 0.407223 0.512882
0.161509 0.369596 0.396862
0.136277 0.286884 0.669527
0.0923476 0.310247 0.302456
0.0554363 0.32449 0.559247
0.051899 0.227972 0.344293
0.0505952 0.14296 0.618346
0.141493 0.221732 0.309078
0.145759 0.231779 0.423539
0.146929 0.315055 0.479548
0.0443318 0.0345432 0.637692
0.148752 0.560769 0.802155
0.0998424 0.527171 0.721895
0.100659 0.250517 0.629839
0.164792 0.218686 0.620622
0.164792 0.352541 0.642255
0.094553 0.300412 0.437574
0.062052 0.32306 0.31353
0.0850897 0.438992 0.759806
0.0488587 0.088932 0.624034
0.14241 0.294759 0.521238
0.106108 0.466743 0.028686
0.0482986 0.141173 0.626669
0.0686067 0.294755 0.388758
0.154414 0.317176 0.341509
0.0873144 0.491398 0.856491
0.0792912 0.221764 0.327372
0.122477 0.4927 0.919256
0.149822 0.494542 0.746922
0.157145 0.405534 0.580351
0.164792 0.117543 0.634835
0.0523839 0.283901 0.34846
0.0915911 0.560152 0.757738
0.124411 0.31082 0.311482
0.141493 0.22795 0.322885
0.164792 0.15634 0.346619
0.068374 0.122152 0.337607
0.157675 0.40847 0.703255
0.0863608 0.304219 0.443779
0.149316 0.43579 0.687595
0.0532732 0.232342 0.338976
0.155363 0.330537 0.342403
0.152099 0.252966 0.618081
0.14394 0.308171 0.48833
0.155927 0.077557 0.644819
0.0411041 0.157651 0.63503
0.0689444 0.289065 0.40805
0.101307 0.37464 0.265136
0.159074 0.524138 0.773983
0.086859 0.41335 0.747157
0.0990053 0.418012 0.320679
0.139148 0.300325 0.490898
0.0763388 0.305259 0.386642
0.040605 0.104095 0.650885
0.0602665 0.382341 0.43202
0.0565675 0.362298 0.342794
0.164792 0.161223 0.308166
0.0761748 0.385467 0.712962
0.142788 0.551055 0.845237
0.155989 0.33444 0.344126
0.164792 0.366441 0.43053
0.148774 0.489703 0.73967
0.0645727 0.0708894 0.625953
0.0720272 0.342718 0.673528
0.141225 0.395153 0.32327
0.141798 0.175132 0.649322
0.100226 0.397383 0.0924713
0.144739 0.308964 0.49427
0.152483 0.298895 0.46303
0.139453 0.440669 0.750286
0.103091 0.42858 0.409881
0.132496 0.418652 0.557779
0.0484584 0.259946 0.441852
0.10285 0.428291 0.402456
0.0635977 0.446957 0.742037
0.0482986 0.138179 0.645636
0.077009 0.44508 0.757852
0.0567047 0.123855 0.357037
0.0742112 0.401175 0.721991
0.144145 0.332919 0.650419
0.0482986 0.303064 0.60569
0.0660787 0.305068 0.516472
0.0753056 0.395238 0.386355
0.0758689 0.418006 0.587342
0.0724766 0.549428 0.830689
0.164792 0.161819 0.327251
0.0482986 0.351296 0.623655
0.0962803 0.450061 0.622404
0.0644319 0.119626 0.319638
0.144154 0.141995 0.329362
0.144443 0.0843544 0.645219
0.145921 0.373855 0.308432
0.0482986 0.339978 0.592162
0.0674727 0.279086 0.592304
0.164792 0.253891 0.433401
0.0657725 0.269959 0.309052
0.144927 0.140147 0.33561
0.117701 0.418452 0.103313
0.116007 0.421371 0.363412
0.146627 0.29256 0.540263
0.0482986 0.362159 0.490797
0.107559 0.330004 0.304232
0.0659142 0.391173 0.457427
0.159962 0.295458 0.369776
0.143417 0.301621 0.299668
0.0482986 0.28447 0.622554
0.117262 0.4003 0.171241
0.146469 0.0855868 0.358237
0.106801 0.546408 0.73739
0.0610553 0.261286 0.625382
0.0693852 0.271057 0.447341
0.153271 0.0951789 0.645856
0.164792 0.138399 0.642682
0.0996247 0.412626 0.306699
0.10537 0.372358 0.10122
0.106756 0.495721 0.942939
0.0974147 0.391787 0.290096
0.0657725 0.164586 0.363756
0.152997 0.359438 0.333197
0.10549 0.318756 0.697598
0.0588746 0.140746 0.353659
0.164792 0.363684 0.540045
0.152813 0.11739 0.621038
0.0999103 0.39386 0.131118
0.0703107 0.389244 0.422625
0.0487462 0.208202 0.332529
0.0482986 0.133897 0.351054
0.0895618 0.340711 0.699532
0.164792 0.110033 0.331805
0.14171 0.292152 0.336857
0.0482986 0.319694 0.614533
0.149546 0.381125 0.389687
