0.0530127 0.363148 0.682178
0.25721 0.466155 0.307158
0.153285 0.724237 0.851473
0.204575 0.667533 0.624914
0.136293 0.592778 0.203451
0.264606 0.197103 0.273747
0.232285 0.301276 0.728022
0.187893 0.402861 0.197086
0.22797 0.400412 0.518346
0.243333 0.655106 0.698384
0.0566262 0.0470278 0.666883
0.0439848 0.277864 0.154147
0.0841462 0.03808 0.613822
0.282432 0.0396407 0.352196
0.0801907 0.535015 0.328022
0.219099 0.557126 0.37957
0.0747354 0.0526385 0.598456
0.190245 0.341178 0.703824
0.245807 0.347877 0.682067
0.246312 0.528283 0.546216
0.195146 0.618193 0.596762
0.268831 0.163583 0.275848
0.257895 0.421217 0.319495
0.115415 0.466546 0.745749
0.0551918 0.296919 0.636259
0.239266 0.470999 0.174272
0.220976 0.679308 0.651998
0.262564 0.17384 0.295139
0.254419 0.497117 0.550623
0.105975 0.654399 0.623623
0.0474432 0.372778 0.678799
0.115046 0.384689 0.138427
0.246616 0.761242 0.171486
0.247383 0.49125 0.517743
0.186538 0.766954 0.776666
0.214827 0.246293 0.837695
0.236135 0.659063 0.682345
0.253543 0.489806 0.547083
0.231355 0.31229 0.270565
0.240059 0.359366 0.618399
0.0838425 0.340395 0.707986
0.185039 0.363321 0.449726
0.124672 0.468396 0.0923007
0.154244 0.649545 0.834391
0.214883 0.72019 0.639785
0.218396 0.262084 0.829131
0.0799741 0.719533 0.711295
0.0648494 0.189221 0.599263
0.0929122 0.588696 0.55629
0.0865033 0.286867 0.133456
0.0724992 0.488761 0.458402
0.216792 0.788074 0.140892
0.265459 0.32352 0.326467
0.0721578 0.105851 0.637306
0.262733 0.427121 0.698991
0.269307 0.696313 0.253103
0.0723747 0.646924 0.702611
0.253603 0.0649771 0.374627
0.256222 0.758868 0.197112
0.182787 0.721509 0.033115
0.144825 0.338322 0.518364
0.272412 0.30293 0.3131
0.111526 0.65932 0.801712
0.161036 0.63785 0.884723
0.115861 0.684805 0.820382
0.166077 0.473748 0.768145
0.0586999 0.329606 0.220474
0.188793 0.779706 0.739077
0.035163 0.300148 0.164507
0.28941 0.239216 0.268643
0.170379 0.61404 0.908758
0.241826 0.234186 0.837165
0.253596 0.375123 0.187032
0.0481871 0.417355 0.63721
0.174611 0.724653 0.830447
0.283464 0.154386 0.316992
0.116449 0.579657  0.173
0.0716091 0.500858 0.359818
0.230643 0.324645 0.695512
0.263021 0.361668 0.217587
0.0383091 0.106573 0.0339018
0.226049 0.367365 0.227068
0.225847 0.322063 0.695895
0.19793 0.336658 0.571837
0.267623 0.753486 0.226106
0.179156 0.673387 0.0783391
0.228223 0.149797 0.851454
0.115625 0.41343 0.100341
0.0772379 0.395923 0.346085
0.154424 0.677132 0.591471
0.242944 0.480118 0.416265
0.236935 0.289689 0.820736
0.0509996 0.428503 0.234225
0.262716 0.200603 0.276193
0.0826726 0.392602 0.319785
0.0732385 0.496926 0.475198
0.172821 0.580366 0.318805
0.0691269 0.445815 0.706498
0.0820588 0.0872813 0.579347
0.0893014 0.192732 0.607797
0.237734 0.407947 0.153158
0.0947146 0.619127 0.681164
0.0796107 0.562262 0.550432
0.244335 0.106917 0.933131
0.117454 0.456165 0.0885986
0.252987 0.429131 0.567232
0.260611 0.698712 0.259603
0.22619 0.165534 0.912622
0.153456 0.486698 0.765682
0.246562 0.252111 0.783349
0.235684 0.207906 0.837271
0.188575 0.614561 0.516645
0.0638953 0.516198 0.239625
0.191194 0.580857 0.758277
0.164341 0.573827 0.0633066
0.110472 0.428415 0.763486
0.0653583 0.517939 0.235374
0.243514 0.249714 0.830131
0.104089 0.38205 0.314504
0.166487 0.652767 0.811669
0.28784 0.0906591 0.295599
0.144499 0.587779 0.399566
0.0735781 0.505723 0.393493
0.0662635 0.44304 0.510444
0.202273 0.40682 0.204985
0.167923 0.641301 0.0748811
0.198327 0.769161 0.751366
0.213902 0.723602 0.733972
0.0874941 0.514107 0.124028
0.156488 0.454448 0.769083
0.0577273 0.465319 0.635763
0.234151 0.728461 0.705741
0.21516 0.142333 0.913499
0.0589364 0.137677 0.0733835
0.132776 0.377079 0.165207
0.22944 0.198926 0.889211
0.114271 0.672948 0.616954
0.11092 0.56954 0.303439
0.245205 0.502598 0.343021
0.0748961 0.5095 0.389011
0.185528 0.682896 0.866626
0.209595 0.338427 0.754805
0.208736 0.385356 0.448562
0.237255 0.421437 0.517943
0.19302 0.369977 0.456553
0.207365 0.38909 0.754904
0.242465 0.761005 0.178326
0.0410033 0.151152 0.042684
0.150435 0.354755 0.417639
0.285234 0.130038 0.291964
0.126176 0.329377 0.64997
0.185936 0.376524 0.74271
0.101654 0.53219 0.721614
0.247863 0.459691 0.520431
0.178565 0.746177 0.801661
0.0921451 0.261577 0.636653
0.138536 0.459292 0.768145
0.17962 0.642887 0.863202
0.236125 0.15025 0.907605
0.194502 0.580055 0.179317
0.262969 0.44966 0.594894
0.237974 0.329479 0.319141
0.197429 0.646714 0.781484
0.0739913 0.0674371 0.669354
0.226329 0.586626 0.680203
0.167228 0.772979 0.77152
0.278327 0.346669 0.294741
0.238028 0.479904 0.458258
0.184713 0.338279 0.654888
0.0764785 0.228621 0.661153
0.159228 0.419102 0.118957
0.0723359 0.525997 0.214378
0.080988 0.0402217 0.686856
0.0778888 0.687893 0.678803
0.23688 0.372513 0.58081
0.160516 0.438591 0.772255
0.271061 0.214487 0.237068
0.100124 0.720481 0.751754
0.0780274 0.288824 0.0952538
0.236392 0.106361 0.90311
0.0740906 0.294311 0.089663
0.238077 0.373244 0.179383
0.164991 0.646016 0.577065
0.0829736 0.707414 0.672334
0.16644 0.351652 0.434483
0.219641 0.555997 0.376761
0.0878558 0.397484 0.736518
0.279388 0.192031 0.255991
0.0581051 0.227402 0.0652063
0.222454 0.602384 0.654631
0.137349 0.380212 0.733495
0.228422 0.320802 0.695994
0.267216 0.395864 0.253798
0.145641 0.629171 0.0644451
0.245956 0.533826 0.554228
0.0683405 0.134243 0.631578
0.208871 0.659731 0.776157
0.203438 0.749328 0.650548
0.157712 0.357067 0.405186
0.211839 0.730562 0.750855
0.0390104 0.328621 0.196416
0.138794 0.33002 0.646317
0.178803 0.698756 0.873245
0.190508 0.338733 0.612909
0.209141 0.381296 0.463079
0.0563576 0.500603 0.61446
0.131064 0.341665 0.684616
0.222557 0.553548 0.319865
0.0880618 0.551961 0.310565
0.219357 0.557496 0.219427
0.0355843 0.0772812 0.0494786
0.20903 0.178219 0.882867
0.218493 0.207259 0.84256
0.07131 0.500437 0.338142
0.209353 0.695867 0.771771
0.0729959 0.652361 0.708023
0.177661 0.586445 0.262671
0.265689 0.430979 0.657118
0.260276 0.475488 0.621854
0.0750419 0.307899 0.595524
0.0873135 0.579354 0.562189
0.0344602 0.321617 0.165901
0.0483879 0.449733 0.249799
0.0575177 0.454211 0.553309
0.280371 0.350161 0.251157
0.211888 0.567097 0.193732
0.0743202 0.304255 0.0923519
0.145519 0.603333 0.766545
0.0539835 0.473173 0.572975
0.0540346 0.43594 0.28639
0.0933534 0.0747789 0.639223
0.106468 0.764102 0.686798
0.18655 0.342782 0.538647
0.169845 0.582707 0.764195
0.232502 0.0842192 0.922989
0.19513 0.382578 0.297238
0.140575 0.672108 0.89288
0.25535 0.48369 0.640054
0.0571859 0.448458 0.155512
0.182427 0.58462 0.424253
0.104999 0.677533 0.785776
0.156027 0.638697 0.0296437
0.104984 0.38401 0.470397
0.150152 0.583263 0.315199
0.198657 0.778453 0.711399
0.0521116 0.426179 0.215859
0.260368 0.232145 0.290238
0.178872 0.506991 0.743655
0.103432 0.48556 0.0944011
0.249695 0.793564 0.115975
0.0390168 0.385936 0.197691
0.0843737 0.573953 0.586481
0.101613 0.655639 0.733823
0.1912 0.688214 0.840237
0.145765 0.584332 0.349684
0.0911145 0.102286 0.61614
0.141992 0.348899 0.449428
0.0910365 0.065373 0.660624
0.0708097 0.429733 0.336344
0.0936756 0.394357 0.40258
0.245958 0.279396 0.274017
0.0687418 0.210955 0.0941372
0.145572 0.388666 0.215095
0.210227 0.220344 0.854167
0.160665 0.584416 0.334558
0.0615943 0.471156 0.147219
0.112538 0.740549 0.78703
0.08695 0.587123 0.661488
0.0643811 0.452185 0.516043
0.169396 0.479194 0.104708
0.085041 0.221258 0.595448
0.157116 0.374894 0.729927
0.248694 0.328357 0.725337
0.188821 0.666673 0.851331
0.0628582 0.403026 0.121436
0.275798 0.362114 0.296756
0.233518 0.7722 0.218894
0.138837 0.615253 0.0555228
0.0873346 0.433536 0.0952737
0.0710969 0.496732 0.353081
0.263659 0.0449497 0.424433
0.154765 0.611536 0.902067
0.0581629 0.315066 0.206228
0.0998281 0.689453 0.766806
0.176686 0.339825 0.526259
0.28712 0.0364 0.42578
0.0481335 0.435042 0.256105
0.270779 0.211292 0.249663
0.206702 0.095648 0.966091
0.183818 0.392093 0.253941
0.0542891 0.410401 0.614538
0.0735343 0.0801577 0.594051
0.177626 0.761455 0.649725
0.20533 0.67288 0.794608
0.246975 0.526908 0.621228
0.0873384 0.253429 0.607663
0.228899 0.692549 0.662553
0.0748169 0.52464 0.67616
0.156687 0.669275 0.0334086
0.0954959 0.0556881 0.634304
0.158268 0.626966 0.822801
0.234027 0.497557 0.696571
0.07593 0.321394 0.596098
0.0639754 0.412268 0.122477
0.0945678 0.394688 0.513622
0.103555 0.597918 0.603913
0.0454697 0.376798 0.635524
0.122709 0.577175 0.341168
0.0364204 0.0416622 0.102527
0.055964 0.442655 0.165243
0.0565142 0.206136 0.621869
0.055989 0.218095 0.621625
0.0930134 0.308898 0.651103
0.0697831 0.494819 0.677054
0.14962 0.415689 0.118197
0.279424 0.118505 0.28447
0.0490801 0.32906 0.116782
0.0980386 0.652734 0.670021
0.252257 0.0637779 0.384042
0.24261 0.467039 0.494037
0.185525 0.688839 0.860356
0.0619082 0.48861 0.643825
0.275935 0.357619 0.300878
0.0531612 0.482251 0.236443
0.234431 0.514912 0.453626
0.264892 0.458118 0.613657
0.208871 0.654302 0.722052
0.0811314 0.395279 0.364566
0.108957 0.573306 0.156052
0.257837 0.26873 0.294165
0.288671 0.153546 0.287032
0.17055 0.634378 0.816402
0.281632 0.131731 0.276301
0.0610781 0.238126 0.606018
0.0598538 0.389818 0.709156
0.237036 0.556429 0.571329
0.251835 0.76569 0.176122
0.232996 0.565301 0.679796
0.201743 0.74171 0.66496
0.0657511 0.509633 0.283561
0.0914238 0.277098 0.621517
0.232327 0.567483 0.577469
0.0902491 0.343621 0.215389
0.126998 0.65841 0.805085
0.239514 0.0846157 0.952343
0.245936 0.421807 0.547338
0.0622058 0.457086 0.316182
0.0924332 0.582168 0.630577
0.284428 0.254018 0.249678
0.170809 0.690129 0.598957
0.0435976 0.399858 0.643451
0.208715 0.55078 0.725745
0.142427 0.593601 0.048831
0.156075 0.775722 0.76329
0.248477 0.27816 0.758961
0.057438 0.162852 0.0878813
0.116833 0.671225 0.609782
0.121528 0.377212 0.208021
0.0885071 0.12439 0.620748
0.0572242 0.156988 0.608717
0.142379 0.497413 0.753274
0.167118 0.590607 0.263642
0.237021 0.47792 0.463743
0.104382 0.545761 0.137135
0.287192 0.241535 0.280745
0.0452382 0.0626342 0.65051
0.0342221 0.256203 0.122597
0.175704 0.674736 0.594624
0.0635236 0.515632 0.248915
0.193549 0.757208 0.0474906
0.102837 0.608403 0.61815
0.216488 0.265588 0.817556
0.231684 0.393592 0.347288
0.186798 0.712113 0.827192
0.203669 0.784553 0.115413
0.282036 0.0817867 0.297004
0.255732 0.384604 0.332411
0.194557 0.340524 0.705268
0.0849646 0.344904 0.229983
0.193296 0.574207 0.286699
0.0450424 0.0355849 0.101983
0.250291 0.291197 0.787477
0.0821445 0.428128 0.735752
0.232302 0.651872 0.716773
0.23833 0.269886 0.835227
0.150593 0.595392 0.449132
0.260233 0.384793 0.654362
0.140687 0.329663 0.644594
0.0973235 0.704758 0.755761
0.250831 0.469249 0.535934
0.0562853 0.464502 0.180143
0.232788 0.540285 0.266778
0.102947 0.759768 0.670593
0.238201 0.159453 0.884553
0.185346 0.648184 0.858885
0.060285 0.196037 0.0990002
0.115319 0.57988 0.150363
0.0737687 0.395869 0.570411
0.102222 0.565232 0.293694
0.0411587 0.34088 0.15599
0.265982 0.401048 0.230321
0.0748717 0.705259 0.697631
0.0549934 0.24702 0.632565
0.256282 0.383428 0.194276
0.252929 0.314235 0.311225
0.261345 0.386788 0.20733
0.0869046 0.422733 0.745144
0.249112 0.433702 0.367548
0.11966 0.373154 0.379893
0.202342 0.690194 0.0494116
0.0910764 0.556107 0.340418
0.222036 0.384343 0.208623
0.271796 0.302258 0.236912
0.222577 0.54804 0.46091
0.241563 0.756054 0.210106
0.265261 0.177628 0.277318
0.150984 0.611698 0.0833401
0.150542 0.597247 0.118559
0.242097 0.780816 0.113327
0.142982 0.583559 0.34862
0.217895 0.236438 0.821264
0.147269 0.59573 0.125719
0.09939 0.561144 0.725473
0.247075 0.360002 0.644956
0.0597954 0.154353 0.603802
0.100098 0.720816 0.686267
0.244796 0.535453 0.545505
0.0405853 0.191763 0.098189
0.178585 0.460554 0.113965
0.0548412 0.477175 0.565404
0.195019 0.646519 0.789192
0.280586 0.324408 0.302809
0.100966 0.74938 0.682219
0.102378 0.644924 0.633508
0.236704 0.398635 0.375752
0.183093 0.368404 0.738269
0.114832 0.44353 0.757991
0.0717221 0.483759 0.409356
0.159988 0.630023 0.532433
0.292456 0.231605 0.261918
0.265044 0.412568 0.660084
0.170323 0.588312 0.423839
0.257496 0.460247 0.299032
0.0328744 0.281795 0.139378
0.116278 0.552764 0.120359
0.210498 0.6522 0.637785
0.214025 0.735456 0.101606
0.102611 0.750139 0.755251
0.125634 0.697215 0.846936
0.270345 0.383349 0.297098
0.162311 0.606301 0.770539
0.191971 0.658916 0.804495
0.12116 0.780727 0.702291
0.232915 0.531185 0.203876
0.27048 0.146329 0.2817
0.0858718 0.294107 0.652546
0.0700299 0.191149 0.646664
0.248174 0.0539946 0.389187
0.117076 0.580536 0.134037
0.100579 0.659639 0.68565
0.260383 0.41746 0.260026
0.266902 0.428918 0.643285
0.0509959 0.196234 0.0503694
0.250824 0.339045 0.208493
0.0773261 0.534645 0.501984
0.121917 0.369676 0.422989
0.220784 0.332591 0.276348
0.032049 0.0374759 0.0631685
0.198479 0.387755 0.751543
0.179437 0.714251 0.622755
0.0865443 0.369679 0.552348
0.0760723 0.560441 0.580935
0.0830537 0.512863 0.128958
0.264304 0.456146 0.600723
0.218038 0.611929 0.689795
0.0562651 0.417886 0.134375
0.0963773 0.0644831 0.626519
0.263152 0.409018 0.213171
0.175511 0.770533 0.778858
0.0824312 0.676788 0.668392
0.174275 0.465691 0.76668
0.0477257 0.340721 0.217849
0.243966 0.451278 0.498045
0.1441 0.638135 0.884041
0.0565327 0.226542 0.61841
0.162053 0.628654 0.0805676
0.177785 0.726327 0.0350068
0.213023 0.148292 0.88952
0.0918988 0.240056 0.612568
0.082696 0.255844 0.591131
0.0443673 0.353312 0.666135
0.106561 0.747625 0.672796
0.254333 0.767623 0.178722
0.203543 0.692637 0.659282
0.250668 0.807225 0.137185
0.071975 0.22572 0.0996601
0.0957545 0.713181 0.733454
0.060604 0.510606 0.244234
0.0625567 0.432318 0.694549
0.261661 0.401819 0.310876
0.142478 0.615048 0.492606
0.205923 0.707023 0.776907
0.0804884 0.541606 0.687371
0.142811 0.336656 0.566295
0.118667 0.542084 0.114938
0.0586154 0.223187 0.606888
0.0865714 0.281634 0.604059
0.0554799 0.311314 0.0907913
0.0978073 0.560351 0.180776
0.0925969 0.347682 0.716149
0.263812 0.46275 0.597953
0.209386 0.184098 0.880264
0.0996407 0.591711 0.522931
0.0693143 0.488538 0.140467
0.264128 0.448788 0.600407
0.0749314 0.286083 0.670156
0.213393 0.734525 0.732481
0.165062 0.650247 0.821755
0.247067 0.094173 0.944473
0.0442775 0.380836 0.171219
0.134383 0.445922 0.0969794
0.113621 0.372852 0.29283
0.260793 0.427244 0.240526
0.16937 0.631974 0.844632
0.251259 0.768898 0.241208
0.213846 0.715291 0.749003
0.231728 0.801393 0.112882
0.0869138 0.063247 0.677467
0.233009 0.355189 0.609501
0.0981663 0.33509 0.182448
0.0966258 0.563732 0.193439
0.0515177 0.45397 0.614402
0.152751 0.496773 0.760257
0.196888 0.573928 0.757208
0.145914 0.609701 0.0455074
0.0686615 0.0305785 0.669156
0.187077 0.690501 0.0785872
0.0979042 0.338004 0.697952
0.224614 0.431591 0.140852
0.251051 0.414074 0.582667
0.13511 0.589763 0.11823
0.0810674 0.368868 0.264808
0.0941396 0.563615 0.466087
0.061015 0.245203 0.651242
0.258507 0.258781 0.293312
0.0984802 0.56854 0.726009
0.224135 0.570325 0.51818
0.243057 0.45875 0.391812
0.0946283 0.266652 0.625905
0.147217 0.597405 0.206322
0.287317 0.169793 0.301285
0.255709 0.500929 0.562774
0.0554968 0.0789914 0.613126
0.150123 0.366233 0.365764
0.0532324 0.443347 0.62688
0.212511 0.638612 0.700532
0.0766467 0.559786 0.610921
0.156954 0.596453 0.143324
0.213973 0.562077 0.295759
0.2017 0.722985 0.788474
0.170192 0.67804 0.893845
0.249576 0.42848 0.724166
0.239082 0.512996 0.410465
0.146839 0.36008 0.709607
0.21281 0.538168 0.722628
0.201519 0.375292 0.302181
0.204606 0.105835 0.9228
0.150619 0.49904 0.759036
0.24873 0.354032 0.671397
0.0617915 0.506838 0.271325
0.160144 0.59455 0.135541
0.121896 0.369822 0.421538
0.128469 0.583586 0.148514
0.0847575 0.171134 0.626114
0.064599 0.426338 0.714455
0.0320762 0.345963 0.204327
0.209785 0.757558 0.686146
0.150956 0.626012 0.518395
0.246433 0.520314 0.640101
0.243226 0.468696 0.496759
0.0378386 0.0370254 0.0917351
0.248744 0.446304 0.526879
0.0340343 0.260865 0.107649
0.153373 0.64512 0.880677
0.250229 0.0491165 0.376884
0.198779 0.33544 0.594022
0.243084 0.416562 0.384786
0.0277405 0.066864 0.0616679
0.111916 0.772791 0.743399
0.173709 0.342709 0.508858
0.231012 0.536368 0.210598
0.0850266 0.395641 0.733527
0.164273 0.650672 0.834057
0.179162 0.720156 0.83568
0.267772 0.762713 0.22985
0.114359 0.775998 0.699439
0.0559321 0.33876 0.225666
0.273704 0.154591 0.325829
0.285281 0.113321 0.30075
0.177883 0.339898 0.66798
0.040251 0.361707 0.228427
0.233074 0.536974 0.497035
0.27341 0.369601 0.306879
0.088871 0.102254 0.607251
0.224299 0.138566 0.880332
0.067922 0.394315 0.112325
0.20754 0.795992 0.107935
0.2093 0.331549 0.694811
0.229271 0.572516 0.666587
0.220626 0.779936 0.0730594
0.132254 0.719329 0.624253
0.0717445 0.482078 0.132647
0.169714 0.345208 0.483501
0.234188 0.773054 0.219639
0.18283 0.764955 0.787372
0.193321 0.347845 0.721154
0.239394 0.184027 0.884803
0.096122 0.561688 0.44753
0.223732 0.429022 0.142975
0.282047 0.348402 0.264033
0.117211 0.324793 0.595993
0.245216 0.490312 0.378913
0.207036 0.356974 0.326007
0.226654 0.759581 0.141734
0.0615888 0.148835 0.601639
0.110087 0.770247 0.697014
0.0624925 0.387149 0.711744
0.080831 0.273241 0.658555
0.0728191 0.401119 0.561935
0.15532 0.766153 0.65317
0.156263 0.642374 0.873866
0.0895392 0.546138 0.441171
0.190854 0.365293 0.468141
0.285305 0.300262 0.252058
0.258955 0.503671 0.597822
0.0786427 0.493055 0.127072
0.0910648 0.0954999 0.616113
0.193098 0.576149 0.274209
0.0834646 0.248819 0.658156
0.038646 0.0431921 0.0414391
0.107564 0.555119 0.144635
0.177934 0.627479 0.896709
0.0938377 0.394663 0.739292
0.224969 0.146741 0.870174
0.229234 0.755444 0.0683425
0.160655 0.338108 0.586136
0.0954379 0.560835 0.362619
0.108939 0.565199 0.148993
0.181514 0.372408 0.340458
0.259004 0.367764 0.678678
0.0608269 0.0504396 0.611229
0.239799 0.506062 0.495028
0.158217 0.587724 0.291327
0.271038 0.782591 0.19106
0.2587 0.297198 0.309901
0.154813 0.590841 0.398103
0.0695585 0.548789 0.589376
0.131572 0.589531 0.760255
0.0660119 0.275577 0.165782
0.0974681 0.716932 0.741551
0.0403083 0.378145 0.644851
0.236085 0.653224 0.713058
0.170162 0.619656 0.895957
0.0640178 0.493808 0.183436
0.0720125 0.51631 0.187824
0.0811216 0.389716 0.542739
0.0572444 0.447978 0.14675
0.222359 0.326456 0.282323
0.189304 0.584436 0.190034
0.269811 0.715104 0.259255
0.259244 0.74976 0.214936
0.0831987 0.346844 0.576516
0.241554 0.104768 0.94576
0.0635401 0.446299 0.675087
0.0579895 0.0520381 0.0560718
0.0796959 0.38152 0.568565
0.265861 0.233186 0.303083
0.0665802 0.470769 0.334628
0.20253 0.416283 0.177669
0.220303 0.704058 0.64206
0.0635171 0.0317481 0.634733
0.10125 0.601766 0.542934
0.252285 0.342681 0.742465
0.237014 0.5211 0.204394
0.0813601 0.195948 0.649001
0.165059 0.422427 0.775488
0.103254 0.605306 0.545616
0.23641 0.161888 0.858363
0.0978054 0.562015 0.426909
0.22501 0.120628 0.944847
0.282259 0.117726 0.321607
0.155137 0.586759 0.343746
0.232222 0.367458 0.570171
0.256471 0.389845 0.743106
0.0452696 0.314578 0.65511
0.228949 0.517619 0.14612
0.212715 0.340552 0.599442
0.055794 0.285775 0.0680334
0.172919 0.627766 0.795265
0.12038 0.581004 0.256201
0.0826759 0.535441 0.387098
0.0954149 0.329787 0.685529
0.23671 0.768536 0.226389
0.159986 0.787312 0.700682
0.200384 0.394569 0.245703
0.215906 0.757942 0.0483171
0.0966078 0.698991 0.701522
0.223728 0.174622 0.85028
0.220884 0.691991 0.643781
0.246331 0.358377 0.646487
0.0896983 0.273611 0.615485
0.280306 0.0720013 0.356432
0.0639734 0.279516 0.176809
0.0877185 0.572767 0.613827
0.238726 0.793103 0.0955007
0.213608 0.346236 0.289426
0.212727 0.735194 0.0411175
0.101613 0.6629 0.705404
0.0479719 0.347105 0.670013
0.230754 0.149399 0.853504
0.22368 0.169499 0.85296
0.0774232 0.351438 0.248994
0.202661 0.369917 0.304516
0.0594627 0.125776 0.618438
0.226566 0.539785 0.419116
0.280095 0.366923 0.257378
0.0993397 0.5917 0.597518
0.205351 0.335813 0.607714
0.0576103 0.498447 0.231544
0.0435216 0.302954 0.0991351
0.24799 0.532842 0.60084
0.176037 0.373386 0.335903
0.0554929 0.395618 0.693465
0.0506446 0.0346914 0.0986468
0.281625 0.10423 0.322027
0.216641 0.212866 0.872642
0.133488 0.685645 0.880726
0.0531962 0.0658166 0.655068
0.207068 0.677776 0.671061
0.15379 0.763705 0.791349
0.190664 0.583735 0.124844
0.207279 0.559338 0.154244
0.17313 0.635985 0.816189
0.0618235 0.427468 0.699155
0.252489 0.500552 0.637808
0.17546 0.604993 0.476788
0.179418 0.59254 0.0950186
0.262442 0.0809484 0.364625
0.0760442 0.293345 0.592595
0.226772 0.77118 0.0692028
0.146009 0.376936 0.318875
0.0758536 0.372607 0.714707
0.0534254 0.0644868 0.110942
0.101115 0.381978 0.732548
0.20346 0.359733 0.324275
0.0852542 0.537958 0.477529
0.222046 0.309942 0.73365
0.22258 0.547985 0.459765
0.0729185 0.488974 0.133841
0.154155 0.628934 0.875328
0.0727574 0.315978 0.600853
0.279525 0.0702618 0.343819
0.101723 0.538746 0.724705
0.227856 0.167694 0.843423
0.239766 0.484852 0.185288
0.0736256 0.5092 0.324929
0.248725 0.43642 0.366706
0.0734409 0.291011 0.171445
0.109864 0.682827 0.640977
0.0628676 0.068324 0.101555
0.0525071 0.288676 0.653561
0.230926 0.334301 0.665994
0.0608517 0.257726 0.150873
0.245617 0.382979 0.763946
0.0905046 0.532361 0.141592
0.0648082 0.403079 0.315699
0.214752 0.326182 0.736059
0.0963019 0.591096 0.535071
0.248632 0.336475 0.7158
0.0568026 0.490519 0.620126
0.247162 0.378256 0.609815
0.232279 0.51112 0.160328
0.0754446 0.433761 0.113372
0.214098 0.362905 0.257847
0.249334 0.0568162 0.388373
0.0766565 0.432241 0.497084
0.107925 0.767459 0.695952
0.110198 0.610034 0.579837
0.14693 0.696473 0.897136
0.261505 0.0774238 0.34059
0.137724 0.629412 0.547648
0.0678866 0.270887 0.153997
0.0595271 0.369114 0.246507
0.253648 0.474642 0.657881
0.275999 0.323989 0.242702
0.256842 0.503923 0.573365
0.120149 0.577344 0.374133
0.241049 0.679673 0.706691
0.220917 0.256904 0.843585
0.208871 0.664097 0.73729
0.119097 0.583928 0.756025
0.209831 0.680619 0.777375
0.0849747 0.305444 0.107856
0.126997 0.721985 0.811658
0.22571 0.312511 0.805509
0.0951724 0.370966 0.728517
0.0906804 0.583826 0.700035
0.0828811 0.205348 0.648117
0.139275 0.417662 0.106141
0.0874879 0.280311 0.644212
0.229908 0.571663 0.585754
0.224589 0.209151 0.826252
0.0849074 0.536659 0.182693
0.242435 0.515415 0.33865
0.241096 0.404239 0.160336
0.0925334 0.578796 0.627342
0.108671 0.767637 0.736893
0.101988 0.718993 0.681465
0.212754 0.404578 0.764196
0.037859 0.191519 0.0964926
0.0900625 0.553022 0.353492
0.103272 0.385116 0.418096
0.258632 0.500004 0.606727
0.252384 0.325401 0.223473
0.0629206 0.28915 0.620165
0.218261 0.560899 0.460605
0.183419 0.408578 0.177644
0.0481729 0.289975 0.0808979
0.255581 0.0706389 0.368613
0.256338 0.40014 0.195228
0.164434 0.688026 0.0270562
0.0390721 0.291574 0.161184
0.126212 0.682923 0.868294
0.169788 0.727491 0.0508363
0.054922 0.372683 0.125188
0.114023 0.662989 0.824955
0.253021 0.361393 0.194197
0.251236 0.321166 0.748199
0.243765 0.463693 0.198874
0.0629922 0.247602 0.134272
0.15548 0.760644 0.795023
0.0888743 0.176375 0.618935
0.199498 0.578204 0.157286
0.252285 0.34662 0.739893
0.289027 0.222726 0.284717
0.0788292 0.52291 0.163552
0.0605822 0.197684 0.0637212
0.0562454 0.029756 0.642303
0.0515777 0.444966 0.606026
0.0783247 0.703651 0.685928
0.0447075 0.373738 0.675005
0.210393 0.59578 0.524833
0.155151 0.614597 0.479007
0.232054 0.541045 0.259868
0.129289 0.582326 0.383672
0.260225 0.198348 0.281076
0.215249 0.729431 0.693597
0.258926 0.0446838 0.372417
0.167007 0.631074 0.540124
0.0886923 0.106855 0.620928
0.196922 0.572259 0.374691
0.132278 0.639979 0.841253
0.0967235 0.763799 0.696245
0.13846 0.753868 0.637041
0.0378434 0.110882 0.0778733
0.0578944 0.115192 0.604719
0.0764574 0.514678 0.156642
0.238174 0.504702 0.188531
0.114464 0.744628 0.659967
0.260178 0.129665 0.300144
0.0578626 0.346526 0.684002
0.279382 0.105814 0.290193
0.124741 0.580936 0.379612
0.0716902 0.458347 0.483111
0.221094 0.360346 0.246117
0.245727 0.433745 0.394077
0.210468 0.324246 0.757774
0.233014 0.653738 0.717282
0.108978 0.572781 0.211532
0.24525 0.357106 0.189355
0.109127 0.572694 0.22175
0.0568963 0.202052 0.62055
0.0706412 0.409053 0.554702
0.227581 0.237292 0.779491
0.24082 0.213881 0.858823
0.0857286 0.633357 0.692504
0.289183 0.172382 0.289089
0.241957 0.278662 0.82635
0.184594 0.729365 0.634015
0.108503 0.381967 0.410852
0.0737656 0.0828115 0.591286
0.155098 0.730023 0.832667
0.10995 0.573715 0.201093
0.084289 0.316442 0.667932
0.0571536 0.311616 0.201807
0.0669336 0.513267 0.517487
0.176539 0.472637 0.109923
0.198868 0.593641 0.481232
0.156481 0.620451 0.0351971
0.134511 0.382116 0.270648
0.226151 0.597646 0.670823
0.237576 0.348979 0.224972
0.214613 0.356864 0.540299
0.062331 0.0609781 0.611541
0.139997 0.677292 0.593445
0.258515 0.799402 0.143854
0.0751091 0.339079 0.241139
0.0777919 0.360646 0.578201
0.0596764 0.275573 0.627284
0.0882806 0.41508 0.746724
0.0508404 0.285772 0.170159
0.262114 0.0396228 0.427174
0.259128 0.125221 0.303321
0.263439 0.766617 0.20074
0.0634379 0.113975  0.598
0.206667 0.522846 0.725655
0.0511229 0.423463 0.234644
0.181655 0.749993 0.0741107
0.235977 0.0988458 0.907485
0.0941462 0.558027 0.414354
0.0607714 0.296325 0.191728
0.224642 0.771694 0.16759
0.171298 0.335591 0.576443
0.0567409 0.477624 0.553964
0.0386385 0.372116 0.648778
0.11023 0.363448 0.726585
0.182833 0.587303 0.236315
0.0842764 0.545714 0.252373
0.169176 0.370169 0.349579
0.261426 0.444186 0.647103
0.270484 0.386581 0.27433
0.256455 0.375515 0.644122
0.189063 0.366538 0.454831
0.264178 0.262076 0.306287
0.3011 0.0338343 0.395819
0.199363 0.639498 0.753014
0.259286 0.432835 0.278775
0.115967 0.538227 0.115187
0.223557 0.552718 0.315496
0.1376 0.376365 0.732187
0.0875475 0.0451792 0.613035
0.157601 0.590809 0.405416
0.0780557 0.166562 0.646827
0.220449 0.557103 0.210265
0.245527 0.287353 0.279986
0.237653 0.533645 0.671059
0.244208 0.458752 0.380454
0.0726228 0.465274 0.471057
0.0721685 0.500933 0.43732
0.211957 0.32375 0.752293
0.20949 0.45716 0.740332
0.177948 0.339482 0.659252
0.0767333 0.521682 0.330841
0.215782 0.267591 0.796136
0.225008 0.550873 0.305956
0.174626 0.606564 0.0492112
0.0621996 0.0480229 0.673288
0.0522381 0.426913 0.639558
0.245239 0.406706 0.366881
0.147472 0.787787 0.707806
0.249195 0.513754 0.63751
0.207084 0.439201 0.757166
0.210852 0.392565 0.432209
0.0957483 0.334073 0.186438
0.0700634 0.457021 0.491093
0.0583015 0.300865 0.0781513
0.256422 0.365983 0.329047
0.285509 0.297068 0.270273
0.131898 0.626943 0.550394
0.237613 0.37627 0.771727
0.159089 0.600184 0.767386
0.106289 0.382563 0.375962
0.241587 0.512507 0.672261
0.143224 0.628614 0.0556709
0.0975792 0.754075 0.701549
0.220799 0.581073 0.700402
0.0990851 0.542473 0.721731
0.243538 0.336478 0.225653
0.0350595 0.289945 0.138339
0.257586 0.435071 0.31959
0.217097 0.388659 0.493379
0.0571396 0.498351 0.551399
0.0650429 0.167151 0.0666133
0.212824 0.556631 0.719803
0.182359 0.76671 0.660842
0.099995 0.744423 0.738266
0.155987 0.729748 0.623258
0.242111 0.501493 0.421102
0.259168 0.429628 0.283445
0.0741181 0.33038 0.682752
0.259858 0.467776 0.579005
0.221231 0.38305 0.213909
0.152388 0.590935 0.409028
0.219313 0.197959 0.848315
0.0629119 0.513393 0.260358
0.21218 0.565828 0.451344
0.0602616 0.444203 0.660884
0.218374 0.296947 0.792257
0.0261005 0.0439142 0.0842863
0.256428 0.358752 0.696358
0.222354 0.758938 0.057121
0.25951 0.407421 0.302104
0.130991 0.336767 0.560092
0.221713 0.259494 0.842949
0.189861 0.407597 0.187916
0.227782 0.707398 0.667639
0.248932 0.356825 0.657051
0.231329 0.697443 0.714261
0.287585 0.0478067 0.353293
0.159465 0.646996 0.862774
0.223215 0.34417 0.326124
0.110839 0.57176 0.148542
0.0517629 0.0714474 0.635276
0.146766 0.648653 0.850444
0.0958098 0.601573 0.716308
0.0360265 0.241256 0.11577
0.287688 0.185704 0.303468
0.229069 0.331294 0.306755
0.263572 0.207063 0.273137
0.109272 0.760445 0.763081
0.282573 0.0791606 0.297524
0.126926 0.658094 0.868261
0.279241 0.327379 0.309884
0.126594 0.360208 0.47763
0.166329 0.650672 0.85239
0.101613 0.662347 0.714751
0.260612 0.408543 0.206647
0.188151 0.581983 0.409386
0.220511 0.125293 0.939017
0.0427958 0.162252 0.0927873
0.21552 0.471942 0.127438
0.0893219 0.550394 0.368764
0.222159 0.167942 0.857543
0.235298 0.755272 0.230671
0.135546 0.637497 0.827094
0.0580259 0.126208 0.0721557
0.244512 0.476859 0.397227
0.0606506 0.298584 0.661359
0.128121 0.631104 0.77982
0.185891 0.361686 0.735637
0.0433709 0.394825 0.649323
0.0732292 0.348001 0.0993592
0.147847 0.744876 0.631903
0.108117 0.713012 0.66419
0.260916 0.408116 0.721039
0.219572 0.260462 0.785068
0.0972792 0.321695 0.162084
0.0752798 0.0447951 0.685698
0.274828 0.0660201 0.41167
0.0711596 0.427351 0.337191
0.0363602 0.190386 0.0768638
0.226728 0.750273 0.0620858
0.163676 0.34916 0.703949
0.154366 0.373093 0.335985
0.272374 0.697395 0.260608
0.0629837 0.0529718 0.11937
0.0882334 0.385425 0.533674
0.0574243 0.462086 0.551277
0.263219 0.435188 0.603426
0.233992 0.168738 0.852535
0.0708398 0.0941212 0.589091
0.166404 0.509552 0.103729
0.218375 0.481071 0.719897
0.239751 0.473764 0.703966
0.189473 0.768835 0.670061
0.182925 0.334324 0.567039
0.152842 0.756638 0.79983
0.142881 0.619694 0.0681879
0.229031 0.184703 0.839982
0.19146 0.58133 0.224783
0.0855828 0.375643 0.279324
0.281743 0.178329 0.314862
0.174808 0.763274 0.649093
0.225999 0.780333 0.1917
0.216791 0.611081 0.702472
0.183474 0.637328 0.799034
0.0349197 0.0880372 0.0488631
0.049229 0.028253 0.0621625
0.221014 0.394523 0.182076
0.21105 0.617283 0.630615
0.226371 0.441632 0.139231
0.243138 0.470535 0.403888
0.205159 0.580737 0.474735
0.253583 0.519274 0.595623
0.247272 0.74091 0.257312
0.0531083 0.232298 0.12798
0.0346349 0.035214 0.0681844
0.241268 0.450503 0.482957
0.252748 0.259947 0.788952
0.124277 0.678779 0.600311
0.210201 0.370945 0.500271
0.0934702 0.283003 0.628553
0.221804 0.261332 0.776028
0.215788 0.401582 0.446912
0.0627228 0.502937 0.278086
0.0715397 0.458254 0.485533
0.245139 0.319598 0.729028
0.254738 0.484583 0.282426
0.21648 0.250159 0.838142
0.064855 0.252772 0.134875
0.0460055 0.273608 0.0714934
0.105563 0.404336 0.113488
0.200896 0.404853 0.20811
0.134736 0.711327 0.616149
0.239641 0.646436 0.701565
0.28225  0.025 0.413958
0.168214 0.36014 0.721958
0.101932 0.626903 0.733644
0.0608198 0.0485442 0.671035
0.249102 0.363634 0.183478
0.0432436 0.0580767 0.043211
0.256878 0.469493 0.304924
0.221274 0.322098 0.715395
0.236963 0.469441 0.457452
0.225083 0.566145 0.701477
0.23573 0.384049 0.562032
0.0404818 0.155991 0.0452872
0.115063 0.587298 0.466103
0.164229 0.608897 0.912399
0.174676 0.436215 0.77273
0.248678 0.505231 0.529182
0.13923 0.586961 0.271717
0.152419 0.381001 0.733172
0.264405 0.130011 0.312859
0.106205 0.725773 0.777769
0.0526291 0.429144 0.217293
0.266136 0.423544 0.662797
0.261167 0.473986 0.584735
0.0746088 0.268004 0.133875
0.240097 0.277559 0.829224
0.10016 0.731901 0.740909
0.232611 0.562289 0.547547
0.0963539 0.591704 0.53784
0.174447 0.337161 0.633963
0.229046 0.775964 0.208163
0.105074 0.34608 0.184598
0.212654 0.256799 0.816576
0.0809351 0.732948 0.712364
0.158704 0.691062 0.598432
0.126424 0.471356 0.755231
0.178178 0.644134 0.882139
0.0961248 0.0688657 0.636329
0.15416 0.662896 0.799851
0.153414 0.449766 0.103976
0.237519 0.328672 0.243724
0.210584 0.0789486 0.934246
0.092166 0.406261 0.404892
0.248611 0.472717 0.328048
0.0698538 0.515217 0.507978
0.217664 0.319534 0.778792
0.0965318 0.400965 0.435333
0.127804 0.420997 0.0997646
0.0450931 0.401277 0.632776
0.248139 0.47283 0.339642
0.0506277 0.209312 0.109084
0.112506 0.748854 0.781907
0.252811 0.473049 0.545091
0.228624 0.534688 0.461199
0.24416 0.477812 0.401736
0.238994 0.463521 0.43714
0.230892 0.21028 0.876917
0.0750682 0.69877 0.706517
0.232207 0.201199 0.880169
0.22062 0.577093 0.619662
0.218583 0.287242 0.800475
0.126255 0.643848 0.833496
0.132819 0.397953 0.150742
0.209008 0.564295 0.325828
0.212878 0.747703 0.690172
0.0729315 0.0532822 0.0727853
0.101621 0.759167 0.690835
0.196539 0.781325 0.102766
0.0756726 0.676804 0.682226
0.253949 0.420564 0.348313
0.08533 0.0457657 0.605071
0.277114 0.255271 0.299654
0.0336866 0.0476012 0.0490648
0.169193 0.337013 0.544546
0.0482903 0.269814 0.151844
0.220339 0.403801 0.470193
0.181566 0.539731 0.752004
0.106451 0.326103 0.147867
0.0539951 0.23151 0.0602574
0.0481685 0.401247 0.658641
0.289672 0.206213 0.287634
0.160711 0.650672 0.822039
0.0643989 0.183354 0.639935
0.0734275 0.328477 0.680784
0.0537545 0.27782 0.647933
0.197658 0.573972 0.13565
0.0908882 0.215655 0.631684
0.0953673 0.396581 0.506905
0.072615 0.505727 0.319492
0.0915436 0.747892 0.682379
0.224196 0.584064 0.687458
0.131035 0.632325 0.792291
0.265885 0.0396834 0.426701
0.0878405 0.418808 0.435314
0.233388 0.565184 0.681655
0.0882768 0.734921 0.676037
0.182775 0.660188 0.868613
0.103977 0.767978 0.690112
0.0705676 0.329886 0.607178
0.163711 0.626471 0.862195
0.110021 0.573763 0.201384
0.157086 0.386686 0.262971
0.125806 0.586023 0.218908
0.272638 0.0612017 0.415043
0.173952 0.382991 0.294267
0.0539159 0.244766 0.63898
0.0352123 0.159889 0.0733275
0.0274497 0.0677462 0.0865259
0.188948 0.516557 0.738797
0.163817 0.730473 0.830405
0.11715 0.732734 0.793044
0.224192 0.742258 0.0585321
0.0721128 0.418992 0.728164
0.243359 0.450021 0.494554
0.202024 0.373324 0.302486
0.191864 0.618402 0.589575
0.197592 0.694764 0.0803488
0.111204 0.748722 0.666104
0.258973 0.504967 0.594687
0.284943 0.052477 0.332773
0.169813 0.66394 0.590806
0.199082 0.647321 0.777478
0.274022 0.38228 0.242746
0.0498714 0.410118 0.174364
0.0749712 0.707374 0.704154
0.0879142 0.256628 0.609709
0.233929 0.499988 0.696109
0.169304 0.584176 0.365706
0.0562621 0.483989 0.212845
0.0857106 0.117459 0.594348
0.19328 0.639033 0.773184
0.212471 0.224582 0.843752
0.183643 0.659599 0.0548821
0.176517 0.347544 0.70901
0.200934 0.5934 0.4883
0.22402 0.649798 0.673081
0.0673567 0.0614372 0.671649
0.250474 0.270423 0.766894
0.104359 0.686561 0.671917
0.0973078 0.235928 0.626116
0.231534 0.337418 0.325787
0.207824 0.336441 0.747485
0.134702 0.586062 0.081731
0.0562585 0.435924 0.582805
0.0492395 0.271912 0.15511
0.241683 0.280209 0.75103
0.075531 0.276219 0.669071
0.204907 0.682512 0.661335
0.0907972 0.0510668 0.687078
0.266445 0.254681 0.239625
0.105741 0.650917 0.763021
0.0643801 0.254177 0.0742855
0.23275 0.563884 0.559124
0.246234 0.315863 0.245769
0.0809508 0.541806 0.500971
0.127649 0.760178 0.790014
0.0594462 0.0852681 0.0865153
0.0695584 0.110055 0.590966
0.237737 0.657928 0.713836
0.0702042 0.151723 0.591796
0.145896 0.34028 0.503101
0.259302 0.242119 0.290718
0.14844 0.596302 0.22772
0.0349306 0.141795 0.0506446
0.0327521 0.0999537 0.0677789
0.163155 0.334038 0.633932
0.0933833 0.287926 0.625637
0.107013 0.70363 0.666157
0.24858 0.28437 0.798766
0.0817193 0.568932 0.595774
0.0891641 0.386353 0.108221
0.251686 0.473257 0.669424
0.122784 0.371711 0.340319
0.230265 0.132258 0.876314
0.146732 0.642477 0.892921
0.136003 0.483637 0.759495
0.0981668 0.563864 0.226125
0.265338 0.700226 0.253178
0.101508 0.565991 0.263947
0.0965272 0.526837 0.124303
0.0396192 0.304564 0.134251
0.223874 0.170584 0.851935
0.121996 0.368904 0.43099
0.199789 0.578155 0.153704
0.268632 0.245027 0.311734
0.236242 0.45607 0.163231
0.225073 0.0964817 0.96734
0.227232 0.425808 0.435172
0.170815 0.58272 0.348456
0.210568 0.566887 0.171623
0.240985 0.676563 0.692371
0.15765 0.586131 0.299008
0.0980613 0.388101 0.734516
0.0962567 0.761764 0.685578
0.193326 0.660828 0.608147
0.161924 0.628365 0.900368
0.0985341 0.761706 0.680822
0.238905 0.50538 0.446139
0.207705 0.368522 0.339197
0.0331323 0.0599468 0.10356
0.178843 0.561394 0.0899992
0.108115 0.601119 0.739632
0.2858 0.257293 0.277992
0.235842 0.536008 0.241089
0.177555 0.473667 0.110042
0.231391 0.533592 0.201414
0.282224 0.1702 0.269695
0.225962 0.0770925 0.954944
0.217134 0.173754 0.867494
0.0527385 0.378834 0.621836
0.0565838 0.50484 0.611913
0.0366287 0.381451 0.233986
0.0828431 0.477105 0.114031
0.251396 0.48935 0.536817
0.208801 0.749915 0.76089
0.276548 0.322564 0.315332
0.274633 0.380288 0.248976
0.236488 0.3165 0.717137
0.196855 0.677122 0.818155
0.100569 0.329342 0.566299
0.0824967 0.190832 0.585149
0.251476 0.458312 0.684789
0.107064 0.760822 0.75335
0.258748 0.221014 0.283171
0.220008 0.570856 0.502957
0.15723 0.616769 0.781727
0.233787 0.715278 0.687122
0.281615 0.281341 0.250724
0.2166 0.313047 0.751408
0.196782 0.572909 0.381992
0.10947 0.535596 0.119315
0.151956 0.51163 0.750185
0.268262 0.77808 0.21853
0.243439 0.522616 0.255554
0.0619238 0.390027 0.119161
0.208692 0.111949 0.914736
0.123584 0.377666 0.287996
0.243102 0.463886 0.396981
0.0613088 0.42079 0.700331
0.223865 0.356115 0.778755
0.0713146 0.541597 0.631985
0.0540377 0.467753 0.618682
0.0791095 0.240722 0.589547
0.262935 0.486021 0.592219
0.246748 0.402613 0.349825
0.189642 0.719756 0.809224
0.230221 0.536721 0.395229
0.29124 0.236457 0.262471
0.262739 0.433854 0.603411
0.117668 0.570135 0.110419
0.213355 0.330934 0.765793
0.262309 0.302889 0.234904
0.0915037 0.363096 0.26246
0.0839949 0.369726 0.565487
0.212989 0.366593 0.255715
0.1687 0.626113 0.797336
0.259047 0.383886 0.733237
0.221947 0.0803065 0.96227
0.230479 0.539106 0.367069
0.26117 0.416916 0.240877
0.19973 0.334204 0.694353
0.170623 0.541298 0.758853
0.149302 0.53008 0.103057
0.248142 0.509835 0.531415
0.26717 0.737744 0.247902
0.122695 0.37124 0.354899
0.21881 0.558162 0.192766
0.224493 0.57055 0.623723
0.0635315 0.49648 0.289302
0.0720603 0.206365 0.652038
0.200243 0.683287 0.0406902
0.0410268 0.390698 0.205183
0.28669 0.130473 0.293913
0.0446185 0.31251 0.114164
0.131444 0.584171 0.149216
0.104004 0.377389 0.131256
0.0351116 0.083507 0.0506753
0.265904 0.415532 0.67903
0.0732675 0.246059 0.0865978
0.118553 0.364647 0.49529
0.0537356 0.477858 0.612545
0.0567232 0.504378 0.251513
0.26293 0.140842 0.292126
0.0812903 0.367855 0.721094
0.221395 0.758093 0.724175
0.226107 0.485858 0.711937
0.196147 0.668796 0.82417
0.252565 0.452929 0.241111
0.206936 0.576384 0.740112
0.13553 0.470062 0.764415
0.0535488 0.503554 0.58231
0.129292 0.781463 0.743614
0.113013 0.369675 0.49275
0.0870428 0.593398 0.665629
0.131933 0.49058 0.748267
0.0469412 0.397629 0.658894
0.244787 0.801396 0.117759
0.185405 0.65874 0.8047
0.241138 0.128815 0.91955
0.0863638 0.698913 0.657477
0.101022 0.477996 0.0919914
0.113251 0.58938 0.748778
0.0684591 0.54044 0.556221
0.151756 0.625885 0.0759628
0.0350032 0.132309 0.0472843
0.0953007 0.713823 0.698355
0.227185 0.546281 0.244817
0.241673 0.759928 0.164225
0.101685 0.723663 0.682231
0.0980374 0.750985 0.726579
0.246993 0.506982 0.522862
0.239916 0.499873 0.195103
0.145784 0.594868 0.111694
0.269706 0.387962 0.228675
0.101131 0.690624 0.770446
0.192062 0.763745 0.774402
0.232259 0.530458 0.197206
0.145042 0.329607 0.642611
0.268278 0.136768 0.320018
0.14904 0.627373 0.810962
0.0686158 0.0594075 0.0947002
0.16358 0.47087 0.768145
0.136997 0.53248 0.749403
0.157431 0.590491 0.0443153
0.213966 0.333671 0.726143
0.103884 0.725995 0.763719
0.113107 0.751554 0.664345
0.197693 0.766577 0.759465
0.101155 0.568675 0.459819
0.232876 0.540313 0.323354
0.228987 0.193288 0.894602
0.0598981 0.366759 0.695058
0.0609928 0.302003 0.66242
0.28133 0.307162 0.299696
0.195558 0.686247 0.820872
0.103605 0.663753 0.773923
0.222731 0.55238 0.329745
0.0797194 0.407703 0.529024
0.237542 0.494832 0.473449
0.168968 0.600671 0.0907089
0.285691 0.2258 0.25166
0.0886698 0.323366 0.114967
0.256435 0.45428 0.66222
0.212152 0.765698 0.685913
0.237884 0.768121 0.186408
0.240121 0.317095 0.799209
0.21671 0.764663 0.715105
0.149491 0.64288 0.872651
0.193125 0.683286 0.832496
0.25674 0.481609 0.634896
0.178614 0.650672 0.833323
0.0607568 0.402713 0.603694
0.162895 0.363346 0.379023
0.118764 0.670182 0.83224
0.236339 0.719891 0.699222
0.221335 0.262744 0.776942
0.18547 0.582277 0.399981
0.212242 0.395434 0.759654
0.175204 0.394366 0.208605
0.242272 0.414877 0.739716
0.144408 0.581781 0.314472
0.065591 0.451824 0.330199
0.180973 0.713311 0.847122
0.218958 0.607754 0.68611
0.0480672 0.39952 0.660568
0.25948 0.377993 0.663343
0.235618 0.772169 0.19777
0.0335873 0.330052 0.17572
0.227349 0.643303 0.679566
0.160182 0.597351 0.110628
0.0983808 0.31804 0.575316
0.145098 0.366983 0.36221
0.100187 0.566818 0.184431
0.0455501 0.329926 0.205328
0.274626 0.35969 0.245162
0.115744 0.458924 0.749232
0.146471 0.684371 0.593972
0.0722826 0.47285 0.422325
0.211998 0.596704 0.730458
0.079119 0.190611 0.654189
0.163616 0.632179 0.881427
0.266433 0.13025 0.318273
0.132196 0.401842 0.140631
0.0388502 0.0924865 0.0412512
0.185008 0.586078 0.11268
0.218551 0.627218 0.666918
0.235714 0.469229 0.164363
0.133064 0.471169 0.095613
0.131158 0.578522 0.315324
0.218738 0.296526 0.793623
0.12315 0.411831 0.769377
0.219989 0.795404 0.0904607
0.232953 0.779562 0.214141
0.19611 0.578342 0.446455
0.0594795 0.325266 0.668532
0.199656 0.713004 0.648958
0.20798 0.379988 0.351304
0.0723438 0.339491 0.0963121
0.221224 0.39062 0.196064
0.236264 0.529901 0.368616
0.280632 0.359866 0.253616
0.250433 0.499475 0.252033
0.23489 0.559421 0.560711
0.261059 0.77712 0.233358
0.226199 0.130438 0.935051
0.232127 0.562264 0.614164
0.0818332 0.255837 0.105237
0.122655 0.573551 0.098314
0.0636686 0.155546 0.0635589
0.239495 0.763847 0.150229
0.0954561 0.435452 0.745709
0.190901 0.690043 0.618588
0.162719 0.582807 0.308208
0.205573 0.75784 0.0482016
0.0442886 0.406733 0.633492
0.0915995 0.408549 0.477156
0.174341 0.649694 0.831718
0.273621 0.121948 0.28911
0.22519 0.551317 0.488023
0.250588 0.0609946 0.405283
0.187266 0.349724 0.72132
0.0596338 0.12612 0.618944
0.238077 0.533026 0.261777
0.217429 0.337897 0.616809
0.0277056 0.0461795 0.0995743
0.176184 0.639133 0.0630126
0.138168 0.589064 0.137387
0.232258 0.364404 0.573408
0.0766106 0.558615 0.563091
0.22223 0.780496 0.179051
0.034274 0.265783 0.129873
0.231112 0.810224 0.163584
0.147351 0.584522 0.0486011
0.210984 0.560333 0.167225
0.0388211 0.216295 0.104129
0.18208 0.36961 0.352725
0.0761067 0.366874 0.580432
0.29299 0.0539402 0.34847
0.153581 0.333023 0.647855
0.0715713 0.48693 0.393598
0.236431 0.550754 0.634818
0.147398 0.594533 0.129839
0.100598 0.634763 0.637184
0.264305 0.411872 0.707575
0.218088 0.562457 0.46424
0.136636 0.786844 0.69366
0.258391 0.0740033 0.345745
0.135133 0.580772 0.300345
0.148932 0.706706 0.892219
0.237082 0.53259 0.237173
0.232023 0.55544 0.640712
0.0724529 0.507542 0.492088
0.0906722 0.516036 0.122541
0.219866 0.61146 0.648434
0.0356381 0.238708 0.104788
0.111684 0.771157 0.750819
0.166439 0.37347 0.734784
0.126361 0.724161 0.809484
0.106231 0.705266 0.782366
0.138062 0.382699 0.734378
0.215372 0.346838 0.573856
0.268896 0.373381 0.326582
0.122119 0.328315 0.599222
0.134615 0.738197 0.631683
0.139721 0.778058 0.755383
0.244791 0.349831 0.668442
0.213149 0.627681 0.640722
0.205069 0.438746 0.759881
0.0566926 0.442825 0.565463
0.10096 0.347167 0.711684
0.213629 0.799348 0.104361
0.0287557 0.0714123 0.0816954
0.084085 0.065028 0.674181
0.241394 0.523021 0.321993
0.103364 0.565132 0.343134
0.122586 0.650506 0.8171
0.23035 0.329661 0.680607
0.239852 0.452607 0.47132
0.1079 0.661533 0.793607
0.25103 0.506081 0.549176
0.236581 0.551552 0.534247
0.076868 0.425951 0.509492
0.286473 0.263193 0.267957
0.108307 0.69778 0.791607
0.0370042 0.33279 0.197964
0.0864977 0.410175 0.0918524
0.247363 0.449317 0.712984
0.116262 0.581025 0.141289
0.137279 0.636143 0.569631
0.227848 0.48241 0.710573
0.071442 0.278604 0.157216
0.0520641 0.0279768 0.653211
0.278741 0.332869 0.307463
0.233542 0.138663 0.877991
0.110401 0.569171 0.382145
0.225448 0.63405 0.694198
0.104801 0.323316 0.147083
0.136702 0.383656 0.734648
0.220603 0.43943 0.743803
0.0614111 0.480073 0.526738
0.254363 0.0697811 0.396435
0.121343 0.577288 0.359062
0.0612484 0.419759 0.306401
0.0692883 0.247765 0.599632
0.183517 0.415807 0.159102
0.0653543 0.494072 0.176146
0.0736932 0.506372 0.376527
0.251235 0.338643 0.717348
0.0678592 0.34882 0.241185
0.217119 0.368823 0.756445
0.197405 0.742813 0.0901057
0.209141 0.667636 0.687136
0.241261 0.522232 0.329342
0.099347 0.463745 0.0850985
0.0643297 0.37269 0.252446
0.089193 0.322788 0.671314
0.136179 0.761002 0.646864
0.258914 0.238314 0.266964
0.086142 0.565234 0.633126
0.065617 0.0621141 0.100898
0.0878191 0.269803 0.107285
0.19535 0.573503 0.116243
0.190383 0.581135 0.248674
0.101613 0.660587 0.731687
0.0479258 0.194593 0.102913
0.172233 0.737214 0.0590085
0.0526576 0.470113 0.585219
0.206339 0.761798 0.671196
0.0922461 0.27193 0.635547
0.249989 0.510363 0.640272
0.120078 0.714538 0.806049
0.168044 0.593559 0.450929
0.239048 0.472779 0.445495
0.283502 0.333138 0.270759
0.208044 0.0934503 0.970817
0.107044 0.370827 0.245081
0.248172 0.345905 0.202961
0.114839 0.353986 0.174847
0.249053 0.806441 0.187232
0.168817 0.719312 0.617265
0.0567037 0.18055 0.631198
0.0702324 0.270925 0.600985
0.0820067 0.373438 0.568631
0.140829 0.604908 0.0512727
0.239817 0.480702 0.446366
0.2418 0.650759 0.697302
0.0687083 0.402603 0.588384
0.201821 0.600526 0.505835
0.208871 0.661858 0.718002
0.208871 0.66164 0.74939
0.0611194 0.303711 0.662921
0.109361 0.447217 0.751073
0.239663 0.193237 0.873023
0.227719 0.46735 0.718743
0.208871 0.65538 0.720448
0.276713 0.685036 0.26615
0.213066 0.723778 0.0929444
0.117147 0.333143 0.556879
0.24834 0.0444436 0.423502
0.0656799 0.53661 0.564851
0.236633 0.489481 0.171035
0.0881733 0.353522 0.562271
0.173622 0.350772 0.466301
0.10138 0.595951 0.609385
0.211691 0.227159 0.843624
0.23555 0.559569 0.605251
0.169657 0.730148 0.823186
0.0956635 0.608506 0.704805
0.149594 0.644244 0.869379
0.0657794 0.252868 0.133205
0.0640489 0.0563246 0.113092
0.169502 0.393522 0.206824
0.199454 0.622364 0.60938
0.129821 0.369097 0.352138
0.0513874 0.448138 0.616629
0.150715 0.370935 0.34523
0.220682 0.587673 0.563449
0.178089 0.786307 0.685607
0.230432 0.527921 0.459681
0.0456903 0.380176 0.164155
0.199249 0.088676 0.950384
0.168181 0.337336 0.652861
0.215994 0.230196 0.859974
0.244941 0.78714 0.100831
0.186355 0.587057 0.195508
0.0872811 0.39052 0.32598
0.234741 0.537898 0.238106
0.103721 0.326709 0.155314
0.145539 0.389082 0.210037
0.203121 0.378679 0.448905
0.081564 0.345468 0.580635
0.0568601 0.452577 0.559437
0.205156 0.735809 0.0383148
0.151812 0.392232 0.185311
0.0378513 0.306563 0.142004
0.0770121 0.546774 0.655648
0.22042 0.517544 0.711741
0.201752 0.614203 0.537048
0.188408 0.63265 0.771309
0.0876648 0.754077 0.700188
0.248729 0.508158 0.250539
0.19783 0.571058 0.133392
0.126407  0.339 0.681233
0.241918 0.359925 0.624197
0.204914 0.750529 0.67376
0.190884 0.676517 0.607001
0.268699 0.346944 0.234109
0.202195 0.525035 0.114082
0.0856809 0.681948 0.660759
0.279638 0.0732466 0.386612
0.264631 0.435887 0.651702
0.222062 0.302946 0.745956
0.218801 0.301756 0.759503
0.260134 0.367133 0.696398
0.0885504 0.0317098 0.669433
0.0331375 0.114025 0.055771
0.0814818 0.527192 0.427929
0.089726 0.191429 0.618475
0.202328 0.650838 0.776517
0.255222 0.460281 0.663022
0.172896 0.67028 0.0753659
0.236725 0.647871 0.708243
0.275233 0.0329711 0.365031
0.0525694 0.431107 0.220474
0.119213 0.353035 0.162949
0.0590919 0.290394 0.0680735
0.09837 0.624122 0.706937
0.0962741 0.349069 0.555901
0.254797 0.714892 0.244213
0.141694 0.773123 0.771087
0.0960754 0.0447893 0.661907
0.107315 0.660437 0.790774
0.126135 0.783563 0.730133
0.0638366 0.465317 0.517275
0.13719 0.337542 0.533981
0.0657501 0.172676 0.597751
0.0695175 0.518423 0.289976
0.0521214 0.401824 0.672611
0.270893 0.152679 0.278465
0.164984 0.339653 0.660205
0.274908 0.329671 0.240672
0.178679 0.607172 0.48486
0.267699 0.369218 0.223627
0.0461956 0.465044 0.26501
0.236808 0.431216 0.157094
0.0879077 0.0453688 0.615088
0.260261 0.0617398 0.339579
0.225179 0.542267 0.462128
0.154058 0.34847 0.45176
0.172104 0.585731 0.275391
0.146539 0.589532 0.414183
0.180333 0.58967 0.220407
0.0628581 0.473489 0.144971
0.118664 0.738656 0.793229
0.228172 0.311914 0.706651
0.24575 0.664508 0.701221
0.0889374 0.544641 0.456043
0.0511936 0.0853454 0.0491164
0.17785 0.552565 0.0955185
0.179497 0.650432 0.81998
0.0719643 0.045237 0.600676
0.216323 0.242696 0.846377
0.191526 0.717992 0.639913
0.256948 0.442812 0.249952
0.0512294 0.387298 0.688673
0.132039 0.706464 0.861441
0.168544 0.499952 0.751649
0.18308 0.363992 0.385148
0.0674187 0.274478 0.603822
0.215776 0.737008 0.713938
0.277214 0.100355 0.29505
0.0898445 0.407874 0.0920759
0.103753 0.599954 0.587135
0.141774 0.493731 0.756159
0.0852468 0.420242 0.484358
0.125444 0.692747 0.85344
0.122979 0.379155 0.209531
0.198746 0.65189 0.613633
0.0747104 0.681047 0.685332
0.222483 0.548575 0.427512
0.072454 0.259656 0.597944
0.28136 0.313297 0.302591
0.243539 0.114174 0.90303
0.123188 0.42997 0.773485
0.262817 0.406267 0.245736
0.0912698 0.409707 0.418217
0.132145 0.588941 0.234783
0.165614 0.617222 0.896768
0.0636953 0.275045 0.0672732
0.108937 0.371071 0.273788
0.0751635 0.558647 0.580684
0.290111 0.184034 0.286116
0.159784 0.639871 0.554382
0.175479 0.345499 0.502911
0.166629 0.635438 0.88446
0.246571 0.468991 0.511908
0.0609556 0.0947217 0.0639101
0.0572507 0.482735 0.550441
0.196814 0.577296 0.44208
0.0462144 0.127477 0.0325521
0.0833392 0.531808 0.470286
0.130827 0.380991 0.194549
0.204522 0.689694 0.66291
0.173237 0.588297 0.141129
0.152326 0.648357 0.861985
0.0787695 0.56257 0.561442
0.0707022 0.487361 0.683904
0.20074 0.410926 0.193075
0.214667 0.772762 0.135861
0.251448 0.473799 0.670108
0.2436 0.543369 0.580225
0.185035 0.349018 0.512549
0.0495854 0.350556 0.673448
0.145088 0.474453 0.768145
0.158562 0.701236 0.904662
0.134135 0.38893 0.158785
0.0588046 0.429503 0.582778
0.0443471 0.398089 0.199211
0.181696 0.673808 0.0792869
0.0936874 0.404887 0.490528
0.112691 0.371966 0.312595
0.237946 0.453711 0.454289
0.0498997 0.224063 0.119247
0.1668 0.586127 0.283013
0.0931635 0.723139 0.650618
0.0570496 0.081556 0.626959
0.09958 0.410422 0.752479
0.259997 0.423402 0.266341
0.0611494 0.407285 0.304969
0.117594 0.328447 0.560208
0.143456 0.382936 0.279519
0.0488698 0.420633 0.254121
0.0950725 0.72599 0.7086
0.0850626 0.548546 0.229627
0.0573837 0.319866 0.209811
0.175916 0.58916 0.0847696
0.0650963 0.387533 0.715198
0.126553 0.719569 0.814323
0.142263 0.41532 0.114034
0.0999355 0.629621 0.71853
0.217155 0.632522 0.670991
0.0575152 0.152668 0.0838016
0.0965879 0.612575 0.706446
0.174188 0.341091 0.665833
0.148444 0.346331 0.463369
0.222443 0.806196 0.132893
0.206065 0.345202 0.739493
0.0703256 0.531658 0.64455
0.233587 0.772467 0.202479
0.0470942 0.322455 0.119556
0.222338 0.69026 0.64679
0.258857 0.694972 0.267221
0.109505 0.613122 0.553528
0.272911 0.140738 0.281585
0.248068 0.501476 0.523961
0.167894 0.781485 0.674891
0.169368 0.559048 0.763632
0.255399 0.440314 0.709657
0.258065 0.75746 0.249006
0.0791394 0.373428 0.718802
0.250911 0.290682 0.781812
0.0564509 0.189128 0.0566663
0.255697 0.74734 0.210252
0.166333 0.403849 0.763675
0.0916747 0.556999 0.213505
0.223578 0.268982 0.764357
0.224566 0.203928 0.830034
0.183496 0.700851 0.0256027
0.209343 0.671059 0.715125
0.058965 0.451194 0.140363
0.079783 0.682061 0.673029
0.144318 0.773694 0.663853
0.122366 0.333592 0.570353
0.248696 0.801219 0.219171
0.241641 0.546869 0.60925
0.250998 0.0621962 0.408212
0.0518158 0.405718 0.619756
0.06648 0.532637 0.619484
0.0797428 0.0835271 0.580929
0.1002 0.326225 0.669676
0.0661045 0.362563 0.106662
0.201087 0.756674 0.672633
0.0746864 0.512215 0.334423
0.242336 0.340623 0.331549
0.0950688 0.731084 0.651318
0.0479499 0.415185 0.2633
0.251023 0.4826 0.255046
0.0727047 0.0675791 0.600853
0.16343 0.61122 0.91054
0.236019 0.185027 0.886715
0.249743 0.31705 0.7387
0.132216 0.756905 0.647004
0.209559 0.653905 0.709341
0.129313 0.582854 0.167573
0.212856 0.355744 0.754994
0.208072 0.750932 0.762273
0.0879356 0.495395 0.713272
0.229923 0.570783 0.685899
0.254345 0.800688 0.219533
0.100002 0.63523 0.709086
0.263843 0.743092 0.232568
0.0810713 0.422351 0.738067
0.0905228 0.113076 0.613526
0.165068 0.623541 0.0342565
0.139144 0.342199 0.51112
0.144081 0.524012 0.103609
0.0806247 0.536898 0.31483
0.219614 0.406554 0.457413
0.157679  0.771 0.777458
0.283603 0.134266 0.28354
0.0812343 0.556207 0.696769
0.0899088 0.0744881 0.608999
0.0827775 0.427401 0.420358
0.234693 0.766467 0.209923
0.232342 0.760101 0.0881094
0.205071 0.573189 0.174131
0.0604964 0.46408 0.648301
0.199615 0.708217 0.646448
0.241518 0.435759 0.507168
0.251974 0.755591 0.193281
0.204304 0.383401 0.27021
0.0824974 0.147661 0.582937
0.250771 0.301959 0.759427
0.259621 0.180245 0.289613
0.184111 0.581888 0.760435
0.127063 0.64282 0.824651
0.113147 0.390437 0.132197
0.117042 0.573888 0.365345
0.0870459 0.555611 0.492978
0.207953 0.514145 0.726122
0.0459638 0.313738 0.655363
0.243338 0.356835 0.777465
0.249028 0.483616 0.672686
0.101613 0.649167 0.734172
0.22627 0.79679 0.0937009
0.210855 0.675414 0.730182
0.166302 0.642524 0.562632
0.104619 0.673872 0.786033
0.212454 0.395235 0.759523
0.170279 0.598817 0.0939019
0.0762017 0.442494 0.445469
0.229375 0.751723 0.0778728
0.0854039 0.54387 0.348444
0.247763 0.528857 0.572672
0.128137 0.392147 0.149288
0.0695799 0.674873 0.698511
0.108095 0.410899 0.101441
0.191144 0.724557 0.641779
0.0639488 0.0973442 0.62952
0.0934571 0.0633905 0.620853
0.239792 0.530347 0.270961
0.0927518 0.587321 0.550455
0.271929 0.783103 0.190613
0.108437 0.381395 0.371171
0.0863674 0.356591 0.246253
0.0838047 0.1245 0.58662
0.23678 0.501928 0.688036
0.0816096 0.571201 0.581023
0.0497232 0.472339 0.247936
0.263917 0.400218 0.682297
0.158575 0.630162 0.53292
0.227624 0.564868 0.628502
0.251876 0.327953 0.220897
0.172758 0.485192 0.762483
0.241175 0.538317 0.63276
0.23308 0.710065 0.68605
0.160678 0.584215 0.301921
0.174832 0.483729 0.761717
0.106132 0.382595 0.374228
0.105163 0.562118 0.737539
0.231086 0.208218 0.829428
0.216763 0.0955183 0.911564
0.0500376 0.336155 0.123455
0.121982 0.541958 0.749215
0.169466 0.772186 0.773898
0.143572 0.784638 0.733011
0.203991 0.428447 0.770961
0.0815174 0.550155 0.663541
0.254376 0.0670251 0.364626
0.16891 0.347003 0.460337
0.142376 0.340002 0.670641
0.0499646 0.415776 0.23071
0.0656583 0.503196 0.514133
0.20626 0.153834 0.895139
0.0830952 0.555598 0.652175
0.210822 0.72982 0.756635
0.0801613 0.391186 0.290308
0.201947 0.508288 0.732792
0.184782 0.625634 0.552568
0.162165 0.625331 0.852131
0.24834 0.403617 0.350786
0.242191 0.368789 0.602616
0.259102 0.430721 0.284468
0.244453 0.474027 0.39471
0.260785 0.431246 0.699557
0.210824 0.720008 0.0395815
