0.105696 0.511716 0.927741
0.0703365 0.164742 0.697452
0.0693474 0.495481 0.808599
0.173538 0.241676 0.740648
0.227231 0.252992 0.371533
0.0295291 0.399615 0.66024
0.118231 0.268262 0.180305
0.17865 0.196667 0.323553
0.23549 0.364524 0.56589
0.117417 0.37861 0.824977
0.207427 0.444416 0.591468
0.180009 0.16796 0.726546
0.0950228 0.469541 0.545017
0.0690052 0.448187 0.533602
0.130156 0.262714 0.155781
0.110636 0.288458 0.426347
0.170643 0.58012 0.898966
0.209959 0.15483 0.716235
0.140967 0.477971 0.600518
0.093126 0.397148 0.330346
0.105831 0.508768 0.928104
0.185521 0.0478092 0.722382
0.169561 0.279051 0.396385
0.208217 0.0328841 0.31822
0.238368 0.322146 0.706311
0.185923 0.262487 0.599709
0.0877375 0.249744 0.670982
0.0415342 0.330262 0.339844
0.0779065 0.0309642 0.741207
0.204323 0.0708662 0.715287
0.173174 0.253048 0.661945
0.226815 0.327662 0.640232
0.175942 0.591103 0.826956
0.133686 0.323464 0.0578709
0.0403826 0.302179 0.339979
0.184419 0.0314538 0.771983
0.135946 0.244262 0.596329
0.0735375 0.22223 0.684714
0.0684158 0.45444 0.604261
0.161149 0.583509 0.910743
0.141751 0.247076 0.730903
0.119419 0.312297 0.226083
0.0563762 0.366881 0.329775
0.0730632 0.501796 0.863206
0.204557 0.516835 0.835462
0.0869866 0.181936 0.316304
0.175542 0.522815 0.907628
0.234609 0.375579 0.651277
0.19144 0.393836 0.334536
0.0898125 0.513013 0.900412
0.044665 0.417316 0.576529
0.186843 0.111672 0.329293
0.0717322 0.547533 0.851993
0.125298 0.396895 0.307975
0.224024 0.2307 0.371549
0.046423 0.408648 0.488147
0.131522 0.472839 0.543811
0.14678 0.468066 0.438009
0.124001 0.369358 0.28252
0.049464 0.210122 0.378551
0.0379135 0.348909 0.745103
0.134905 0.266718 0.186058
0.174801 0.468781 0.546093
0.166893  0.279 0.360601
0.195182 0.112776 0.732932
0.0292306 0.417636 0.680293
0.0737305 0.025593 0.369308
0.224821 0.233958 0.378417
0.138326 0.264909 0.169187
0.185135 0.562152 0.852749
0.231186 0.339008 0.545073
0.188626 0.514989 0.768126
0.210791 0.0514128 0.331323
0.180296 0.23831 0.357099
0.09264 0.163455 0.304356
0.203345 0.445115 0.566086
0.212299 0.518304 0.824651
0.224589 0.281655 0.687703
0.238313 0.327048 0.693418
0.0522201 0.289712 0.322117
0.0958661 0.280269 0.363107
0.0604223 0.0362871 0.771763
0.182315 0.480683 0.677397
0.184159 0.558558 0.873138
0.0347905 0.371605 0.73912
0.0941486 0.483469 0.88479
0.139811 0.246067  0.589
0.210164 0.295141 0.31984
0.0469598 0.384962 0.470369
0.150357 0.282545 0.441348
0.0538469 0.239767 0.724391
0.228316 0.278088 0.696556
0.16931 0.587233 0.894551
0.0562485 0.294557 0.640007
0.111263 0.478616 0.616283
0.0724855 0.43761 0.421518
0.0745624 0.191969 0.3066
0.172671 0.10125 0.304957
0.116209 0.290701 0.11417
0.0800556 0.243592 0.332052
0.154357 0.470846 0.535771
0.229548 0.40821 0.608439
0.0899471 0.467195 0.534169
0.203593 0.0552517 0.75251
0.192337 0.525013 0.835852
0.144424 0.494376 0.914456
0.190878 0.123907 0.734274
0.0586777 0.446825 0.60809
0.0868903 0.553964 0.830227
0.13648 0.36122 0.319404
0.117473 0.532939 0.946146
0.198296 0.347518 0.307982
0.104215 0.471121 0.875777
0.0850983 0.424044 0.821868
0.193092 0.407504 0.80706
0.125314 0.606324 0.887103
0.0597225 0.389883 0.771784
0.21444 0.315293 0.322643
0.0962644 0.280153 0.360187
0.169522 0.270907 0.355603
0.224905 0.282914 0.352357
0.0787599 0.097846 0.736342
0.074264 0.510786 0.825266
0.190099 0.244106 0.317911
0.228694 0.30929 0.410286
0.0941015 0.597647 0.880307
0.226114 0.327426 0.525353
0.158333 0.595783 0.813798
0.114288 0.343415 0.294324
0.14693 0.334513 0.319111
0.126735 0.265613 0.139813
0.182234 0.223615 0.36268
0.227561 0.315702 0.600676
0.237681 0.33843 0.698176
0.171616 0.0446558 0.357092
0.180683 0.188946 0.311503
0.184458 0.449113 0.851478
0.0555997 0.541682 0.820531
0.185428 0.465543 0.867354
0.076264 0.277628 0.426572
0.202134 0.305567 0.767866
0.113268 0.406064 0.843088
0.189506 0.467893 0.638899
0.107942 0.0508653 0.759303
0.120131 0.615627 0.845192
0.190069 0.438936 0.437521
0.1176 0.595157 0.808691
0.201213 0.562916 0.85791
0.0804331 0.514122 0.883236
0.0888448 0.179403 0.698022
0.123578 0.243655 0.701261
0.160329 0.335493 0.814088
0.182402 0.269772 0.664113
0.119194 0.308362 0.223639
0.201595 0.418611 0.404017
0.210967 0.397667 0.44773
0.0497942 0.26616 0.734777
0.146126 0.330868 0.818071
0.0524063 0.388912 0.365365
0.047973 0.224603 0.334786
0.222709 0.447341 0.70175
0.225773 0.443483 0.702879
0.177989 0.466629 0.558037
0.0686448 0.469354 0.705612
0.193866 0.508907 0.854496
0.0363953 0.266043 0.371499
0.111682 0.246562 0.727878
0.166347 0.410779 0.336894
0.04249 0.308534 0.575678
0.119748 0.49457 0.886452
0.176533 0.0295146 0.328204
0.0880405 0.17819 0.697334
0.165114 0.553584 0.781142
0.212694 0.311437 0.455697
0.0962059 0.105755 0.726545
0.166244 0.297803 0.329536
0.139001 0.348804 0.264068
0.0512731 0.403357 0.436704
0.187627 0.262893 0.404611
0.209497 0.18824 0.341959
0.0915102 0.467346 0.51674
0.100328 0.470139 0.554699
0.223269 0.22902 0.361973
0.121763 0.560741 0.922142
0.181104 0.0646803 0.332096
0.0329445 0.374494 0.567795
0.0269105 0.369479 0.685332
0.175873 0.035157 0.782093
0.104934 0.251762 0.632521
0.113717 0.0368509 0.767262
0.14357 0.300708 0.403784
0.201344 0.390955 0.791988
0.197757 0.287609 0.460897
0.185162 0.45608 0.504227
0.0593972 0.282477 0.612042
0.0529407 0.186933 0.334809
0.143038 0.471715 0.531189
0.198624 0.140343 0.301061
0.213141 0.447256 0.625415
0.16425 0.286388 0.368824
0.186455 0.159071 0.335208
0.167404 0.258491 0.660571
0.0684768 0.525976 0.857457
0.080907 0.25693 0.337649
0.221004 0.304426 0.749822
0.0957173 0.225467 0.725059
0.0660679 0.57107 0.82476
0.225726 0.293721 0.416196
0.171462 0.429345 0.360989
0.179239 0.517061 0.755401
0.133013 0.249177 0.736564
0.1486 0.472103 0.555555
0.0913417 0.198232 0.697815
0.198513 0.113097 0.701041
0.102508 0.291666 0.414609
0.137716 0.525709 0.730054
0.0812677 0.0382289 0.78173
0.163033 0.572132 0.905385
0.113064 0.471527 0.564626
0.0943757 0.0938639 0.709088
0.0354624 0.27433 0.381277
0.178408 0.430417 0.842515
0.196777 0.287552 0.763598
0.048728 0.199114 0.359354
0.0979772 0.473045 0.597918
0.123252 0.492822 0.95151
0.0556036 0.274422 0.318348
0.0479871 0.412631 0.489798
0.165821 0.0311451 0.748022
0.212675 0.277044 0.745661
0.179865 0.226428 0.353578
0.0664537 0.240952 0.677972
0.199576 0.28678 0.504582
0.0478114 0.0362338 0.377224
0.115982 0.614394 0.840801
0.0337431 0.401273 0.625347
0.117955 0.603811 0.891297
0.164962 0.421343 0.346133
0.0800791 0.463556 0.599911
0.0960901 0.234033 0.733829
0.0515601 0.304256 0.512286
0.163697 0.55241 0.774823
0.164085 0.607066 0.844666
0.13681 0.450769 0.372101
0.177445 0.464709 0.523465
0.104584 0.282901 0.781931
0.221864 0.305382 0.601228
0.135626 0.267169 0.186134
0.0775198 0.0469067 0.35246
0.175748 0.143909 0.321437
0.177347 0.0578183 0.310516
0.0598719 0.025593 0.376398
0.0676783 0.524015 0.845038
0.046153 0.384675 0.400917
0.185788 0.0375466 0.726729
0.055284 0.025593 0.366337
0.0716429 0.284117 0.472306
0.226863 0.244301 0.366945
0.104651 0.498294 0.895174
0.165742 0.277998 0.472758
0.200734 0.0864169 0.706423
0.171479 0.0920203 0.713662
0.0709482 0.473156 0.852368
0.149057 0.304777 0.801798
0.092261 0.284087 0.418895
0.176785 0.267065 0.529153
0.0394469 0.286944 0.421988
0.0353471 0.297204 0.370096
0.195712 0.394191 0.3429
0.0404761 0.323308 0.520947
0.193476 0.107412 0.30006
0.193943 0.499024 0.768046
0.0782391 0.271425 0.326292
0.114967 0.246043 0.609502
0.102685 0.600212 0.868179
0.194696 0.518038 0.829886
0.0616123 0.149511 0.706115
0.185703 0.456273 0.862213
0.0775741 0.205066 0.686991
0.206769 0.438848 0.803224
0.224122 0.39876 0.75254
0.159103 0.582697 0.917181
0.179786 0.239216 0.355182
0.0390282 0.388078 0.517848
0.0948218 0.534936 0.768448
0.0902849 0.336209 0.304999
0.059782 0.0621439 0.316797
0.040908 0.30953 0.438864
0.145813 0.318811 0.358097
0.207879 0.321507 0.314434
0.126533 0.473837 0.584145
0.102149 0.253394 0.582787
0.22244 0.42305 0.742275
0.184248 0.480284 0.687725
0.0712182 0.461234 0.84233
0.23485 0.378697 0.641224
0.106103 0.557262 0.916337
0.0878195 0.584313 0.850785
0.0723424 0.025593 0.373638
0.137019 0.249991 0.55545
0.0299737 0.35336 0.695652
0.171285 0.113682 0.302021
0.0586794 0.54962 0.830783
0.209075 0.0901341 0.722502
0.192852 0.506333 0.771247
0.0396818 0.404018 0.537904
0.144895 0.248009 0.665015
0.211034 0.437557 0.588212
0.141536 0.286914 0.21821
0.220214 0.3473 0.354826
0.174475 0.151327 0.723226
0.035457 0.319179 0.404018
0.215045 0.314834 0.465423
0.199241 0.283734 0.758778
0.13971 0.479164 0.923736
0.0408705 0.277664 0.722071
0.221106 0.305664 0.335411
0.0468433 0.445163 0.660507
0.107764 0.38455 0.823427
0.0393628 0.359002 0.428624
0.0761981 0.263292 0.404811
0.101453 0.310686 0.796889
0.0357619 0.276481 0.373744
0.0555455 0.0483859 0.768685
0.0498526 0.389107 0.463056
0.096126 0.251841 0.676599
0.105434 0.301346 0.376759
0.0479574 0.553577 0.821162
0.21351 0.34995 0.32791
0.234157 0.375983 0.563277
0.0986209 0.593962 0.876409
0.23605 0.363975 0.660174
0.171756 0.598876 0.874793
0.101521 0.598868 0.875973
0.132684 0.312252 0.213177
0.116707 0.332774 0.290776
0.203407 0.479098 0.803374
0.147087 0.481462 0.90736
0.154589 0.321626 0.320873
0.105588 0.604296 0.828393
0.195284 0.261562 0.666424
0.224047 0.275192 0.411166
0.188534 0.517831 0.894218
0.1753 0.60565 0.829007
0.192311 0.025762 0.373888
0.0661611 0.283648 0.648221
0.218768 0.417835 0.544791
0.207854 0.579302 0.822732
0.185751 0.556653 0.844174
0.173828 0.0594108 0.744788
0.0684518 0.118716 0.326841
0.199087 0.283978 0.517888
0.0558135 0.409238 0.455768
0.213284 0.452993 0.647919
0.183627 0.104287 0.732044
0.165177 0.448912 0.395623
0.167864 0.279939 0.370441
0.0580651 0.573936 0.821262
0.0504718 0.432415 0.618772
0.060188 0.287508 0.527737
0.231697 0.330259 0.596504
0.0624741 0.441427 0.528604
0.226177 0.258109 0.361535
0.0769592 0.277886 0.511059
0.160163 0.559699 0.907039
0.223202 0.358906 0.431498
0.0520954 0.238635 0.327044
0.14525 0.345018 0.269733
0.0418702 0.408064 0.541095
0.119667 0.421766 0.851455
0.197443 0.29065 0.448049
0.0887846 0.547798 0.816965
0.0805122 0.26923 0.548031
0.0415942 0.336276 0.341919
0.219685 0.277548 0.336386
0.189769 0.172283 0.343649
0.131663 0.331875 0.352219
0.0660272 0.474266 0.777555
0.196504 0.387404 0.797738
0.0375466 0.433056 0.710675
0.0668292 0.042289 0.376903
0.209369 0.0256322 0.375698
0.239637 0.375248 0.718266
0.0875857 0.465825 0.561159
0.0881592 0.127598 0.701064
0.0932862 0.259636 0.566224
0.23191 0.33029 0.598814
0.138281 0.244832 0.646314
0.0929264 0.595929 0.841681
0.0633579 0.391187 0.778575
0.0425121 0.0261591 0.355197
0.0669273 0.17433 0.729876
0.152786 0.319574 0.808418
0.184639 0.270485 0.536385
0.11123 0.387569 0.31406
0.0959215 0.124433 0.707427
0.207818 0.184991 0.331281
0.0794943 0.458253 0.551302
0.202592 0.442211 0.526006
0.0851534 0.0744036 0.312794
0.148929 0.278893 0.450855
0.0690767 0.277605 0.545999
0.093737 0.274741 0.487842
0.20028 0.309944 0.772297
0.20405 0.318385 0.773054
0.223405 0.400267 0.511893
0.0377863 0.259156 0.355364
0.0702322 0.211748 0.688229
0.0944665 0.477297 0.64878
0.179708 0.264228 0.555093
0.138949 0.476431 0.92767
0.237611 0.352511 0.594116
0.077725 0.508971 0.777118
0.09534 0.599067 0.880288
0.195796 0.242849 0.3985
0.0791252 0.520579 0.843345
0.0521713 0.301042 0.6384
0.198185 0.574527 0.830528
0.17902 0.420391 0.831515
0.176883 0.0439263 0.321584
0.193216 0.471536 0.668206
0.210753 0.175323 0.710126
0.194992 0.462708 0.629836
0.218844 0.436287 0.634683
0.03788 0.413551 0.731664
0.0714303 0.0314835 0.324732
0.128172 0.467932 0.428811
0.0683757 0.287162 0.460965
0.241761 0.382196 0.71055
0.0541341 0.279895 0.676024
0.0389501 0.35211 0.434035
0.237734 0.338555 0.691424
0.0567285 0.269108 0.744558
0.089064 0.483223 0.694848
0.132853 0.370916 0.829129
0.206762 0.398554 0.778877
0.188201 0.149144 0.289602
0.0369272 0.247341 0.385156
0.0859116 0.132655 0.299595
0.218109 0.213118 0.360953
0.0562963 0.175085 0.331262
0.0741846 0.579246 0.824488
0.203065 0.249594 0.414622
0.0801689 0.526294 0.830718
0.158374 0.296104 0.359963
0.207849 0.243292 0.322677
0.165333 0.300522 0.328719
0.121902 0.578496 0.921928
0.0709394 0.503519 0.80632
0.135445 0.455049 0.881323
0.0568515 0.031891 0.74024
0.0503755 0.338479 0.322814
0.0912172 0.0311281 0.752952
0.057748 0.408584 0.384801
0.0411169 0.393346 0.508427
0.0390775 0.245697 0.351313
0.11215 0.32119 0.807956
0.171907 0.275417 0.396103
0.131286 0.484708 0.896153
0.23568 0.359082 0.635629
0.13624 0.486099  0.899
0.0584981 0.546823 0.840878
0.039467 0.407314 0.566295
0.202665 0.434515 0.805122
0.0862428 0.162461 0.729721
0.0794646 0.190031 0.313612
0.0719117 0.506909 0.80268
0.071353 0.15745 0.696927
0.186218 0.394959 0.809866
0.0430821 0.32427 0.330782
0.232213 0.344935 0.544898
0.196792 0.481231 0.7436
0.127663 0.527317 0.971078
0.116942 0.458948 0.396777
0.224664 0.342749 0.390535
0.0785179 0.271995 0.760883
0.109143 0.611118 0.844306
0.172418 0.133543 0.71214
0.147857 0.248543 0.583269
0.11452 0.470255 0.483553
0.195368 0.130853 0.732118
0.173844 0.559967 0.903477
0.203119 0.291704 0.668069
0.190539 0.158379 0.333775
0.175298 0.0355932 0.330228
0.0408748 0.371287 0.753488
0.0853797 0.086251 0.324997
0.157875 0.296913 0.356721
0.223475 0.312615 0.435019
0.18082 0.463143 0.539475
0.102827 0.485294 0.905283
0.220142 0.357063 0.374691
0.159608 0.596113 0.815237
0.168977 0.57386 0.805744
0.0747293 0.268942 0.584628
0.116561 0.288958 0.108255
0.206953 0.45519 0.73666
0.206684 0.265345 0.667177
0.168704 0.0333077 0.33981
0.186912 0.454588 0.504415
0.080495 0.0371823 0.728023
0.145246 0.481201 0.622768
0.0737861 0.162765 0.692748
0.0511191 0.297467 0.543768
0.0861839 0.533743 0.79405
0.174436 0.498957 0.89202
0.132663 0.600887 0.808873
0.0656365 0.0496277 0.770932
0.20309 0.473969 0.764145
0.0916732 0.301949 0.787091
0.141461 0.438576 0.355797
0.101066 0.293095 0.36891
0.114934 0.357343 0.309977
0.0794389 0.347929 0.305071
0.126129 0.569614 0.922204
0.184079 0.265564 0.638537
0.211441 0.419072 0.772294
0.0646633 0.229422 0.732625
0.116789 0.281792 0.115743
0.0807708 0.0558699 0.309524
0.203172 0.47838 0.790144
0.137469  0.302 0.193221
0.116462 0.307248 0.232751
0.0314408 0.400784 0.655825
0.162838 0.26632 0.514155
0.0729094 0.237089 0.320411
0.16051 0.60818 0.827377
0.227025 0.382064 0.519671
0.133817 0.582399 0.918516
0.0927052 0.154208 0.311659
0.0496928 0.326998 0.321731
0.235372 0.381517 0.579161
0.189486 0.568643 0.871737
0.149872 0.480049 0.912396
0.0363961 0.36089 0.509871
0.0441957 0.21317 0.375806
0.188209 0.389259 0.327905
0.0731767 0.49624 0.783141
0.0594965 0.462558 0.671596
0.139852 0.504972 0.964973
0.0684559 0.286475 0.495676
0.108749 0.566444 0.906008
0.188985 0.237616 0.673809
0.0914403 0.148685 0.726948
0.199059 0.237631 0.738316
0.0912515 0.494461 0.893471
0.219409 0.320569 0.329919
0.11702 0.286816 0.433512
0.0804968 0.325298 0.789601
0.122354 0.28384 0.786071
0.226169 0.336982 0.407787
0.0710811 0.459167 0.830667
0.112093 0.0380839 0.755611
0.214558 0.385522 0.460911
0.0697882 0.285757 0.487694
0.189796 0.459485 0.853312
0.0940035 0.517113 0.904466
0.181998 0.602808 0.865198
0.138771 0.349461 0.308559
0.212512 0.0313857 0.758153
0.210855 0.191407 0.353435
0.0737965 0.27124 0.625941
0.0624852 0.124696 0.30362
0.111743 0.334887 0.814477
0.0388096 0.315869 0.354306
0.0563695 0.416996 0.436356
0.210795 0.534897 0.823309
0.216984 0.338013 0.453297
0.0752538 0.129672 0.696102
0.20643 0.328622 0.77354
0.111927 0.527594 0.939844
0.194804 0.417357 0.374147
0.0880134 0.101917 0.31279
0.223103 0.333549 0.495434
0.0475048 0.41631 0.529954
0.0724659 0.329254 0.783546
0.030335 0.359596 0.577194
0.232249 0.301011 0.728731
0.077062 0.173838 0.293088
0.0646151 0.208352 0.729979
0.036009 0.239201 0.375474
0.0524765 0.424325 0.526712
0.025462 0.39128 0.705552
0.225032 0.433728 0.731502
0.218407 0.371989 0.465038
0.169005 0.570987 0.903922
0.178011 0.439616 0.853867
0.203195 0.494964 0.817866
0.0564141 0.2883 0.749402
0.0630905 0.219888 0.315832
0.223213 0.355074 0.39525
0.0872218 0.267232 0.533774
0.129118 0.361137 0.32117
0.0930222 0.573823 0.889215
0.222723 0.325592 0.442187
0.201308 0.232318 0.682115
0.0635838 0.0788335 0.316245
0.17896 0.293466 0.782564
0.174505 0.263229 0.659387
0.197135 0.378826 0.794955
0.0560141 0.286639 0.614652
0.189221 0.527662 0.792974
0.0297865 0.381137 0.662644
0.0765291 0.331546 0.788019
0.0712575 0.158865 0.290964
0.0590159 0.409645 0.76762
0.137319 0.301204 0.117698
0.0748824 0.265019 0.408715
0.146008 0.314038 0.258654
0.219337 0.263116 0.687281
0.220153 0.429541 0.740588
0.243408 0.375469 0.677696
0.15672 0.529017 0.950203
0.0542858 0.391899 0.365548
0.076665 0.515894 0.866513
0.213349 0.322094 0.32231
0.204241 0.463667 0.814345
0.180868 0.13828 0.291115
0.126625 0.417967 0.853135
0.0587175 0.167007 0.318307
0.0769791 0.473956 0.673417
0.0581832 0.242605 0.412227
0.112972 0.338843 0.284417
0.0526498 0.293393 0.617316
0.0616391 0.140634 0.72302
0.0831128 0.187641 0.343107
0.0978586 0.59548 0.856017
0.126438 0.317557 0.0925698
0.187224 0.457577 0.85699
0.21378 0.0322453 0.739185
0.0317128 0.354936 0.626826
0.212105 0.436479 0.788765
0.03065 0.373815 0.619331
0.190912 0.417968 0.366358
0.127679 0.50921 0.965295
0.0809093 0.528255 0.82512
0.234279 0.397907 0.62599
0.225024 0.330295 0.424825
0.129575 0.362196 0.324972
0.0911124 0.285434 0.443552
0.063222 0.0454653 0.35785
0.0296153 0.365399 0.597751
0.095392 0.0314294 0.773817
0.120862 0.347147 0.305227
0.199513 0.487604 0.847633
0.119337 0.316437 0.22982
0.197741 0.0779002 0.329964
0.152778 0.368702 0.316342
0.196794 0.145748 0.694958
0.0621455 0.144885 0.706203
0.211706 0.561467 0.839626
0.133544 0.408515 0.319347
0.0428983 0.318994 0.511011
0.178411 0.45758 0.467582
0.183505 0.0363127 0.320151
0.222382 0.377923 0.483846
0.194542 0.15739 0.329876
0.186229 0.484153 0.720345
0.0963449 0.54669 0.786543
0.186911 0.0312209 0.760476
0.138931 0.329265 0.820767
0.172719 0.49375 0.912788
0.185446 0.459319 0.543591
0.224436 0.345927 0.419269
0.105731 0.467712 0.443872
0.19592 0.489832 0.76095
0.163457 0.281381 0.454115
0.0595614 0.324965 0.770324
0.160237 0.0418227 0.772285
0.0639072 0.151981 0.322055
0.106307 0.294913 0.40892
0.0521958 0.437391 0.738066
0.204361 0.28867 0.440978
0.11854 0.301745 0.212462
0.0502779 0.439024 0.734826
0.180955 0.277927 0.481844
0.21163 0.40293 0.768124
0.183197 0.210497 0.320736
0.0517972 0.426464 0.554996
0.17561 0.591376 0.879052
0.168505 0.469928 0.546112
0.184746 0.174339 0.729578
0.0651944 0.113782 0.729076
0.0827186 0.538061 0.848438
0.103953 0.250338 0.687293
0.22023 0.546358 0.829753
0.0720263 0.524112 0.855396
0.0980686 0.508462 0.732009
0.183604 0.406897 0.819204
0.186218 0.0431445 0.783965
0.127089 0.32043 0.223997
0.180414 0.592347 0.854699
0.0762487 0.188199 0.734356
0.0652231 0.144065 0.321181
0.0877432 0.10254 0.321513
0.104682 0.607824 0.878954
0.217863 0.308913 0.651168
0.202172 0.167814 0.30674
0.145331 0.481101 0.924782
0.182332 0.0845988 0.735851
0.237278 0.318571 0.713781
0.065268 0.15748 0.727682
0.185558 0.397753 0.33604
0.230003 0.033027 0.348523
0.0887534 0.520948 0.900668
0.0484409 0.333525 0.324714
0.227046 0.329517 0.411214
0.178198 0.543319 0.909773
0.156049 0.504518 0.95389
0.125063 0.472532 0.555282
0.0382428 0.351445 0.418407
0.0956652 0.593089 0.839861
0.192456 0.264207 0.318848
0.239963 0.355242 0.696967
0.0958345 0.46962 0.545627
0.218886 0.301931 0.553136
0.179803 0.189275 0.314366
0.236018 0.381545 0.615056
0.1841 0.262217 0.66515
0.0439358 0.368551 0.391095
0.17972 0.147756 0.325072
0.128728 0.614572 0.860799
0.126113 0.441162 0.3594
0.059603 0.43348 0.50032
0.0384371 0.336755 0.379125
0.130677 0.289949 0.253141
0.217171 0.440588 0.634187
0.0984633 0.598818 0.883165
0.118623 0.567155 0.921805
0.179671 0.590839 0.868171
0.0728716 0.24545 0.39282
0.175324 0.456176 0.438678
0.208487 0.459163 0.659646
0.0346184 0.28588 0.396357
0.115024 0.320942 0.276751
0.0931499 0.377963 0.31531
0.151261 0.357267 0.31501
0.151071 0.265713 0.507397
0.214072 0.295034 0.626737
0.208762 0.0309455 0.736173
0.064566 0.284803 0.522084
0.104153 0.469752 0.488748
0.196133 0.439907 0.821991
0.0386581 0.234135 0.386086
0.233161 0.332563 0.605863
0.158501 0.0410003 0.757114
0.219683 0.0338417 0.770032
0.137973 0.307082 0.0708167
0.223083 0.332044 0.496816
0.0466595 0.387623 0.421156
0.153668 0.488784 0.948305
0.193957 0.0313752 0.773112
0.216344 0.208872 0.350216
0.20791 0.438241 0.80063
0.146122 0.2457 0.624256
0.104685 0.236366 0.725723
0.158947 0.566974 0.789154
0.179567 0.482525 0.88243
0.0611424 0.363902 0.315912
0.0683803 0.205314 0.731631
0.236199 0.348027 0.592121
0.118417 0.357051 0.312818
0.0905041 0.257128 0.603306
0.168839 0.147536 0.317142
0.200508 0.242585 0.739853
0.0631184 0.556626 0.834597
0.198748 0.121521 0.700532
0.134174 0.471927 0.508438
0.201667 0.121742 0.703326
0.0994306 0.471558 0.588229
0.226652 0.283383 0.361669
0.199579 0.0506614 0.721766
0.233745 0.347452 0.566233
0.161965 0.592087 0.81437
0.040221 0.361693 0.405116
0.164462 0.270047 0.50172
0.195453 0.449585 0.53639
0.0337701 0.322282 0.722845
0.0911575 0.369796 0.310368
0.199369 0.431472 0.46022
0.139596 0.290847 0.133744
0.0974929 0.188569 0.708733
0.0514938 0.403949 0.418513
0.203828 0.50958 0.832624
0.187237 0.149888 0.32795
0.232569 0.426471 0.71199
0.105013 0.345859 0.311125
0.199143 0.511983 0.869436
0.215918 0.342437 0.455105
0.155843 0.352787 0.30934
0.105398 0.48705 0.922803
0.0504412 0.318905 0.453993
0.127334 0.52546 0.732167
0.198313 0.338484 0.305068
0.146966 0.389687 0.836617
0.214476 0.301949 0.648686
0.227115 0.317874 0.620762
0.0407568 0.27744 0.721365
0.151437 0.576329 0.921588
0.166843 0.443037 0.376622
0.115696 0.404952 0.843696
0.0668601 0.114177 0.706115
0.167482 0.450438 0.404568
0.0431505 0.382724 0.484356
0.238913 0.316819 0.685531
0.126333 0.292341 0.425244
0.13151 0.325664 0.0559059
0.168589 0.51164 0.926942
0.0630623 0.190979 0.700032
0.0695533 0.140136 0.73118
0.179249 0.175282 0.295025
0.0339257 0.305046 0.721425
0.11288 0.251591 0.658915
0.184519 0.460151 0.543488
0.0515878 0.190895 0.35642
0.236387 0.35434 0.622104
0.171877 0.482475 0.661819
0.072988 0.108517 0.297667
0.0774386 0.518537 0.837462
0.0316689 0.379774 0.587788
0.234142 0.351352 0.558604
0.235278 0.430525 0.681127
0.0697969 0.470612 0.704782
0.139574 0.468073 0.901335
0.192904 0.283969 0.765802
0.188938 0.146406 0.732669
0.128322 0.308257 0.19539
 0.233 0.350396 0.639936
0.175855 0.497902 0.907265
0.173008 0.432722 0.366536
0.0863609 0.513535 0.760865
0.164622 0.235796 0.71867
0.145387 0.278136 0.454585
0.118258 0.48448 0.943687
0.230518 0.356194 0.523186
0.147628 0.343622 0.317288
0.163557 0.237756 0.721137
0.0742382 0.450657 0.490985
0.22111 0.416856 0.561606
0.0453997 0.319341 0.647966
0.208053 0.20403 0.324785
0.214327 0.429751 0.746432
0.20477 0.187737 0.698094
0.0368188 0.391058 0.54266
0.0311542 0.378077 0.726376
0.0697648 0.177345 0.731276
0.0765233 0.437297 0.821482
0.157901 0.0349579 0.761182
0.182949 0.462732 0.563941
0.0490464 0.389938 0.388572
0.137461 0.53236 0.737323
0.0872674 0.536221 0.797819
0.0666049 0.525836 0.840077
0.177231 0.154493 0.289879
0.116685 0.335614 0.293255
0.194814 0.430427 0.416411
0.112527 0.273742 0.778451
0.0624795 0.187464 0.310295
0.229399 0.408004 0.591487
0.205659 0.207101 0.321241
0.111493 0.0315183 0.757183
0.216354 0.314452 0.449849
0.0261252 0.369225 0.675666
0.220023 0.418429 0.560122
0.185028 0.268538 0.649494
0.0576811 0.27759 0.670237
0.236733 0.377728 0.60904
0.0935449 0.585786 0.870477
0.13296 0.553132 0.761444
0.0734694 0.216585 0.36973
0.223288 0.266551 0.3463
0.181456 0.265123 0.55538
0.114794 0.313692 0.261175
0.195465 0.0421131 0.375705
0.187825 0.539208 0.830949
0.212503 0.0312644 0.751125
0.189833 0.438687 0.420981
0.134204 0.469767 0.940778
0.0382461 0.391676 0.52915
0.0745762 0.455695 0.583692
0.172126 0.293118 0.321759
0.17181 0.543965 0.777353
0.120507 0.48627 0.662238
0.145644 0.564128 0.923349
0.0615787 0.291671 0.483737
0.120343 0.266892 0.181512
0.228495 0.316688 0.577411
0.159195 0.395003 0.834416
0.145051 0.318377 0.27471
0.224912 0.308357 0.356732
0.103531 0.0311721 0.753146
0.057841 0.289078 0.536531
0.107462 0.47427 0.598999
0.178439 0.223867 0.331476
0.10397 0.0530198 0.748768
0.12724 0.489585 0.895383
0.224298 0.252813 0.393536
0.0977565 0.191439 0.706892
0.152848 0.468413 0.922659
0.116176 0.289506 0.112049
0.0888258 0.329086 0.306458
0.210625 0.456246 0.755001
0.0597327 0.172763 0.309594
0.192806 0.465373 0.632789
0.116797 0.485229 0.927848
0.125485 0.509996 0.857518
0.20796 0.226606 0.728272
0.105507 0.276635 0.471644
0.039506 0.28524 0.725324
0.156355 0.442139 0.368818
0.179155 0.359327 0.305081
0.0772268 0.200117 0.356058
0.236988 0.365954 0.623288
0.202224 0.0500878 0.351667
0.142437 0.500981 0.959741
0.125548 0.244922 0.60075
0.0957757 0.510073 0.906551
0.106297 0.261069 0.761765
0.118562 0.302203 0.107587
0.226052 0.401916 0.749096
0.0850783 0.462246 0.522976
0.0433404 0.320125 0.329663
0.164281 0.25106 0.742556
0.169517 0.226942 0.708105
0.141112 0.283365 0.211642
0.198927 0.398605 0.355608
0.205618 0.0440518 0.366995
0.152147 0.261043 0.524523
0.0708031 0.403194 0.794857
0.138915 0.344226 0.2597
0.229088 0.323106 0.558771
0.070633 0.549527 0.860763
0.080171 0.518558 0.859722
0.181868 0.598811 0.872145
0.198073 0.491527 0.841572
0.172232 0.603006 0.840509
0.117498 0.291116 0.130882
0.194544 0.383668 0.327737
0.084803 0.466239 0.593249
0.0667198 0.275476 0.612536
0.144006 0.325105 0.350431
0.178155 0.467872 0.869974
0.0662155 0.155032 0.328577
0.094969 0.46915 0.500157
0.0940717 0.546921 0.792385
0.164552 0.480796 0.650604
0.115356 0.363012 0.820765
0.0638315 0.130564 0.312904
0.223642 0.401547 0.514582
0.178128 0.532257 0.767938
0.0581148 0.451617 0.634651
0.181484 0.260889 0.593214
0.197222 0.110687 0.323633
0.112969 0.342323 0.28762
0.0602771 0.24519 0.68348
0.217371 0.210625 0.370715
0.044197 0.444825 0.706257
0.21495 0.0312855 0.751758
0.211427 0.183287 0.7177
0.0954212 0.562973 0.902428
0.171152 0.315022 0.797554
0.117556 0.307493 0.0852164
0.120096 0.360614 0.316689
0.243628 0.381854 0.690356
0.106177 0.249011 0.738712
0.134405 0.293903 0.0755025
0.0742235 0.0513042 0.353782
0.195497 0.0526535 0.344179
0.224357 0.247954 0.702388
0.0324654 0.380676 0.635394
0.205725 0.232928 0.402799
0.0712064 0.50392 0.809169
0.165918 0.284442 0.388811
0.037766 0.0280526 0.333876
0.0392838 0.378041 0.501788
0.150824 0.323201 0.810978
0.0844253 0.0488617 0.779836
0.21803 0.21295 0.358243
0.109538 0.315739 0.804048
0.21486 0.549276 0.828139
0.176143 0.0755328 0.71209
0.1336 0.311698 0.0416821
0.0343439 0.388235 0.733051
0.160312 0.345312 0.816321
0.131935 0.309759 0.278177
0.0572798 0.533695 0.828438
0.215024 0.399488 0.471382
0.124716 0.560864 0.773821
0.19442 0.45383 0.580182
0.0820021 0.460634 0.555683
0.207781 0.295474 0.511232
0.124792 0.466361 0.416773
0.0374921 0.351788 0.65668
0.0852688 0.0900775 0.735236
0.0304357 0.346645 0.6852
0.0688074 0.110966 0.328211
0.0579526 0.439982 0.580952
0.16362 0.247558 0.693269
0.106917 0.303352 0.384474
0.167157 0.576299 0.805628
0.178767 0.0999067 0.298939
0.0608304 0.228122 0.696287
0.131077 0.609169 0.879177
0.20193 0.0600404 0.33437
0.171346 0.187674 0.702941
0.222361 0.339777 0.364673
0.168611 0.142833 0.309046
0.239639 0.417273 0.681547
0.187676 0.271948 0.656853
0.0618792 0.0448564 0.359064
0.18568 0.146818 0.730718
0.098005 0.492675 0.695861
0.140432 0.569361 0.922324
0.23889 0.35923 0.714492
0.221355 0.449213 0.704846
0.121685 0.304896 0.201378
0.0841105 0.210549 0.686179
0.0997011 0.593408 0.883458
0.0386712 0.349263 0.396498
0.213612 0.551293 0.840318
0.0871101 0.0925226 0.310881
0.218461 0.0483014 0.749799
0.223939 0.382098 0.492995
0.0425528 0.350959 0.353915
0.0638283 0.45974 0.797895
0.193813 0.520333 0.828622
0.068298 0.0252251 0.345742
0.233906 0.36553 0.550998
0.187792 0.109373 0.296302
0.0429091 0.217445 0.364727
0.130046 0.550741 0.931042
0.200081 0.0797946 0.73712
0.219902 0.452468 0.677363
0.0496844 0.321894 0.455858
0.221972 0.269987 0.34174
0.120465 0.263494 0.763902
0.0767684 0.0425136 0.786146
0.200879 0.461171 0.641948
0.0948238 0.305724 0.321463
0.0480858 0.310433 0.644197
0.235611 0.393358 0.59234
0.132903 0.505485 0.964838
0.109293 0.376596 0.319933
0.0555823 0.222601 0.706627
0.0455861 0.433209 0.649373
0.14553 0.283294 0.442175
0.0760348 0.256028 0.398052
0.04132 0.381049 0.490694
0.165954 0.499121 0.935132
0.0619116 0.280998 0.56114
0.0460955 0.041353 0.371489
0.0374874 0.382358 0.523672
0.238398 0.420482 0.692979
0.0428635 0.357905 0.380678
0.217329 0.368583 0.458373
0.158169 0.496054 0.948732
0.203336 0.143422 0.728392
0.10222 0.35427 0.307048
0.210917 0.303961 0.453541
0.12215 0.245416 0.636745
0.136301 0.588035 0.91284
0.129866 0.304339 0.0508556
0.231536 0.366769 0.75046
0.127188 0.325942 0.0733201
0.12979 0.467423 0.420842
0.169952 0.227748 0.715391
0.0413206 0.359483 0.481827
0.138243 0.337274 0.252027
0.0784937 0.185605 0.304635
0.191105 0.476603 0.688476
0.132769 0.344813 0.337252
0.0897683 0.169148 0.699543
0.103584 0.577002 0.903947
0.133964 0.486222 0.908237
0.1162 0.54145 0.7539
0.161237 0.498993 0.701993
0.0482638 0.200463 0.361984
0.192702 0.0416209 0.783186
0.195508 0.0706737 0.742858
0.225405 0.24872 0.384603
0.0521818 0.423965 0.527935
0.127836 0.289695 0.251435
0.157091 0.279387 0.455625
 0.151 0.399122 0.32473
0.182515 0.383213 0.320932
0.14432 0.481019 0.912337
0.0624461 0.279577 0.596491
0.126548 0.482245 0.626985
0.151005 0.479215 0.916447
0.0816085 0.460589 0.567533
0.18136 0.0623303 0.333353
0.0675099 0.266215 0.749379
0.0907848 0.564767 0.824639
0.0856664 0.550355 0.836082
0.209902 0.451677 0.780375
0.147717 0.325956 0.328722
0.201676 0.254808 0.744832
0.125764 0.491486 0.919023
0.0368853 0.413092 0.651613
0.169796 0.36574 0.307068
0.0469571 0.204923 0.362465
0.0832524 0.150809 0.326267
0.125721 0.292092 0.252346
0.0987553 0.224956 0.70647
0.216628 0.29801 0.582536
0.177707 0.107087 0.705494
0.235057 0.34801 0.620814
0.0574669 0.393004 0.360115
0.183304 0.479718 0.676091
0.106537 0.280931 0.449198
0.221985 0.25613 0.722728
0.214961 0.418851 0.508644
0.211941 0.0295996 0.32034
0.183252 0.219763  0.688
0.186148 0.264314 0.586877
0.0619303 0.19073 0.700823
0.0355424 0.324871 0.676867
0.0566465 0.288944 0.624411
0.236774 0.377391 0.608884
0.0859444 0.55207 0.896949
0.194144 0.28415 0.497971
0.0305416 0.363806 0.669045
0.0404338 0.333082 0.645683
0.100944 0.436772 0.367514
0.0721568 0.4979 0.835398
0.215563 0.248765 0.688341
0.149112 0.324368 0.812291
0.182298 0.544138 0.901582
0.136452 0.270967 0.476571
0.22218 0.398948 0.755157
0.0716696 0.440285 0.453777
0.170843 0.0479057 0.728615
0.216859 0.447516 0.644611
0.0598376 0.160493 0.713919
0.120304 0.369769 0.285153
0.239257 0.413527 0.697658
0.0678194 0.477936 0.822386
0.0623391 0.025593 0.367193
0.0623861 0.246619 0.739255
0.0586969 0.420174 0.435725
0.0982286 0.402229 0.82737
0.160006 0.278311 0.464512
0.19879 0.531612 0.859768
0.201537 0.493139 0.800845
0.0632364 0.260633 0.422709
0.166084 0.284881 0.410864
0.0523466 0.302804 0.644896
0.174565 0.476507 0.625556
0.0446879 0.314589 0.327081
0.0986982 0.595687 0.86587
0.153073 0.47276 0.88974
0.186505 0.236681 0.74177
0.226765 0.389244 0.751322
0.214427 0.385206 0.45022
0.235971 0.34791 0.613901
0.119322 0.606741 0.885026
0.217484 0.375126 0.463968
0.162403 0.609389 0.877613
0.202352 0.168426 0.308327
0.224646 0.360106 0.486699
0.090455 0.571858 0.833901
0.211818 0.388888 0.453171
0.221328 0.222628 0.368852
0.211052 0.418211 0.476881
0.179108 0.272442 0.504548
0.0753402 0.391746 0.331261
0.0789998 0.222756 0.366829
0.204193 0.307143 0.311701
0.118895 0.557974 0.921684
0.209396 0.450348 0.744113
0.188694 0.0254505 0.346751
0.106028 0.251033 0.632956
0.189565 0.45575 0.545436
0.16369 0.254603 0.571563
0.236773 0.350747 0.590146
0.196328 0.585131 0.854055
0.22603 0.266399 0.393094
0.18515 0.183714 0.299166
0.218837 0.310861 0.651239
0.15977 0.602873 0.81999
0.074293 0.389881 0.329565
0.193034 0.510988 0.776923
0.172777 0.45223 0.417749
0.0598892 0.443697 0.786686
0.058916 0.295263 0.67117
0.0570522 0.458079 0.709609
0.0991925 0.541857 0.914772
0.23613 0.36423 0.640404
0.0874636 0.413518 0.82056
0.223372 0.360877 0.404404
0.0866741 0.221985 0.690756
0.173026 0.260006 0.565205
0.151193 0.566815 0.911429
0.031518 0.393763 0.604426
0.100193 0.28661 0.429678
0.198324 0.21378 0.731962
0.116481 0.288844 0.124992
0.179068 0.251248 0.340867
0.114382 0.377769 0.299529
0.0733509 0.0353223 0.321418
0.0313296 0.34548 0.705254
0.0636154 0.251669 0.412717
0.0898385 0.117394 0.304337
0.178058 0.455642 0.451162
0.095936 0.539365 0.906958
0.151376 0.404522 0.328694
0.0455482 0.383973 0.435043
0.155612 0.302581 0.378212
0.194336 0.289591 0.767356
0.0837403 0.453793 0.446397
0.0583898 0.437621 0.555287
0.115269 0.455136 0.87028
0.215241 0.343733 0.328875
0.142155 0.291732 0.225341
0.197067 0.0815339 0.329683
0.0539087 0.025593 0.367516
0.0867289 0.481588 0.680605
0.0741838 0.441781 0.439322
0.203169 0.170661 0.326422
0.102603 0.586616 0.816423
0.100735 0.425792 0.354535
0.147154 0.404799 0.324024
0.0495699 0.391936 0.758275
0.0751591 0.272241 0.553279
0.214847 0.281713 0.674409
0.215936 0.366283 0.348487
0.159333 0.476612 0.606011
0.0437318 0.401763 0.499173
0.219671 0.351992 0.361622
0.0681344 0.280406 0.754847
0.0593796 0.169091 0.711565
0.0876559 0.2276 0.687411
0.202964 0.170424 0.3105
0.196768 0.244457 0.670375
0.229456 0.343834 0.529887
0.139169 0.243974 0.623899
0.23537 0.422093 0.703846
0.207121 0.441414 0.570273
0.192442 0.211211 0.371163
0.157767 0.297058 0.355475
0.0794582 0.136337 0.735121
0.194855 0.399218 0.347518
0.0964823 0.0314785 0.77272
0.0709157 0.14911 0.292454
0.0502499 0.304833 0.322095
0.165339 0.571301 0.799678
0.173991 0.422776 0.355427
0.211249 0.180366 0.711116
0.0564141 0.413097 0.406553
0.114946 0.613251 0.838587
0.0679095 0.0567385 0.75317
0.163421 0.253475 0.578791
0.0329772 0.398791 0.620231
0.0665723 0.18637 0.303612
0.153494 0.248457 0.632174
0.147281 0.489293 0.67299
0.0701678 0.45305 0.590303
0.124693 0.39645 0.841831
0.0632438 0.235939 0.687865
0.233733 0.413357 0.72119
0.0756664 0.449202 0.83295
0.0309319 0.348337 0.612272
0.223093 0.446518 0.706885
0.0493054 0.447205 0.655774
0.0532892 0.290963 0.5798
0.204118 0.478932  0.811
0.0479272 0.236353 0.334917
0.214363 0.444234 0.626021
0.127809 0.469023 0.901115
0.202332 0.346429 0.7809
0.205008 0.464836 0.811024
0.056903 0.259661 0.424513
0.0668601 0.474459 0.767575
0.127544 0.33881 0.301715
0.0664603 0.203693 0.696274
0.191848 0.569342 0.848808
0.143647 0.496321 0.885679
0.0784538 0.457048 0.541231
0.0976621 0.0530513 0.760147
0.178024 0.0330494 0.324476
0.201651 0.120944 0.703399
0.0286713 0.405079 0.661245
0.0862208 0.52781 0.893772
0.0730501 0.31946 0.304896
0.0897606 0.11907 0.313718
0.168708 0.0314976 0.767795
0.222768 0.360997 0.399983
0.121318 0.320229 0.282526
0.084155 0.255722 0.38559
0.21624 0.334552 0.765253
0.217146 0.043453 0.743615
0.0589423 0.18938 0.703038
0.0795507 0.437729 0.388846
0.0582231 0.433535 0.522345
0.0661599 0.230197 0.388728
0.198741 0.216674 0.684989
0.0584818 0.28334 0.596847
0.225954 0.0442116 0.34842
0.120099 0.254418 0.543916
0.111205 0.281003 0.444263
0.201962 0.438952 0.496039
0.196882 0.179857 0.304409
0.201672 0.235134 0.735807
0.0817266 0.263868 0.585972
0.0376359 0.281715 0.708037
0.0507967 0.307351 0.466192
0.140118 0.285583 0.156109
0.138258 0.286755 0.0937692
0.0914629 0.468854 0.543015
0.103901 0.476446 0.612886
0.0801096 0.22341 0.360035
0.211015 0.428719 0.764254
0.172205 0.162749 0.706121
0.210001 0.437948 0.578554
0.0348803 0.323637 0.678058
0.100884 0.357325 0.30601
0.081691 0.217192 0.350257
0.147171 0.467891 0.436274
0.166399 0.545327 0.922003
0.218785 0.0256962 0.329582
0.0637119 0.289905 0.47966
0.17617 0.604469 0.827969
0.111173 0.319496 0.332285
0.19708 0.300287 0.309335
0.126853 0.60074 0.810573
0.218801 0.0364391 0.359967
0.220357 0.232967 0.346721
0.0425683 0.415834 0.591155
0.132815 0.26284 0.163752
0.197552 0.070754 0.313084
0.142702 0.468234 0.436781
0.200948 0.51321 0.849014
0.105883 0.458309 0.406819
0.107336 0.303514 0.38923
0.0631819 0.455705 0.738764
0.11042 0.483103 0.914276
0.0653467 0.408247 0.365597
0.0737609 0.514097 0.874367
0.183284 0.0400609 0.356398
0.0349396 0.400839 0.648084
0.162185 0.603233 0.822759
0.140182 0.269786 0.173557
0.0702092 0.216258 0.373619
0.114849 0.597167 0.897406
0.20938 0.0256239 0.326077
0.23122 0.327975 0.61397
0.0752305 0.486339 0.746857
0.12284 0.528872 0.964785
0.203254 0.156924 0.700834
0.0416284 0.242285 0.344131
0.182919 0.448832 0.42175
0.067097 0.476895 0.778962
0.225623 0.331404 0.653313
0.218194 0.214841 0.350573
0.13174 0.501202 0.878839
0.216264 0.405838 0.478507
0.181075 0.465053 0.581293
0.102484 0.295055 0.348599
0.184812 0.563164 0.851578
0.0614964 0.462241 0.766269
0.224729 0.315087 0.360529
0.0551425 0.227499 0.323324
0.113995 0.441426 0.36217
0.196954 0.366792 0.311803
0.128471 0.528764 0.735451
0.190561 0.0611788 0.749876
0.0926201 0.293374 0.329384
0.21619 0.381699 0.464128
0.104806 0.290233 0.419153
0.192203 0.126927 0.324525
0.198084 0.0914381 0.32722
0.0628046 0.154527 0.306978
0.117342 0.489699 0.900165
0.154964 0.356483 0.310793
0.17133 0.557623 0.904299
0.218466 0.443983 0.646118
0.172271 0.557253 0.912316
0.059827 0.172387 0.30928
0.135052 0.293893 0.422512
0.0492097 0.304105 0.526203
0.0749402 0.512984 0.823891
0.0645792 0.211182 0.696571
0.106325 0.490292 0.927352
0.0695694 0.0994417 0.330375
0.169666 0.332342 0.806555
0.223028 0.23125 0.357774
0.234398 0.356283 0.736418
0.143382 0.367066 0.322764
0.0463002 0.207555 0.344527
0.178307 0.336411 0.802307
0.0846689 0.251744 0.373135
0.0576278 0.54114 0.820091
0.0344142 0.379362 0.735786
0.158563 0.486501 0.669103
0.0861851 0.087644 0.321767
0.19476 0.400856 0.349872
0.202334 0.254719 0.418347
0.0821853 0.0516143 0.338601
0.221826 0.431122 0.640477
0.165782 0.43625 0.366949
0.241745 0.374133 0.706782
0.0384351 0.413398 0.649584
0.210777 0.445217 0.75416
0.0710383 0.571203 0.832491
0.103458 0.511288 0.92116
0.105254 0.588508 0.895298
0.22303 0.282446 0.68469
0.231629 0.342265 0.743336
0.223314 0.315884 0.524222
0.0900466 0.568362 0.893015
0.0621757 0.43715 0.493926
0.141337 0.55902 0.770521
0.0839725 0.24889 0.345033
0.0813599 0.526984 0.806125
0.0744015 0.283019 0.471415
0.0992891 0.304167 0.792683
0.0888208 0.327332 0.307112
0.046957 0.221858 0.391274
0.0655676 0.280881 0.541181
0.116822 0.246108 0.717612
0.114531 0.360856 0.320979
0.0686375 0.445584 0.487432
0.188269 0.45421 0.516302
0.0658863 0.200656 0.730305
0.238141 0.424176 0.683379
0.0630394 0.289336 0.501546
0.135833 0.460151 0.398121
0.113307 0.358235 0.304626
0.172281 0.592605 0.885061
0.162974 0.251958 0.63665
0.19311 0.275605 0.649155
0.146962 0.519334 0.963614
0.168164 0.258899 0.554584
0.189618 0.205327 0.312961
0.165737 0.475085 0.603438
0.212651 0.539434 0.818678
0.0426031 0.394828 0.749675
0.218989 0.250177 0.724969
0.127402 0.449421 0.370233
0.0748359 0.267477 0.608473
0.210589 0.0561246 0.751684
0.0876152 0.101653 0.322448
0.229251 0.322627 0.61796
0.238863 0.305074 0.685138
0.152002 0.461108 0.875488
0.174652 0.372481 0.811833
0.211674 0.444166 0.779488
0.050043 0.23297 0.401525
0.131932 0.479358 0.932309
0.132139 0.612174 0.825869
0.227269 0.315019 0.587097
0.106305 0.440046 0.3672
0.132651 0.242723 0.605795
0.0545833 0.263845 0.681316
0.0920044 0.324813 0.797229
0.210835 0.306731 0.450143
0.193057 0.448002 0.484198
0.17029 0.487914 0.906121
0.115372 0.247892 0.732412
0.0835108 0.138446 0.695163
0.190308 0.445652 0.456567
0.128588 0.434457 0.348755
0.106727 0.355655 0.312019
0.0820379 0.520432 0.885687
0.13186 0.27791 0.0989642
0.212438 0.0501602 0.328989
0.178065 0.223642 0.345929
0.12507 0.317074 0.369937
0.0370279 0.336015 0.403097
0.119853 0.293027 0.163352
0.205149 0.176406 0.330244
0.0372575 0.340754 0.522503
0.110432 0.27507 0.472598
0.0369897 0.288229 0.410934
0.186189 0.200681 0.358327
0.0654305 0.216302 0.695393
0.174071 0.121872 0.299946
0.100302 0.0465579 0.77019
0.237171 0.356446 0.669276
0.17878 0.45819 0.472729
0.182998 0.397809 0.814824
0.0679004 0.471124 0.69146
0.209588 0.2355 0.731712
0.093577 0.522016 0.75651
0.176691 0.405735 0.825828
0.227028 0.241617 0.368162
0.122098 0.300115 0.133954
0.175966 0.589295 0.879678
0.220071 0.344628 0.478373
0.22222 0.230532 0.39106
0.158305 0.565215 0.787129
0.0770444 0.454171 0.506527
0.0920216 0.0414974 0.343924
0.21344 0.424535 0.529934
0.201432 0.446636 0.563708
0.209123 0.402671 0.453579
0.118287 0.289315 0.152171
0.0818921 0.266658 0.560671
0.0377694 0.313764 0.735246
0.0541545 0.42666 0.522326
0.0480745 0.396415 0.474168
0.0692532 0.542924 0.859268
0.0653467 0.431786 0.460742
0.158584 0.353459 0.818212
0.206232 0.470788 0.773797
0.0544152 0.299206 0.513361
0.185953 0.487235 0.882327
0.101928 0.599245 0.881249
0.183888 0.484192 0.706003
0.214297 0.218106 0.714237
0.140759 0.244925 0.6774
0.0651985 0.0701684 0.717153
0.118221 0.368125 0.82262
0.19651 0.258673 0.413536
0.122654 0.471076 0.898997
0.0403692 0.276446 0.716308
0.183135 0.247118 0.384411
0.178875 0.515388 0.753205
0.13776 0.465546 0.923794
0.231317 0.307286 0.68019
0.116404 0.30839 0.265795
0.195345 0.581716 0.860342
0.211019 0.279177 0.434879
0.184041 0.567962 0.853111
0.094007 0.585846 0.829624
0.0875084 0.519509 0.899369
0.237374 0.362464 0.622299
0.0301624 0.376011 0.598586
0.037882 0.36036 0.499813
0.226885 0.313152 0.421116
0.182008 0.450458 0.432564
0.0683428 0.583496 0.812903
0.116693 0.287562 0.108355
0.0917467 0.025923 0.361392
0.0687816 0.543825 0.847746
0.200645 0.57647 0.851205
0.0406273 0.275379 0.420292
0.126535 0.471057 0.483908
0.131655 0.524543 0.72879
0.120338 0.31576 0.0845468
0.0821703 0.423183 0.360361
0.201894 0.507884 0.84005
0.0595896 0.161606 0.716076
0.12221 0.60908 0.824817
0.0806406 0.0722283 0.745236
0.0850027 0.270905 0.335773
0.141762 0.522763 0.973676
0.150578 0.609668 0.825571
0.177065 0.197781 0.724836
0.0424188 0.400969 0.50861
0.0811325 0.0615333 0.332866
0.0391459 0.359542 0.491727
0.221392 0.225796 0.389623
0.0693387 0.216722 0.689268
0.124834 0.539556 0.950671
0.135431 0.486007 0.899465
0.0418485 0.22054 0.371486
0.0664194 0.238728 0.395972
0.182845 0.217695 0.68929
0.16674 0.470354 0.559602
0.149093 0.533635 0.957808
0.162128 0.353028 0.304314
0.0926143 0.28244 0.414511
0.0311254 0.345315 0.697809
0.0756988 0.21822 0.685233
0.224326 0.300387 0.349376
0.0874763 0.54392 0.899515
0.212129 0.0489196 0.738347
0.10903 0.506924 0.936823
0.168909 0.56798 0.916059
0.121849 0.338259 0.328332
0.198701 0.238166 0.738751
0.220476 0.321094 0.4934
0.030479 0.365109 0.587766
0.152009 0.609595 0.82604
0.230335 0.409156 0.740693
0.082855 0.598924 0.829741
0.12054 0.294297 0.16111
0.0382351 0.408459 0.624006
0.199712 0.0921186 0.732138
0.0690292 0.334172 0.304668
0.0904582 0.467388 0.530147
0.227979 0.433024 0.727004
0.163882 0.584691 0.904019
0.12463 0.496887 0.874821
0.226004 0.305356 0.366075
0.0567221 0.437378 0.576576
0.148071 0.520614 0.969921
0.196954 0.109142 0.319761
0.154016 0.564728 0.908263
0.13137 0.305031 0.272429
0.148831 0.369722 0.824669
0.216975 0.428175 0.600832
0.202281 0.392015 0.352684
0.204512 0.104231 0.706801
0.10095 0.28173 0.779979
0.139228 0.289405 0.153404
0.0774948 0.28652 0.318206
0.195499 0.0739073 0.307607
0.137907 0.570696 0.781626
0.184618 0.0472089 0.722632
0.15689 0.291202 0.790105
0.0683006 0.334259 0.304775
0.140508 0.273302 0.179062
0.0445479 0.316583 0.327281
0.149004 0.472675 0.579311
0.136621 0.337396 0.826111
0.197028 0.450687 0.56432
0.127717 0.549475 0.758941
0.146256 0.361041 0.312974
0.128409 0.495922 0.911714
0.0908972 0.105624 0.705921
0.119948 0.45726 0.8738
0.102388 0.458871 0.415018
0.0539082 0.0429848 0.31863
0.0937983 0.287269 0.338342
0.195081 0.438997 0.460418
0.073185 0.276123 0.537669
0.165368 0.0430105 0.739167
0.0372939 0.312257 0.426071
0.146438 0.469363 0.458494
0.0715069 0.466591 0.84004
0.0641346 0.109514 0.727869
0.0779338 0.360171 0.30688
0.0704443 0.301875 0.76906
0.208072 0.433324 0.528287
0.14693 0.252049 0.745317
0.14367 0.278937 0.4536
0.0348262 0.335767 0.617549
0.102495 0.60204 0.865735
0.213886 0.395309 0.39795
0.243324 0.376996 0.6708
0.150299 0.480457 0.624454
0.200897 0.227241 0.732396
0.0623957 0.361392 0.778684
0.137095 0.364485 0.82925
0.0700572 0.581602 0.831851
0.23066 0.332195 0.624818
0.212274 0.553055 0.842901
0.204014 0.402605 0.373258
0.229637 0.402915 0.564145
0.110188 0.248409 0.734354
0.0563832 0.554026 0.825392
0.17579 0.272711 0.769444
0.0732 0.0576259 0.307948
0.202302 0.231413 0.31574
0.0328274 0.34703 0.554497
0.165805 0.284924 0.398563
0.21727 0.359811 0.348632
0.211161 0.27372 0.324346
0.192644 0.471966 0.668516
0.10316 0.473347 0.596346
0.0642973 0.42677 0.426299
0.0562007 0.238628 0.727715
0.0419785 0.41988 0.64353
0.210736 0.0367963 0.318788
0.217552 0.283767 0.743773
0.148496 0.434541 0.353431
0.0797755 0.525307 0.866127
0.0307095 0.322351 0.694265
0.211508 0.304795 0.446577
0.0420352 0.272025 0.700857
0.132674 0.490818 0.896745
0.139245 0.294131 0.0951326
0.109675 0.564652 0.906419
0.130941 0.24526 0.723599
0.113535 0.498134 0.696481
0.103257 0.603471 0.847425
0.121947 0.248589 0.734556
0.123357 0.317072 0.810308
0.0372561 0.322454 0.551825
0.17101 0.314611 0.797449
0.153013 0.483812 0.900712
0.17337 0.485511 0.675565
0.13654 0.60384 0.890641
0.064626 0.406886 0.365146
0.059658 0.441833 0.753817
0.195075 0.0815214 0.738302
0.0735722 0.0959667 0.699396
0.0607734 0.419743 0.781089
0.166358 0.241994 0.695847
0.209277 0.29206 0.636845
0.083663 0.157737 0.290865
0.0725326 0.30225 0.771387
0.174229 0.147691 0.296334
0.222669 0.39113 0.495939
0.173057 0.142295 0.714976
0.0621106 0.320531 0.770872
0.128641 0.266123 0.491618
0.0749667 0.234109 0.677502
0.128109 0.460361 0.879879
0.203134 0.0314865 0.778116
0.0390644 0.248528 0.349824
0.197868 0.207163 0.375197
0.241629 0.365435 0.688771
0.0949427 0.0346103 0.782974
0.114444 0.457479 0.393604
0.109055 0.470223 0.495303
0.0589206 0.450079 0.769227
0.0811136 0.0404459 0.359777
0.168726 0.546646 0.775219
0.0391814 0.360321 0.421286
0.0677932 0.461875 0.654703
0.0758071 0.268994 0.75632
0.0941718 0.53496 0.905206
0.0445069 0.38004 0.404716
0.178613 0.212976 0.326769
0.115186 0.299179 0.403436
0.191192 0.435567 0.416071
0.21885 0.267963 0.423205
0.0700422 0.187724 0.3554
0.079173 0.593596 0.828637
0.189277 0.0702529 0.335177
0.21936 0.323914 0.480669
0.107172 0.370184 0.817491
0.0491986 0.297086 0.600093
0.20127 0.408507 0.79166
0.172324 0.212761 0.699145
0.128887 0.32372 0.359657
0.149061 0.309309 0.804326
0.187625 0.529759 0.890909
0.0753597 0.0334982 0.733116
0.0781337 0.159585 0.288801
0.0809437 0.274123 0.516677
0.190836 0.267243 0.32117
0.0364171 0.291711 0.410682
0.166844 0.470099 0.545203
0.173484 0.526277 0.910367
0.0474285 0.207218 0.337358
0.0613188 0.0677981 0.73201
0.111017 0.0364981 0.750658
0.188889 0.536499 0.868458
0.214163 0.460376 0.679823
0.0815461 0.268678 0.546997
0.0821499 0.425534 0.363516
0.214141 0.230325 0.721331
0.191045 0.588037 0.817514
0.233009 0.402865 0.637313
0.0866882 0.0885192 0.311033
0.14293 0.33939 0.257919
0.0518694 0.0494693 0.357164
0.0727905 0.412636 0.355953
0.125295 0.501965 0.957772
0.173896 0.203223 0.699025
0.065108 0.52761 0.851203
0.0965203 0.172742 0.714724
0.224752 0.305615 0.353133
0.0583774 0.176523 0.71744
0.208826 0.371901 0.340198
0.0953896 0.025949 0.356614
0.162898 0.294981 0.790483
0.0348323 0.394572 0.568662
0.14897 0.297167 0.408628
0.0296747 0.371851  0.717
0.0691434 0.274871 0.567198
0.0706488 0.0328711 0.381566
0.18326 0.260487 0.756631
0.0580275 0.413865 0.397355
0.163392 0.470671 0.55617
0.0534905 0.301313 0.674573
0.130136 0.591926 0.800064
0.0543559 0.0281554 0.377854
0.0746126 0.441884 0.444483
0.168284 0.612292 0.862402
0.16726 0.515409 0.929572
0.0334607 0.348976 0.543248
0.0501873 0.239056 0.700049
0.0671685 0.106189 0.328315
0.227317 0.26552 0.374442
0.0678597 0.478201 0.797978
0.224027 0.336489 0.375969
0.175185 0.0496371 0.725365
0.0612874 0.536141 0.83663
0.176194 0.546647 0.913605
0.0785192 0.151038 0.693999
0.115222 0.479593 0.617346
0.128549 0.258093 0.522467
0.0879643 0.106139 0.701966
0.217979 0.315264 0.499908
0.0678044 0.0252928 0.337224
0.0877665 0.190439 0.695756
0.188302 0.337127 0.303183
0.188932 0.345796 0.79585
0.10689 0.504742 0.714188
0.104844 0.236749 0.711968
0.224971 0.271523 0.402648
0.215595 0.0259032 0.337781
0.131233 0.315258 0.379193
0.0578407 0.434482 0.53666
0.177122 0.267023 0.393305
0.166819 0.536277 0.753153
0.135022 0.386636 0.297703
0.0473701 0.287659 0.440101
0.0638796 0.0784683 0.713493
0.0259369 0.377098 0.687752
0.209578 0.131059 0.717974
0.223808 0.359585 0.405936
0.232584 0.410842 0.729046
0.0628558 0.443519 0.5494
0.217274 0.241474 0.722679
0.121855 0.29805 0.144839
0.193227 0.276491 0.655147
0.142826 0.336804 0.255305
0.198103 0.109728 0.700669
0.0832516 0.350416 0.798688
0.194725 0.518886 0.80775
0.0584055 0.382825 0.345577
0.116419 0.471462 0.549056
0.0720763 0.282117 0.506484
0.0863462 0.15031 0.696431
0.126388 0.314854 0.281252
0.177748 0.167913 0.288096
0.0411324 0.260791 0.344014
0.0691669 0.0325962 0.734828
0.221629 0.243597 0.402766
0.0720799 0.451567 0.551934
0.141712 0.288206 0.219721
0.0971841 0.072801 0.731726
0.129244 0.428099 0.859369
0.0504761 0.193665 0.359086
0.202969 0.107696 0.730102
0.183644 0.262621 0.586585
0.107433 0.464194 0.418185
0.180344 0.230583 0.683902
0.0476736 0.355896 0.457558
0.0461742 0.304481 0.749189
0.0524969 0.392556 0.456143
0.0652338 0.237907 0.683013
0.149814 0.483525 0.897303
0.213754 0.46104 0.679285
0.148237 0.325346 0.261278
0.0804511 0.268322 0.555008
0.211997 0.37923 0.771044
0.171957 0.21124 0.710122
0.0303114 0.31193 0.697813
0.170013 0.319152 0.800229
0.112119 0.345652 0.276295
0.240222 0.413029 0.69308
0.17978 0.560531 0.901501
0.194965 0.205405 0.370975
0.135124 0.319647 0.0580882
0.0979229 0.471496 0.588838
0.14219 0.489851 0.953232
0.23496 0.412536 0.716991
0.18524 0.237718 0.323663
0.179242 0.435579 0.375877
0.188652 0.247122 0.746917
0.210386 0.0442794 0.370758
0.0444956 0.212813 0.353569
0.217886 0.435716 0.62817
0.113899 0.318346 0.249505
0.201984 0.209523 0.316779
0.0678738 0.155728 0.701233
0.233484 0.409228 0.649959
0.0310929 0.412025 0.707147
0.138302 0.306777 0.0865432
0.196662 0.0515772 0.777743
0.0842169 0.451103 0.424827
0.0568995 0.205079 0.707361
0.0522786 0.406787 0.439962
0.0565973 0.0381691 0.317029
0.181444 0.39984 0.337454
0.0633712 0.0883156 0.710966
0.208595 0.337236 0.320074
0.0716628 0.116273 0.701088
0.226954 0.261857 0.366338
0.0937655 0.031496 0.778355
0.0808119 0.281072 0.47321
0.230725 0.33384 0.675901
0.179947 0.273967 0.498769
0.176601 0.146767 0.322351
0.105006 0.579982 0.80854
0.0265325 0.375125 0.670703
0.151535 0.468483 0.448802
0.0662186 0.310892 0.308069
0.0850441 0.544552 0.858192
0.184435 0.121965 0.328245
0.0875366 0.474195 0.652997
0.0767617 0.0310373 0.36848
0.197644 0.433411 0.457713
0.126233 0.499208 0.891244
0.238043 0.3313 0.699092
0.0989971 0.28857 0.408066
0.0605048 0.192471 0.723471
0.0953248 0.283678 0.413549
0.112077 0.421236 0.339181
0.0334365 0.386361 0.576237
0.039044 0.341087 0.381691
0.0516363 0.225953 0.329886
0.0636348 0.0547148 0.309207
0.193099 0.36472 0.30765
0.22112 0.447464 0.660096
0.0417841 0.37137 0.439433
0.126402 0.320513 0.0856612
0.234413 0.357306 0.546534
0.141135 0.289493 0.19198
0.167626 0.530398 0.920574
0.210659 0.212933 0.382124
0.206629 0.440903 0.561679
0.0615717 0.450128 0.611947
0.114479 0.441256 0.36186
0.212428 0.342319 0.770708
0.186669 0.0622588 0.715591
0.0567996 0.437433 0.57595
0.115374 0.324087 0.344933
0.181427 0.487582 0.710638
0.16296 0.247248 0.734933
0.050908 0.221237 0.39308
0.0898424 0.606231 0.827033
0.233669 0.336964 0.597937
0.218544 0.381939 0.425158
0.0813341 0.235127 0.676719
0.0910213 0.339429 0.304403
0.228737 0.440209 0.697241
0.185812 0.546687 0.869778
0.10964 0.308659 0.360946
0.119071 0.344262 0.261418
0.0978047 0.0800963 0.716971
0.0750977 0.260547 0.32845
0.175143 0.441149 0.856373
0.0567507 0.564105 0.821038
0.0710877 0.118711 0.296222
0.129896 0.573258 0.784693
0.0347376 0.288193 0.391942
0.229082 0.0332001 0.342762
0.210651 0.295106 0.442597
0.143234 0.299228 0.247837
0.0751884 0.270979 0.564084
0.0917395 0.174896 0.726206
0.16151 0.490685 0.683648
0.0589738 0.530333 0.836675
0.0385523 0.366355 0.751893
0.0823974 0.461909 0.577895
0.212667 0.429648 0.553368
0.219254 0.249047 0.692912
0.215554 0.29479 0.61612
0.203117 0.47229 0.758923
0.0948829 0.0266717 0.347541
0.0387318 0.352456 0.501138
0.150207 0.600695 0.895495
0.208905 0.187512 0.722098
0.174342 0.42973 0.364174
0.192458 0.10628 0.327784
0.213979 0.52241 0.820041
0.164734 0.607926 0.829535
0.186595 0.264068 0.591173
0.243661 0.394367 0.689364
0.175962 0.303148 0.313927
0.21597 0.302936 0.642363
0.126999 0.341298 0.335601
0.200903 0.465146 0.716458
0.197962 0.359008 0.78922
0.132827 0.250289 0.739733
0.186194 0.476714 0.869436
0.0936701 0.610508 0.834056
0.0412388 0.227845 0.352006
0.0588849 0.418377 0.455549
0.227175 0.331149 0.529772
0.103207 0.497204 0.920108
0.0482693 0.397328 0.474102
0.157259 0.261778 0.757325
0.219049 0.216991 0.353631
0.172267 0.355436 0.81066
0.100955 0.344755 0.810575
0.184544 0.24843 0.66773
0.210295 0.465185 0.688658
0.207247 0.365013 0.329509
0.0724183 0.50078 0.86646
0.0839707 0.265853 0.554955
0.180671 0.0734167 0.710077
0.17179 0.109554 0.304312
0.180912 0.500481 0.897649
0.14348 0.489218 0.894837
0.0703928 0.555447 0.857176
0.12723 0.497838 0.956143
0.15126 0.481886 0.912481
0.168146 0.50342 0.927792
0.105504 0.250201 0.687415
0.210821 0.408155 0.429203
0.216791 0.419503 0.534117
0.130682 0.29786 0.164624
0.195142 0.5142 0.789992
0.0385884 0.323398 0.537613
0.207087 0.395041 0.368172
0.0561986 0.0331666 0.772734
0.0281335 0.410283 0.689572
0.244035 0.387133 0.695951
0.046624 0.20709 0.340793
0.0723016 0.443485 0.459119
0.177119 0.182914 0.334055
0.158152 0.405379 0.332126
0.119009 0.290303 0.170526
0.223251 0.329047 0.358849
0.199959 0.203059 0.314523
0.184174 0.495836 0.738271
0.237744 0.335807 0.706447
0.109306 0.0313928 0.757205
0.0519885 0.454238 0.707935
0.207752 0.434118 0.53006
0.184444 0.195069 0.3106
