0.233268 0.583549 0.314264
0.286292 0.113444 0.571656
0.160425 0.51479 0.225476
0.283407 0.578695 0.525137
0.296537 0.164106 0.0513525
0.280014 0.410957 0.42509
0.154521 0.586201 0.320756
0.206187 0.628494 0.807103
0.275722 0.565704 0.296909
0.295549 0.113692 0.553243
0.0922685 0.14343 0.525058
0.104638 0.0379574 0.584145
0.0796359 0.145953 0.525392
0.274829 0.29037 0.154617
0.321976 0.444161 0.649282
0.180798 0.411255 0.401165
0.273482 0.209537 0.10527
0.254403 0.427491 0.316083
0.150318 0.664069 0.88468
0.265259 0.339951 0.631658
0.29909 0.0972683 0.553023
0.124898 0.677121 0.756383
0.165857 0.729377 0.757079
0.142814 0.573043 0.392623
0.0702555 0.195445 0.0689881
0.160794 0.758899 0.740414
0.271137 0.489881 0.727602
0.0365609 0.438547 0.621122
0.0691266 0.542002 0.614502
0.228001 0.417949 0.29238
0.265883 0.385748 0.716902
0.12175 0.436768 0.73228
0.0994725 0.57991 0.686053
0.232557 0.357714 0.471816
0.234671 0.661307 0.815118
0.333084 0.122783 0.563099
0.142093 0.421796 0.168272
0.268705 0.512156 0.222382
0.172575 0.576919 0.256414
0.314371 0.393876 0.677182
0.169212 0.58322 0.287783
0.33301 0.356273 0.587481
0.324862 0.516792 0.526673
0.125471 0.628046 0.739905
0.158872 0.583885 0.790573
0.0844103 0.0976798 0.0784697
0.285894 0.493251 0.347103
0.229433 0.392888 0.276829
0.108051 0.70751 0.838703
0.304782 0.0799677 0.130408
0.263183 0.719116 0.790111
0.0964066 0.51879 0.700501
0.0977911 0.333118 0.218417
0.0605766 0.249518 0.114454
0.271121 0.656782 0.831455
0.147608 0.671199 0.856051
0.0732772 0.502118 0.466887
0.153365 0.758004 0.880835
0.0793158 0.0973656 0.0801678
0.0929823 0.561252 0.578174
0.282499 0.418626 0.421562
0.0379475 0.0696336 0.603634
0.347849 0.500407 0.607441
0.328909 0.205406 0.5728
0.234789 0.340736 0.164529
0.242852 0.39788 0.745012
0.307005 0.378181 0.560695
0.211807 0.348383 0.565055
0.0675057 0.08476 0.0758949
0.0978621 0.320624 0.563067
0.243426 0.69111 0.84484
0.191528 0.779497 0.770899
0.301791 0.464321 0.221859
0.0444576 0.41406 0.614796
0.303261 0.534539 0.664448
0.16991 0.642737 0.87002
0.262111 0.794949 0.783214
0.192154 0.605408 0.203262
0.195437 0.797054 0.828383
0.204011 0.673528 0.837703
0.177374 0.638921 0.645246
0.213708 0.35044 0.49869
0.220253 0.419415 0.25522
0.316106 0.207818 0.598264
0.119184 0.496727 0.372291
0.305238 0.169569 0.59865
0.266698 0.477181 0.337954
0.279993 0.0337524 0.597072
0.222775 0.557762 0.257007
0.194421 0.712411 0.963223
0.205705 0.423185 0.307015
0.254263 0.664164 0.947484
0.240385 0.658738 0.889759
0.0816528 0.527987 0.255785
0.328434 0.177884 0.0750534
0.27823 0.311556 0.197255
0.0563323 0.527696 0.536731
0.133501 0.72802 0.80323
0.195699 0.779108 0.753694
0.199338 0.65228 0.968667
0.185191 0.789731 0.792758
0.0670675 0.439359 0.244902
0.164167 0.661754 0.897709
0.220662 0.371672 0.220674
0.304605 0.307207 0.626922
0.0767943 0.368602 0.671418
0.196539 0.785827 0.892244
0.351037 0.486738 0.611935
0.0919412 0.201839 0.115698
0.268242 0.815054 0.77769
0.115056 0.14707 0.0826534
0.181947 0.596226 0.215798
0.175191 0.731317 0.714253
0.314192 0.0385317 0.649519
0.350996 0.453246 0.615252
0.255498 0.319011 0.20769
0.279418 0.0919471 0.575418
0.266195 0.274788 0.583129
0.138876 0.729085 0.896915
0.12651 0.716635 0.752761
0.186508 0.474638 0.770356
0.0833297 0.361833 0.220622
0.254711 0.554508 0.251637
0.183081 0.661497 0.903975
0.0812674 0.502247 0.314114
0.264273 0.244088 0.592789
0.215218 0.477191 0.225345
0.156858 0.653618 0.674027
 0.287 0.330662 0.567002
0.0412967 0.037946 0.120426
0.234761 0.579301 0.373445
0.259489 0.376451 0.456098
0.133722 0.802265 0.795254
0.219513 0.730737 0.757702
0.283232 0.231539 0.119989
0.148137 0.398602 0.435376
0.273459 0.469357 0.398569
0.0908483 0.188999 0.540825
0.305826 0.508981 0.240054
0.0894208 0.511596 0.446307
0.162881 0.617995 0.609291
0.0925448 0.297177 0.553364
0.280197 0.585651 0.588882
0.26077 0.593874 0.56039
0.0721167 0.0648519 0.100011
0.225915 0.658746 0.810885
0.245816 0.723501 0.720861
0.319059 0.0645097 0.0988511
0.0624595 0.468856 0.539967
0.264663 0.697271 0.854205
0.32688 0.122417 0.587061
0.0916856 0.214074 0.120881
0.0714409 0.421875 0.510549
0.282092 0.225927 0.115554
0.318313 0.150553 0.542774
0.11686 0.230373 0.586168
0.209673 0.784616 0.790856
0.288934 0.372003 0.54738
0.14947 0.327485 0.190944
0.20086 0.693894 0.846753
0.105246 0.464805 0.19961
0.177251 0.593413 0.309249
0.203668 0.601535 0.202223
0.12482 0.389881 0.303362
0.0697368 0.104641 0.0901687
0.329698 0.123744 0.049702
0.0967505 0.483002 0.411782
0.23508 0.361122 0.467163
0.237303 0.739918 0.72799
0.066981 0.44648 0.52845
0.16454 0.422791 0.757761
0.204345 0.78918 0.880377
0.21229 0.757866 0.908392
0.126856 0.726943 0.782043
0.0964252 0.14661 0.0990458
0.240093 0.597148 0.765767
0.0839595 0.386128 0.520164
0.236403 0.455591 0.38475
0.262526 0.565808 0.326731
0.223895 0.424493 0.383674
0.19415 0.605034 0.790246
0.115622 0.47912 0.205659
0.300083 0.389739 0.485727
0.239161 0.578997 0.33989
0.27585 0.289641 0.572567
0.113136 0.0944244 0.0841033
0.10508 0.512184 0.356612
0.0936019 0.553025 0.288664
0.149787 0.521215 0.224496
0.326713 0.134709 0.553463
0.194144 0.42116 0.307088
0.211513 0.356423 0.695695
0.174899 0.438919 0.24975
0.253922 0.80694 0.776933
0.307599 0.421961 0.190795
0.18945 0.687345 0.829376
0.237517 0.643729 0.92948
0.254901 0.648613 0.925638
0.27308 0.509144 0.399139
0.297413 0.550505 0.305282
0.151327 0.582481 0.370451
0.102316 0.525456 0.35204
0.0937085 0.0692116 0.10904
0.346541 0.414562 0.590862
0.0608008 0.27558 0.580138
0.335342 0.406286 0.633645
0.247667 0.416969 0.417098
0.0922912 0.407992 0.309106
0.26823 0.600485 0.660947
0.35448 0.0512748 0.625815
0.260381 0.674722 0.888327
0.157703 0.558571 0.251123
0.071732 0.181148 0.552923
0.210419 0.4647 0.773222
0.164922 0.587413 0.401217
0.308965 0.319384 0.116628
0.322623 0.280414 0.118772
0.13428 0.724611 0.896176
0.198327 0.346572 0.525087
0.0587163 0.0320673 0.60987
0.149701 0.351497 0.680389
0.0894419 0.0741843 0.115094
0.0747448 0.311764 0.563847
0.204655 0.596055 0.314164
0.130417 0.376794 0.294493
0.12357 0.342196 0.257931
0.312964 0.12122 0.595547
0.128985 0.646821 0.912226
0.145257 0.66167 0.791721
0.15356 0.582988 0.459258
0.130673 0.671348 0.927865
0.209631 0.698262 0.972458
0.247711 0.712597 0.766734
0.266801 0.250065 0.598412
0.142649 0.475961 0.374089
0.135273 0.576222 0.51259
0.129615 0.733152 0.756835
0.31143 0.292949 0.105739
0.150418 0.7221 0.947921
0.334932 0.157778 0.0880427
0.0995417 0.329468 0.644353
0.246986 0.37624 0.286814
0.105153 0.162811 0.552111
0.164354 0.352244 0.213115
0.144301 0.581108 0.345152
0.204792 0.622592 0.586287
0.318515 0.0921204 0.533088
0.276776 0.756317 0.796823
0.143214 0.662037 0.816755
0.211105 0.433633 0.274663
0.323452 0.407165 0.253278
0.27307 0.272921 0.611866
0.191749 0.693524 0.686973
0.260456 0.281534 0.106587
0.183289 0.72122 0.750963
0.231603 0.702306 0.764873
0.280961 0.35487 0.277089
0.0688678 0.530464 0.56955
0.134891 0.570338 0.45882
0.0625687 0.436469 0.303375
0.222081 0.404452 0.251304
0.13154 0.352335 0.502112
0.198102 0.65491 0.968821
0.284818 0.578451 0.528014
0.231362 0.61297 0.598432
0.114309 0.401201 0.159178
0.196722 0.369153 0.668708
0.262059 0.755277 0.778442
0.159992 0.351727 0.527064
0.252508 0.788557 0.790463
0.0907308 0.0990434 0.543474
0.276981 0.199444 0.593247
0.282499 0.217978 0.111669
0.217975 0.360172 0.189403
0.204345 0.349651 0.59279
0.111104 0.0604698 0.574095
0.118489 0.0774683 0.107329
0.123524 0.663099 0.696644
0.248357 0.33994 0.591753
0.22537 0.63905 0.657854
0.31527 0.284793 0.110127
0.128411 0.651946 0.860481
0.257444 0.308244 0.167639
0.273295 0.46822 0.329613
0.0724895 0.479706 0.67143
0.0396763 0.469066 0.634847
0.12408 0.624547 0.732361
0.109573 0.0414653 0.0930824
0.13478 0.719852 0.889116
0.0800798 0.388809 0.531681
0.132323 0.665459 0.809847
0.0575725 0.403316 0.635549
0.120277 0.720575 0.866149
0.171902 0.566346 0.251639
0.261025 0.735996 0.831087
0.233324 0.45286 0.381058
0.0836446 0.362655 0.562451
0.270562 0.734478 0.853902
0.240942 0.571484 0.282937
0.0801829 0.240027 0.556573
0.34405 0.475955 0.635344
0.27521 0.591858 0.603597
0.0511369 0.42672 0.633914
0.102151 0.134803 0.0919693
0.0553936 0.156148 0.579473
0.298364 0.358219 0.265092
0.288593 0.199806 0.108531
0.256623 0.756208 0.830486
0.161984 0.489679 0.217493
0.323548 0.508651 0.531474
0.0975336 0.208327 0.116649
0.282839 0.571834 0.714907
0.243563 0.447953 0.329268
0.246838 0.652656 0.926045
0.265075 0.488734 0.388569
0.243965 0.696401 0.772236
0.0470298 0.410191 0.618572
0.0931595 0.228659 0.547983
0.296548 0.536819 0.684824
0.113404 0.055983 0.627446
0.0730528 0.522151 0.481279
0.278047 0.569864 0.487441
0.223802 0.575178 0.283604
0.229261 0.642801 0.868735
0.286737 0.471725 0.409894
0.277411 0.531472 0.408807
0.18577 0.465321 0.243502
0.134087 0.580994 0.526002
0.263455 0.788694 0.772737
0.102608 0.391313 0.157963
0.263187 0.343907 0.659334
0.272448 0.214948 0.106468
0.261104 0.692394 0.802276
0.180465 0.630441 0.944042
0.200736 0.656327 0.816727
0.266828 0.740001 0.851969
0.170793 0.649656 0.859114
0.109572 0.579005 0.724342
0.333576 0.0690107 0.537581
0.150074 0.472684 0.368217
0.164634 0.420071 0.371904
0.0653153 0.475659 0.488776
0.0994963 0.434714 0.177133
0.0595149 0.232745 0.5699
0.0854775 0.141189 0.0402359
0.247589 0.714828 0.765644
0.12971 0.644377 0.865925
0.0795098 0.522816 0.666472
0.110478 0.797323 0.785272
0.185612 0.664691 0.935381
0.291492 0.321085 0.0914004
0.328416 0.0726687 0.107673
0.199047 0.619702 0.800294
0.22885 0.691196 0.828029
0.315477 0.467398 0.479087
0.329185 0.172476 0.0746271
0.076021 0.0689473 0.582663
0.139409 0.695978 0.83462
0.164558 0.369747 0.173465
0.319512 0.182513 0.593643
0.260899 0.736246 0.834099
0.226398 0.3849 0.446329
0.268308 0.48593 0.391379
0.251596 0.768514 0.813366
0.154214 0.777006 0.788786
0.333298 0.350263 0.591086
0.235932 0.367666 0.722416
0.0561921 0.0410143 0.580986
0.269105 0.350716 0.137747
0.20843 0.408541 0.751257
0.0969456 0.460726 0.204882
0.208494 0.410567 0.396162
0.229109 0.744056 0.832869
0.262585 0.347752 0.574779
0.288544 0.43068 0.419561
0.277917 0.260369 0.554498
0.0682759 0.211089 0.0817545
0.120091 0.567684 0.471889
0.31737 0.397709 0.673754
0.239794 0.750009 0.885601
0.1439 0.581089 0.343005
0.275468 0.588678 0.637889
0.267114 0.28059 0.588557
0.258488 0.322861 0.217281
0.0922336 0.393983 0.298836
0.0683287 0.453555 0.466774
0.246113 0.718906 0.812289
0.215662 0.484317 0.226457
0.151158 0.700219 0.766935
0.159255 0.51893 0.226491
0.233435 0.679126 0.820867
0.27611 0.486479 0.718565
0.258616 0.470472 0.338021
0.180768 0.584669 0.192944
0.350062 0.464827 0.625631
0.345004 0.409122 0.583026
0.253213 0.762518 0.772865
0.124757 0.683688 0.799655
0.180295 0.473799 0.233109
0.318877 0.412485 0.6533
0.108323 0.472177 0.400659
0.176447 0.630727 0.946913
0.0893243 0.235341 0.130484
0.268992 0.281784 0.582804
0.136143 0.72529 0.731493
0.148604 0.700186 0.827828
0.245379 0.707362 0.704486
0.265686 0.663729 0.904645
0.307744 0.265736 0.570071
0.360349 0.0403566 0.597714
0.0816591 0.0759658 0.578629
0.0552874 0.173704 0.583766
0.264997 0.326492 0.229688
0.0637078 0.131465 0.551272
0.25867 0.416856 0.414984
0.310735 0.393149 0.194362
0.295815 0.0968715 0.593088
0.0764254 0.372702 0.25233
0.311721 0.442949 0.52195
0.307518 0.407259 0.510391
0.318974 0.178781 0.0546994
0.152739 0.37776 0.732825
0.230696 0.648074 0.788581
0.238325 0.362144 0.259262
0.216699 0.434074 0.20735
0.329152 0.273231 0.58568
0.0810101 0.248877 0.556323
0.0843309 0.327481 0.128477
0.296288 0.451051 0.705534
0.169742 0.769612 0.820485
0.190156 0.752352 0.755491
0.192396 0.781432 0.772132
0.155941 0.749096 0.828366
0.167963 0.676398 0.969434
0.16334 0.339718 0.180897
0.18218 0.602067 0.199116
0.0591448 0.450498 0.293896
0.24135 0.347887 0.493404
0.111745 0.531313 0.401928
0.24605 0.477916 0.36938
0.0891192 0.510327 0.445425
0.0853902 0.371403 0.275564
0.218579 0.529182 0.769001
0.0618216 0.453805 0.270302
0.269541 0.167572 0.0925771
0.204404 0.385903 0.454661
0.141727 0.440201 0.399855
0.11296 0.543779 0.240267
0.124463 0.733666 0.835436
0.186354 0.36858 0.690152
0.180126 0.406023 0.372393
0.112122 0.507204 0.366867
0.101325 0.552581 0.32594
0.190739 0.490759 0.234885
0.159073 0.676563 0.833003
0.222526 0.58553 0.409457
0.10527 0.509501 0.409281
0.111697 0.268834 0.575222
0.208418 0.662886 0.900755
0.232276 0.347806 0.664418
0.260441 0.480331 0.757767
0.0521558 0.424645 0.632909
0.265963 0.549113 0.407988
0.102443 0.415901 0.644504
0.214024 0.488901 0.777718
0.294261 0.0939267 0.0454648
0.0614907 0.161969 0.0581657
0.182357 0.661377 0.922318
0.343972 0.406814 0.616586
0.263543 0.553298 0.41342
0.311943 0.203136 0.599322
0.114257 0.60967 0.674634
0.299809 0.54526 0.312124
0.0905497 0.365708 0.164331
0.109749 0.545161 0.719171
0.189511 0.668355 0.968033
0.318067 0.0741985 0.63845
0.295673 0.514482 0.688229
0.167968 0.754501 0.734197
0.327345 0.0672821 0.089444
0.12686 0.359777 0.704871
0.289258 0.236722 0.0827486
0.119022 0.336781 0.611699
0.208832 0.588013 0.221983
0.1778 0.457364 0.233699
0.229212 0.646478 0.667403
0.138371 0.771367 0.888182
0.120154 0.608868 0.749999
0.0776872 0.428431 0.439954
0.0565147 0.534707 0.592931
0.165312 0.638683 0.881504
0.248235 0.802843 0.803502
0.217736 0.394728 0.215341
0.275699 0.0598552 0.098642
0.245643 0.640562 0.885945
0.114915 0.33097 0.107231
0.136214 0.615288 0.644317
 0.307 0.289498 0.624668
0.155627 0.728919 0.836018
0.272137 0.328578 0.606753
0.329707 0.166031 0.572219
0.205415 0.406783 0.349389
0.0975583 0.418811 0.31751
0.301467 0.451809 0.69043
0.0865391 0.489075 0.23037
0.160479 0.410007 0.754236
0.200802 0.691714 0.846514
0.252198 0.702382 0.777944
0.11056 0.03246 0.599093
0.271012 0.0424743 0.633254
0.265864 0.391289 0.303693
0.0516765 0.460157 0.64854
0.210832 0.668764 0.880167
0.093188 0.536382 0.696039
0.296109 0.383562 0.528379
0.274355 0.304918 0.178006
0.125808 0.199687 0.0915609
0.244767 0.659724 0.955584
0.294572 0.0576036 0.621419
0.221112 0.49756 0.225785
0.212594 0.66446 0.673944
0.0988022 0.31539 0.0903655
0.248967 0.752164 0.781068
0.312357 0.29802 0.155197
0.17012 0.392992 0.180977
0.0954333 0.106347 0.549434
0.155529 0.699641 0.834587
0.158459 0.408639 0.290731
0.150047 0.746101 0.735562
0.364998 0.0542979 0.106234
0.0691531 0.160429 0.0432345
0.302144 0.182623 0.600634
0.176465 0.730025 0.712913
0.299796 0.553974 0.624555
0.291574 0.119253 0.0644081
0.170804 0.411284 0.236058
0.247143 0.364845 0.718573
0.123791 0.341037 0.656006
0.190708 0.60585 0.52349
0.310237 0.271435 0.57225
0.164351 0.682856 0.841413
0.25628 0.721913 0.879958
0.21035 0.583341 0.239551
0.264806 0.459946 0.738411
0.142287 0.645572 0.901427
0.100905 0.510965 0.419006
0.272099 0.308542 0.186844
0.189912 0.346947 0.529821
0.282418 0.38208 0.673417
0.164803 0.469143 0.207718
0.103173 0.515784 0.413813
0.107324 0.217109 0.574317
0.172456 0.592571 0.492252
0.329978 0.0553145 0.63974
0.046413 0.388821 0.588995
0.126459 0.613769 0.663549
0.122453 0.661712 0.776205
0.14985 0.36023 0.259939
0.224278 0.42956 0.304028
0.141495 0.351738 0.504564
0.332703 0.438228 0.642654
0.146367 0.331793 0.217462
0.139291 0.339091 0.641652
0.313706 0.453421 0.533933
0.235927 0.715858 0.761897
0.0839325 0.359587 0.18142
0.0760754 0.0494232 0.647494
0.149534 0.64819 0.672809
0.301767 0.522719 0.328366
0.103164 0.0751818 0.117682
0.21536 0.485688 0.227027
0.232877 0.768806 0.80136
0.130814 0.323346 0.138902
0.146576 0.646713 0.851796
0.069739 0.0360801 0.111058
0.0583561 0.532656 0.541127
0.301476 0.382144 0.679771
0.311606 0.300411 0.157436
0.26804 0.245121 0.10818
0.0761055 0.425786 0.449988
0.181866 0.576445 0.206108
0.162132 0.787471 0.886037
0.293509 0.401401 0.307025
0.132957 0.801677 0.787596
0.252419 0.351349 0.505542
0.311937 0.389946 0.556571
0.261275 0.789433 0.770988
0.211747 0.423056 0.313058
0.262864 0.593668 0.562133
0.157476 0.445387 0.367341
0.263097 0.605851 0.752846
0.103189 0.517509 0.414035
0.177984 0.562102 0.775559
0.256177 0.751634 0.832309
0.249671 0.564042 0.377896
0.250441 0.57987 0.755435
0.272656 0.559171 0.332932
0.036084 0.438869 0.619185
0.158905 0.428052 0.395206
0.167073 0.65913 0.789661
0.0588184 0.0484579 0.0777609
0.312896 0.441286 0.484889
0.252169 0.659996 0.873178
0.333818 0.106599 0.547281
0.198252 0.613762 0.555421
0.294069 0.351785 0.259617
0.279086 0.0330902 0.599827
0.0790125 0.398638 0.519345
0.282398 0.585505 0.696616
0.101541 0.282875 0.553317
0.251409 0.659343 0.950386
0.203371 0.604985 0.150855
0.222159 0.585895 0.324479
0.115116 0.312939 0.202367
0.195754 0.360342 0.632443
0.292857 0.56626 0.612814
0.114508 0.487628 0.351322
0.281518 0.492137 0.406338
0.326307 0.408153 0.265602
0.17338 0.413685 0.397788
0.161959 0.700047 0.965654
0.320972 0.48456 0.530843
0.23239 0.396106 0.74738
0.0887924 0.0692156 0.110102
0.206218 0.751747 0.845127
0.310409 0.180836 0.105859
0.120806 0.486772 0.358171
0.0926853 0.565876 0.611047
0.26725 0.656017 0.847107
0.173813 0.495317 0.774936
0.0750854 0.114085 0.095536
0.154569 0.665791 0.837401
0.0657548 0.54315 0.590893
0.067506 0.535517 0.553674
0.309642 0.184018 0.598921
0.308346 0.148132 0.527335
0.303808 0.0797279 0.10179
0.0861585 0.524799 0.3261
0.177824 0.588035 0.210233
0.183539 0.606708 0.188096
0.30015 0.515264 0.330264
0.323565 0.368402 0.569264
0.339087 0.463164 0.566532
0.189909 0.680676 0.682278
0.272566 0.783881 0.780545
0.318238 0.466859 0.522264
0.116346 0.242233 0.602409
0.0580365 0.161672 0.0913038
0.283687 0.148129 0.0942371
0.131402 0.30743 0.169699
0.286038 0.209949 0.560271
0.0512548 0.374838 0.598925
0.315549 0.44939 0.514248
0.091839 0.441881 0.711074
0.101086 0.375112 0.471104
0.141975 0.330736 0.150811
0.301123 0.23823 0.610784
0.108931 0.786378 0.786645
0.252488 0.633874 0.7751
0.295727 0.324315 0.200472
0.154791 0.653536 0.914986
0.217219 0.375449 0.189002
0.0973796 0.229161 0.0772204
0.212056 0.571477 0.787617
0.0771255 0.475396 0.318305
0.0710567 0.147945 0.0962096
0.0752843 0.0827854 0.0927405
0.159114 0.580366 0.286092
0.207891 0.679783 0.967584
0.133173 0.787646 0.786651
0.281952 0.32631 0.221627
0.28026 0.585622 0.584254
0.0767244 0.398451 0.492358
0.2082 0.496013 0.775419
0.0621619 0.0325687 0.614818
0.299504 0.154483 0.102472
0.18251 0.59656 0.415182
0.0733762 0.286959 0.571131
0.265166 0.39298 0.158863
0.239122 0.671709 0.680726
0.234801 0.733836 0.830845
0.317903 0.210011 0.596539
0.302224 0.512383 0.326385
0.100385 0.211716 0.60865
0.17536 0.758485 0.763868
0.123367 0.324253 0.224061
0.283418 0.411599 0.427234
0.3058 0.447609 0.653487
0.103531 0.307704 0.564477
0.0682154 0.48103 0.291191
0.133105 0.677519 0.693873
0.0598924 0.0615705 0.596858
0.231148 0.742671 0.902481
0.183977 0.715053 0.966346
0.310377 0.447219 0.452017
0.308157 0.418373 0.5315
0.0717893 0.452283 0.242358
0.228054 0.627654 0.637245
0.0955519 0.123553 0.540737
0.190633 0.659926 0.66849
0.057916 0.147755 0.568071
0.202399 0.581807 0.191122
0.217157 0.432097 0.204149
0.197376 0.710393 0.968535
0.331901 0.347566 0.601896
0.260667 0.405589 0.72693
0.132778 0.770474 0.836387
0.236157 0.730588 0.829005
0.209302 0.60415 0.54554
0.25782 0.460856 0.189221
0.30862 0.395763 0.290584
0.0553183 0.223778 0.573581
0.288898 0.562085 0.580671
0.250265 0.369514 0.722892
0.275526 0.205027 0.569568
0.341869 0.412822 0.624239
0.206008 0.711094 0.849225
0.326722 0.201918 0.0901293
0.166939 0.659707 0.949598
0.161765 0.587674 0.518169
0.177481 0.415444 0.329658
0.267266 0.573844 0.731477
0.343198 0.0721274 0.0661828
0.0620683 0.458004 0.3017
0.312142 0.500694 0.653641
0.10757 0.474761 0.207481
0.233788 0.588484 0.545422
0.210247 0.725728 0.753907
0.167851 0.701428 0.69406
0.104365 0.175742 0.564329
0.243192 0.672405 0.955814
0.221138 0.698822 0.839878
0.0727717 0.4056 0.2364
0.0702225 0.206277 0.10928
0.262156 0.7629 0.856056
0.112544 0.0876096 0.58627
0.297869 0.371145 0.671746
0.302802 0.0812152 0.62096
0.337923 0.0817986 0.0855115
0.181246 0.411657 0.403793
0.0698615 0.105262 0.0918915
0.320379 0.0990847 0.0276136
0.171449 0.744735 0.923267
0.321126 0.315062 0.150187
0.187232 0.34935 0.520109
0.134234 0.72756 0.805185
0.106239 0.286254 0.157584
0.28689 0.269887 0.619108
0.284902 0.0988949 0.575682
0.265881 0.244055 0.595582
0.16888 0.665682 0.957815
0.0655345 0.448659 0.532537
0.127777 0.831094 0.784581
0.0879365 0.508481 0.327427
0.0756207 0.554444 0.51114
0.1349 0.663834 0.816441
0.152069 0.554573 0.246543
0.270339 0.0570679 0.109775
0.0872856 0.268253 0.145503
0.308714 0.423519 0.19566
0.29773 0.0815718 0.55079
0.234684 0.748853 0.890359
0.167629 0.783217 0.784278
0.111325 0.592147 0.567401
0.0548748 0.237898 0.576458
0.194269 0.601374 0.360366
0.157058 0.363309 0.709509
0.133153 0.377306 0.455181
0.279794 0.180612 0.0691455
0.275777 0.586426 0.539571
0.270115 0.57469 0.727826
0.258178 0.701027 0.802224
0.173801 0.427874 0.215652
0.2476 0.735092 0.801144
0.1429 0.654038 0.898484
0.126824 0.277043 0.120492
0.205182 0.526345 0.765389
0.0858628 0.0668781 0.0577015
0.0807415 0.096431 0.617247
0.188675 0.661064 0.861919
0.132503 0.377989 0.454469
0.308985 0.401095 0.180263
0.0598949 0.364108 0.569145
0.276135 0.0790039 0.593996
0.0583417 0.0510147 0.132827
0.108245 0.140347 0.5812
0.271162 0.598573 0.72284
0.287817 0.0465509 0.0804482
0.132857 0.736633 0.770994
0.140717 0.334009 0.149545
0.297963 0.377633 0.676355
0.247955 0.609904 0.608698
0.179307 0.77529 0.908296
0.109525 0.259819 0.566558
0.29472 0.225655 0.125193
0.147206 0.503544 0.216887
0.165464 0.479264 0.778114
0.269562 0.206303 0.585759
0.260791 0.34805 0.55758
0.27565 0.508744 0.22211
0.128477 0.573475 0.318436
0.117587 0.819305 0.779818
0.20865 0.770832 0.826417
0.156952 0.751041 0.827974
0.113971 0.300385 0.601282
0.148737 0.586239 0.776091
0.131574 0.65387 0.866833
0.264039 0.741088 0.843121
0.127936 0.775442 0.78838
0.0670897 0.418332 0.648504
0.201997 0.543555 0.766362
0.136377 0.493356 0.772671
0.153135 0.356162 0.483956
0.184879 0.661623 0.926531
0.228517 0.374337 0.250013
0.123381 0.326654 0.115117
0.104495 0.402564 0.160515
0.283262 0.305781 0.564165
0.288913 0.259026 0.0860006
0.254344 0.661328 0.750346
0.0677191 0.288401 0.121063
0.135374 0.655667 0.823035
0.113154 0.559792 0.334038
0.300794 0.549608 0.657344
0.173841 0.429212 0.228658
0.24058 0.692845 0.828667
0.265335 0.475623 0.199724
0.15873 0.465017 0.199237
0.100846 0.429259 0.415301
0.0945421 0.101831 0.590081
0.14362 0.74007 0.736687
0.159292 0.684352 0.770127
0.147191 0.330883 0.21461
0.302388 0.502703 0.674701
0.351652 0.0540529 0.584448
0.204634 0.452371 0.253585
0.0717983 0.234179 0.0872602
0.0596426 0.127384 0.584151
0.137001 0.566185 0.401092
0.0359244 0.428689 0.603066
0.264263 0.340815 0.644652
0.285958 0.368801 0.504285
0.316978 0.106493 0.109582
0.300621 0.285287 0.155331
0.0629359 0.240597 0.597258
0.266928 0.738043 0.848507
0.320383 0.501318 0.285762
0.0655654 0.49938 0.486741
0.270447 0.386074 0.448049
0.18921 0.754898 0.756679
0.269526 0.217801 0.104792
0.0599222 0.54039 0.514934
0.106707 0.354847 0.272237
0.052802 0.0761809 0.584209
0.307906 0.556779 0.516979
0.254222 0.719286 0.914968
0.218415 0.357656 0.196278
0.278617 0.336276 0.112228
0.200414 0.614521 0.799502
0.101362 0.576258 0.514584
0.237401 0.635037 0.660394
0.117971 0.632491 0.688187
0.12152 0.532539 0.229313
0.212186 0.583231 0.79392
0.0984849 0.175224 0.104865
0.0582184 0.507935 0.501626
0.302014 0.0762558 0.114542
0.117286 0.342517 0.650538
0.318834 0.0631131 0.0436099
0.319803 0.158953 0.592617
0.267339 0.225106 0.591655
0.227679 0.615906 0.777935
0.126256 0.337029 0.605492
0.323548 0.212794 0.565576
0.054044 0.515171 0.511287
0.162005 0.747823 0.896875
0.326575 0.0818634 0.59846
0.276713 0.260085 0.556367
0.220078 0.41996 0.18947
0.104971 0.583378 0.629836
0.115084 0.044435 0.595286
0.115059 0.053169 0.629055
0.334925 0.0638858 0.622528
0.060838 0.534824 0.612312
0.115238 0.56419 0.464175
0.127101 0.664831 0.691691
0.274163 0.376111 0.686779
0.320749 0.391254 0.664181
0.215407 0.429128 0.269583
0.269947 0.804519 0.778462
0.20561 0.405719 0.355577
0.136587 0.663017 0.803726
0.147517 0.733765 0.823813
0.242488 0.356868 0.259694
0.296914 0.524083 0.688139
0.249558 0.809611 0.788576
0.226541 0.583971 0.340182
0.297659 0.483843 0.684112
0.151277 0.660102 0.898687
0.0654685 0.173952 0.560911
0.14481 0.517971 0.222314
0.0660971 0.1843 0.56326
0.114282 0.356813 0.496893
0.241296 0.446127 0.327516
0.0790399 0.431205 0.218231
0.121341 0.200554 0.0857404
0.148284 0.668447 0.867847
0.27033 0.512995 0.223152
0.0963913 0.578217 0.533421
0.342095 0.514291 0.581492
0.120632 0.595532 0.584734
0.334826 0.380159 0.576602
0.0604651 0.268337 0.122054
0.291201 0.20747 0.548447
0.301013 0.548575 0.657448
0.234069 0.356281 0.47288
0.0987585 0.459536 0.409268
0.170484 0.553889  0.248
0.324376 0.409257 0.254908
0.204655 0.351216 0.605091
0.0796431 0.0655939 0.0920592
0.202045 0.619006 0.160771
0.282119 0.490465  0.704
0.112292 0.548698 0.425297
0.0878174 0.40849 0.441298
0.222213 0.589576 0.524515
0.318978 0.489791 0.29619
0.313242 0.166732 0.596336
0.173598 0.413699 0.398269
0.309455 0.42536 0.514565
0.259966 0.278623 0.118508
0.257125 0.570821 0.463615
0.108591 0.390846 0.303624
0.0925488 0.543693 0.694124
0.154204 0.444088 0.323214
0.310078 0.0381483 0.125239
0.108658 0.550297 0.342718
0.268042 0.385615 0.711601
0.153811 0.704675 0.833873
0.165688 0.750222 0.761956
0.0778617 0.0272375 0.570771
0.274699 0.392626 0.695945
0.133473 0.43055 0.746547
0.206167 0.372684 0.724477
0.0896261 0.56279 0.500735
0.226895 0.383259 0.448133
0.085718 0.0789265 0.626075
0.303636 0.544117 0.276692
0.215043 0.412538 0.375004
0.124941 0.175103 0.0865123
0.062284 0.16734 0.0590512
0.32814 0.346441 0.616775
0.279349 0.153096 0.559112
0.248556 0.518721 0.758421
0.248703 0.336711 0.614727
0.240331 0.526817 0.229118
0.26276 0.626027 0.713982
0.0448912 0.430192 0.550362
0.086603 0.080631 0.0875975
0.197642 0.598448 0.154693
0.0581138 0.0472224 0.635398
0.06156 0.255789 0.598175
0.217434 0.427797 0.214565
0.103314 0.244672 0.0862307
0.037992 0.0386263 0.588718
0.110144 0.377305 0.29645
0.201109 0.746994 0.955512
0.24929 0.597697 0.571162
0.0686583 0.521575 0.491227
0.258237 0.287374 0.117537
0.133829 0.497864 0.212932
0.297662 0.0958415 0.0990614
0.20364 0.374256 0.723827
0.333151 0.147021 0.0623726
0.220291 0.386944 0.740116
0.304804 0.525275 0.472976
0.106712 0.557638 0.26556
0.172325 0.664128 0.677255
0.224377 0.643649 0.789041
0.261943 0.349534 0.678155
0.180666 0.639966 0.962316
0.123106 0.581559 0.746469
0.167115 0.428485 0.294055
0.170252 0.573672 0.787741
0.228054 0.347359 0.512947
0.139131 0.534589 0.757934
0.354477 0.0527013 0.624873
0.302534 0.246533 0.554837
0.236315 0.688924 0.827907
0.172676 0.410983 0.750649
0.235646 0.365247 0.258462
0.280748 0.491695 0.405297
0.193198 0.613893 0.124638
0.327275 0.370364 0.621926
0.181546 0.725232 0.960615
0.0943417 0.430382 0.71447
0.186183 0.796064 0.826675
0.127342 0.563639 0.351715
0.152429 0.653403 0.9195
0.130847 0.352743 0.519919
0.110236 0.132616 0.574969
0.0605995 0.0772723 0.624704
0.213283 0.627716 0.928814
0.267714 0.74048 0.791363
0.0748717 0.482241 0.311379
0.327207 0.402183 0.64493
0.341975 0.413524 0.551825
0.0395109 0.498819 0.614792
0.286084 0.551246 0.261307
0.319011 0.232068 0.596277
0.1885 0.349741 0.582218
0.221555 0.661524 0.90599
0.171028 0.590267 0.414027
0.0879096 0.267375 0.550434
0.0325615 0.47209 0.606787
0.193748 0.626613 0.153313
0.108215 0.393124 0.441827
0.211946 0.661036 0.85855
0.262366 0.698202 0.879874
0.114904 0.366284 0.694955
0.0370514 0.0332443 0.624231
0.260057 0.458033 0.187129
0.252312 0.696838 0.782374
0.313217 0.360308 0.639098
0.207857 0.593632 0.318519
0.259348 0.654015 0.77423
0.260589 0.69513 0.803115
0.131355 0.722829 0.738217
0.131579 0.764804 0.883218
0.25671 0.436527 0.736901
0.164803 0.729887 0.844223
0.163894 0.512048 0.774445
0.113661 0.337386 0.619868
0.193961 0.595617 0.295864
0.111654 0.522856 0.226127
0.270104 0.041278 0.112946
0.300394 0.349597 0.240258
0.255837 0.715683 0.790682
0.231249 0.622619 0.626768
0.276434 0.587457 0.634981
0.0788013 0.203604 0.0678327
0.169936 0.743019 0.844457
0.312559 0.382175 0.673173
0.235286 0.438034 0.760063
0.169614 0.716718 0.755686
0.128306 0.685634 0.70771
0.15853 0.441404 0.764509
0.159679 0.647689 0.807466
0.131513 0.559087 0.253231
0.0623814 0.0828112 0.0315231
0.284025 0.0337639 0.624712
0.270842 0.816276 0.779728
0.0677852 0.459371 0.469269
0.0769247 0.224113 0.118967
0.136365 0.402063 0.16328
0.145111 0.36053 0.269836
0.0740321 0.468507 0.439289
0.170823 0.662177 0.852657
0.056867 0.124497 0.577335
0.244598 0.697069 0.948999
0.314843 0.286392 0.144892
0.0803327 0.368363 0.210947
0.178175 0.589405 0.216529
0.330782 0.055954 0.60131
0.0537013 0.328971 0.604685
0.320408 0.245554 0.122539
0.13228 0.483769 0.365487
0.12892 0.369916 0.154309
0.205572 0.719859 0.701382
0.105183 0.374445 0.293411
0.314693 0.438158 0.500674
0.111234 0.358438 0.526081
0.312322 0.41957 0.202582
0.329493 0.0637581 0.138632
0.108956 0.330742 0.638712
0.152203 0.570343 0.778898
0.28512 0.0541701 0.628557
0.0724245 0.519146 0.646803
0.296742 0.484882 0.684484
0.215203 0.662927 0.949849
0.241845 0.6699 0.823136
0.252819 0.77275 0.865428
0.296095 0.533943 0.686959
0.229779 0.461449 0.773811
0.29197 0.17694 0.534671
0.0552987 0.516773 0.509068
0.218663 0.662262 0.902699
0.224311 0.386617 0.247653
0.133541 0.650503 0.886123
0.275867 0.325681 0.102069
0.181626 0.520521 0.764385
0.0436373 0.485881 0.62995
0.113371 0.0903363 0.579204
0.229692 0.572165 0.778761
0.182246 0.689139 0.846065
0.0782216 0.283096 0.105432
0.1103 0.79368 0.791282
0.0876003 0.501101 0.231648
0.0711809 0.393145 0.255163
0.0550078 0.0789594 0.0932486
0.148778 0.74619 0.737013
0.170178 0.765066 0.878957
0.169522 0.420757 0.276298
0.111659 0.320882 0.216382
0.188174 0.367565 0.665614
0.31231 0.435618 0.485385
0.290754 0.157535 0.527734
0.132951 0.7684 0.831688
0.297569 0.0421622 0.0757082
0.322708 0.479856 0.551779
0.208969 0.599728 0.52963
0.155381 0.449708 0.183948
0.124325 0.0420365 0.6266
0.160809 0.448159 0.766566
0.335889 0.0692197 0.047212
0.106347 0.238468 0.568065
0.317578 0.486322 0.302701
0.160785 0.496317 0.778194
0.0885111 0.347278 0.173326
0.301597 0.0800224 0.540852
0.156252 0.423029 0.758413
0.122274 0.346172 0.574885
0.259086 0.706614 0.778281
0.291789 0.157744 0.527421
0.210352 0.633816 0.89326
0.250544 0.686734 0.936458
0.230075 0.658823 0.800308
0.320172 0.506083 0.503261
0.262218 0.781902 0.771527
0.0979834 0.445482 0.329684
0.0662692 0.44547 0.491519
0.288091 0.574653 0.575904
0.328316 0.398762 0.644485
0.112297 0.228815 0.114464
0.269738 0.358672 0.498173
0.297676 0.105133 0.0941193
0.273119 0.708108 0.817129
0.257864 0.559953 0.35367
0.144763 0.577044 0.509724
0.311699 0.0778894 0.532565
0.0276998 0.048822 0.617774
0.0924619 0.100504 0.100747
0.311623 0.485973 0.238541
0.318243 0.484877 0.250488
0.286239 0.119537 0.0825008
0.300383 0.179432 0.0594435
0.289077 0.149466 0.525954
0.262323 0.754377 0.868747
0.303124 0.341269 0.194998
0.23556 0.341531 0.63314
0.100292 0.213511 0.609125
0.25291 0.506893 0.759298
0.0776593 0.401084 0.217837
0.195401 0.587205 0.173589
0.263306 0.458971 0.741408
0.290348 0.560702 0.486026
0.0621223 0.262288 0.575114
0.284653  0.542 0.446738
0.246073 0.749679 0.796398
0.308407 0.185498 0.0588331
0.16916 0.793181 0.850192
0.0906588 0.564042 0.656861
0.211562 0.592946 0.421405
0.304411 0.357084 0.253698
0.323309 0.291908 0.609838
0.318843 0.123582 0.0390709
0.168782 0.395561 0.24328
0.297872 0.127516 0.0925774
0.330191 0.442357 0.299566
0.0999463 0.165517 0.536215
0.341319 0.0823961 0.0480858
0.305497 0.118819 0.0384805
0.0734888 0.520898 0.281936
0.20561 0.587088 0.270029
0.318564 0.313657 0.582099
0.293083 0.497842 0.224528
0.26916 0.470174 0.330072
0.105576 0.362561 0.503828
0.0615177 0.474501 0.531727
0.161769 0.372202 0.722172
0.30117 0.391136 0.537835
0.234871 0.653092 0.672213
0.121084 0.0505039 0.131424
0.0842146 0.0747325 0.535104
0.130797 0.745534 0.767938
0.142384 0.580902 0.30467
0.114865 0.3424 0.649016
0.18602 0.35242 0.599925
0.18058 0.66389 0.892591
0.173924 0.792606 0.809089
0.15641 0.34511 0.622325
0.0737206 0.533869 0.568248
0.0969696 0.447467 0.330171
0.270499 0.731313 0.861364
0.130459 0.593927 0.56698
0.0550931 0.070877 0.111927
0.280313 0.489035 0.707188
0.0688103 0.363071 0.643858
0.158472 0.711641 0.759982
0.0859923 0.312982 0.17226
0.262899 0.374099 0.460138
0.112086 0.594939 0.727027
0.0662529 0.102682 0.541016
0.218105 0.347578 0.531457
0.196963 0.37841 0.70089
0.224297 0.587784 0.517574
0.311376 0.399893 0.292098
0.0487872 0.474585 0.563603
0.246417 0.666595 0.955884
0.243476 0.575113 0.434677
0.241255 0.729088 0.899198
0.186386 0.590023 0.273846
0.0611664 0.169099 0.0731126
0.0713283 0.407366 0.65525
0.21532 0.582707 0.291374
0.0860489 0.0980401 0.0288545
0.138439 0.389315 0.441236
0.102492 0.361012 0.666502
0.165399 0.554844 0.248006
0.0709898 0.290167 0.143304
0.256609 0.560868 0.422406
0.276017 0.0817958 0.573376
0.27902 0.13148 0.566733
0.238426 0.688219 0.958017
0.27593 0.3165 0.626545
0.0613112 0.28578 0.131277
0.142964 0.576606 0.524134
0.123164 0.615759 0.750247
0.261587 0.666352 0.912076
0.350009 0.461561 0.625156
0.256283 0.712573 0.761277
0.0980457 0.0374201 0.0973606
0.158594 0.470403 0.20423
0.118179 0.355111 0.529082
0.160881 0.66068 0.818952
0.10497 0.586654 0.610216
0.166632 0.709535 0.843495
0.290232 0.430551 0.173886
0.256894 0.641381 0.837999
0.252219 0.667249 0.822229
0.174592 0.611671 0.801618
0.172403 0.350071 0.530889
0.148127 0.456435 0.384402
0.169258 0.78302 0.7749
0.342936 0.0790695 0.558075
0.333196 0.182118 0.0948405
0.216286 0.589367 0.353813
0.0770333 0.544326 0.621085
0.217501 0.657919 0.925805
0.19873 0.347126 0.547953
0.214687 0.430858 0.268351
0.305783 0.153848 0.595989
0.0813801 0.574036 0.555235
0.0552547 0.510296 0.53171
0.254843 0.557453 0.392605
0.0909998 0.502906 0.435431
0.278733 0.368153 0.289182
0.283582 0.485123 0.406507
0.0769984 0.308076 0.625783
0.125479 0.603297 0.759474
0.181082 0.587591 0.270742
0.305365 0.271323 0.562083
0.190952 0.603114 0.209522
0.0787419 0.40162 0.19339
0.174501 0.612158 0.571469
0.247603 0.70518 0.814933
0.107157 0.561768 0.276551
0.27063 0.781618 0.778071
0.168935 0.782197 0.792512
0.12653 0.743864 0.83554
0.331719 0.0841673 0.0784323
0.324183 0.0337516 0.630085
0.0955612 0.569368 0.706739
0.201931 0.439262 0.762235
0.217628 0.420514 0.334085
0.0830596 0.485122 0.682538
0.10691 0.320115 0.0935354
0.262455 0.366097 0.706328
0.184452 0.737872 0.953401
0.179688 0.784162 0.795617
0.271069 0.17975 0.0988503
0.178121 0.406639 0.367235
0.183679 0.629851 0.916784
0.202936 0.588717 0.261429
0.196476 0.595078 0.160014
0.150537 0.589913 0.780267
0.088452 0.384184 0.477542
0.110478 0.508881 0.402704
0.32124 0.495723 0.27999
0.244805 0.355928 0.701947
0.101691 0.178495 0.104313
0.195321 0.409646 0.415062
0.0780037 0.285667 0.107171
0.297062 0.125676 0.0495891
0.0799001 0.391688 0.196739
0.206805 0.746057 0.929812
0.140613 0.432857 0.171336
0.122512 0.463071 0.392257
0.338989 0.140099 0.0798357
0.328234 0.328863 0.590141
0.0905746 0.107902 0.0692967
0.0719466 0.546251 0.587565
0.199221 0.668263 0.941825
0.11173 0.565257 0.472313
0.170641 0.370809  0.219
0.0685851 0.178212 0.100254
0.178302 0.640758 0.649693
0.148544 0.701353 0.827588
0.306968 0.517284 0.471231
0.225563 0.423108 0.404858
0.108787 0.508077 0.720218
0.0965154 0.197529 0.0703756
0.34112 0.399127 0.620729
0.0800614 0.329896 0.167393
0.308508 0.16566 0.532603
0.269823 0.385607 0.301266
0.213013 0.76968 0.909013
0.125573 0.31433 0.203086
0.265524 0.823781 0.78909
0.316514 0.0638571 0.60024
0.100674 0.346157 0.656833
0.0982103 0.17518 0.0591976
0.289178 0.189096 0.600193
0.0919896 0.562959 0.57694
0.0734244 0.241239 0.0881792
0.0490347 0.426302 0.631742
0.305291 0.0354008 0.565129
0.103905 0.113798 0.0757201
0.176837 0.519865 0.767402
0.078717 0.371491 0.210145
0.151168 0.642518 0.668387
0.115896 0.376974 0.152106
0.347299 0.503495 0.585325
0.107474 0.591827 0.716996
0.0830598 0.300953 0.556534
0.118695 0.766546 0.798072
0.230529 0.617418 0.611852
0.21799 0.378587 0.215794
0.25534 0.65419 0.94059
0.104435 0.0905327 0.567356
0.0759258 0.434192 0.229266
0.285638 0.574892 0.631726
0.117156 0.682015 0.832455
0.172154 0.657933 0.820301
0.0584426 0.439506 0.275564
0.0716226 0.161875 0.535426
0.114713 0.792581 0.781541
0.132078 0.748049 0.765338
0.219718 0.786485 0.789693
0.077022 0.110151 0.539446
0.161232 0.58701 0.430733
0.0384528 0.0629067 0.123079
0.0767128 0.283473 0.143378
0.233114 0.337286 0.169115
0.273228 0.163934 0.0949916
0.218423 0.772756 0.814435
0.124293 0.698925 0.752064
0.208881 0.600136 0.799182
0.322918 0.527632 0.524263
0.228651 0.611846 0.594971
0.141392 0.345441 0.555191
0.306874 0.43029 0.450199
0.0679812 0.457802 0.467944
0.242196 0.342009 0.229753
0.17187 0.573296 0.253148
0.204114 0.660803 0.854639
0.0582661 0.469214 0.504378
0.244481 0.575817 0.517642
0.107122 0.350033 0.265383
0.0921369 0.49798 0.227515
0.231917 0.567364 0.271375
0.119161 0.630159 0.714112
0.167795 0.403704 0.26055
0.0367267 0.453224 0.586524
0.0618022 0.549776 0.523912
0.0965036 0.32073 0.197872
0.31548 0.0351501 0.10734
0.0488862 0.362964 0.588913
0.170881 0.466963 0.215854
0.339906 0.0898246 0.0546687
0.316835 0.272022 0.107716
0.169979 0.659772 0.805664
0.147154 0.733044 0.926833
0.0661168 0.134412 0.0440715
0.217335 0.347612 0.533389
0.323224 0.0536046 0.561731
0.261596 0.588342 0.742989
0.127016 0.769426 0.860596
0.197382 0.787568 0.790112
0.242891 0.679576 0.952198
0.0811297 0.372538 0.266617
0.248254 0.789469 0.7748
0.105458 0.536553 0.715358
0.111477 0.329761 0.624516
0.207641 0.409477 0.34176
0.0633137 0.445266 0.506248
0.188586 0.767827 0.906566
0.135581 0.644455 0.877147
0.211628 0.50395 0.774909
0.0574615 0.340002 0.60976
0.265484 0.351122 0.56941
0.0895484 0.0745095 0.609434
0.21845 0.432895 0.201012
0.132062 0.781019 0.770193
0.0599665 0.0827946 0.124631
0.277066 0.0779097 0.603757
0.0806016 0.548451 0.582748
0.273247 0.586534 0.538138
0.0476166 0.0744289 0.593937
0.217847 0.590513 0.517796
0.322619 0.201971 0.563376
0.352931 0.0756305 0.0967229
0.263294 0.242148 0.584033
0.19097 0.38435 0.726758
0.353889 0.035301 0.591092
0.266921 0.767603 0.792268
0.0351651 0.448448 0.619551
0.158444 0.585694 0.493336
0.0409402 0.424174 0.551362
0.16839 0.648054 0.959418
0.194326 0.648934 0.813072
0.314629 0.463507 0.536633
0.0949789 0.199129 0.6073
0.29222 0.456912 0.416761
0.135208 0.459128 0.765211
0.25486 0.577803 0.511016
0.303688 0.393625 0.548204
0.108453 0.461179 0.33148
0.130772 0.7276 0.873123
0.300439 0.304128 0.556515
0.230534 0.350737 0.220294
0.248154 0.77485 0.833938
0.288418 0.246505 0.548049
0.131271 0.680323 0.810823
0.268486 0.210579 0.586149
0.307841 0.539789 0.283496
0.13741 0.660947 0.875859
0.260443 0.735476 0.781539
0.185956 0.3628 0.664169
0.13271 0.562817 0.377651
0.268861 0.228963 0.575077
0.290571 0.568082 0.61466
0.256095 0.453633 0.39313
0.184619 0.753049 0.756912
0.253101 0.716603 0.799607
0.26678 0.170746 0.0840903
0.171375 0.430913 0.295069
0.326641 0.277073 0.596651
0.279064 0.0768731 0.0702773
0.241503 0.78476 0.82153
0.0716797 0.258657 0.107051
0.289083 0.112096 0.0852361
0.0935883 0.286415 0.158074
0.143276 0.584649 0.765803
0.252459 0.571952 0.476471
0.256646 0.607671 0.641476
0.281335 0.467514 0.199362
0.112684 0.55412 0.726207
0.0718327 0.417487 0.482912
0.296506 0.320904 0.193909
0.286358 0.435825 0.416181
0.178994 0.727268 0.851243
0.350936 0.452879 0.5931
0.258845 0.72057 0.877281
0.243455 0.645612 0.671778
0.120743 0.72361 0.814141
0.251108 0.562296 0.39223
0.0956484 0.276718 0.0855806
0.0807172 0.398493 0.18201
0.320917 0.397364 0.2676
0.255572 0.646562 0.759125
0.245391 0.352942 0.259551
0.216381 0.628691 0.918555
0.141926 0.329603 0.219342
0.116764 0.705618 0.813154
0.32112 0.132899 0.54579
0.307231 0.406695 0.480111
0.193412 0.660737 0.926251
0.133489 0.667472 0.814663
0.329329 0.456145 0.299575
0.300869 0.339705 0.64898
0.0307861 0.0550356 0.598375
0.268506 0.484626 0.353887
0.0916133 0.313044 0.631848
0.230981 0.654926 0.921827
0.0857396 0.11679 0.0377405
0.219208 0.385743 0.22354
0.202298 0.674022 0.954833
0.317325 0.535896 0.547578
0.314673 0.112916 0.0776022
0.156489 0.351412 0.234123
0.354297 0.0581232 0.124712
0.298436 0.152172 0.525187
0.0773289 0.540855 0.575024
0.34644 0.0674487 0.0772816
0.0885433 0.137693 0.0978152
0.17468 0.74872 0.942763
0.123373 0.648132 0.852574
0.189283 0.600394 0.441408
0.173421 0.592175 0.424495
0.320555 0.244874 0.567976
0.198956 0.796006 0.845281
0.194847 0.762193 0.908198
0.0993747 0.0731984 0.61136
0.233159 0.784976 0.858274
0.265837 0.561732 0.441824
0.113061 0.0828325 0.570397
0.0643589 0.419794 0.293124
0.297684 0.562219 0.566128
0.300695 0.345499 0.204013
0.139246 0.378831 0.454671
0.194942 0.664815 0.89009
0.237427 0.426195 0.3093
0.0836569 0.325048 0.1124
0.154885 0.345155 0.632504
0.105564 0.227838 0.609582
0.302246 0.479877 0.681297
0.082462 0.376345 0.27476
0.176231 0.575845 0.786029
0.142228 0.325835 0.151854
0.121421 0.717912 0.866646
0.0769321 0.157383 0.597333
0.0914836 0.557988 0.576535
0.245594 0.666915 0.794513
0.115395 0.0798589 0.0736579
0.039117 0.44285 0.632342
0.141108 0.692248 0.954831
0.161713 0.73604 0.936688
0.211839 0.66161 0.911659
0.222797 0.378562 0.45807
0.154984 0.63806 0.892133
0.292443 0.563615 0.674839
0.123166 0.284917 0.125789
0.29538 0.0387158 0.0906402
0.307619 0.446653 0.438784
0.303276 0.399525 0.527893
0.23992 0.575987 0.369145
0.0658859 0.475864 0.284848
0.081082 0.536853 0.300092
0.0915471 0.574059 0.527959
0.0591286 0.142224 0.0585584
0.352312 0.479795 0.605494
0.277485 0.376684 0.151223
0.197991 0.348955 0.576189
0.124695 0.336957 0.60692
0.173876 0.503747 0.228566
0.35056 0.0778237 0.100659
0.157536 0.451765 0.370296
0.285617 0.577836 0.679688
0.279625 0.590535 0.699656
0.246397 0.340369 0.650969
0.335637 0.468349 0.646962
0.250706 0.55253 0.248721
0.129506 0.572553 0.286049
0.322068 0.112914 0.590166
0.313226 0.166488 0.536885
0.294397 0.448561 0.191297
0.161598 0.614552 0.60236
0.278914 0.362528 0.538877
0.0399731 0.47034 0.634775
0.351022 0.040389 0.626755
0.304374 0.390286 0.289412
0.14969 0.42326 0.415035
0.208367 0.775672 0.748819
0.186219 0.599993 0.463693
0.258613 0.786655 0.782328
0.185703 0.659834 0.857656
0.24113 0.672087 0.85631
0.111605 0.298681 0.613531
0.281033 0.333542 0.102644
0.103936 0.390104 0.156993
0.174405 0.713836 0.847339
0.120456 0.0433508 0.130618
0.254623 0.728206 0.768788
0.288079 0.49122 0.694318
0.159313 0.347358 0.653105
0.0634632 0.0663124 0.585851
0.280073 0.334479 0.242014
0.0589327 0.0468712 0.0782613
0.058046 0.467014 0.512361
0.0410698 0.0607888 0.582888
0.232969 0.721543 0.950592
0.259828 0.341297 0.65704
0.171239 0.661298 0.919135
0.171612 0.546984 0.771013
0.330251 0.406108 0.548653
0.119246 0.678977 0.810093
0.157301 0.351165 0.529643
0.235535 0.580976 0.467397
0.299762 0.4842 0.431348
0.185622 0.610555 0.137224
0.202808 0.653305 0.66291
0.251613 0.466539 0.342406
0.105718 0.563345 0.299862
0.157067 0.626944 0.636512
0.224442 0.761363 0.893228
0.0590481 0.536117 0.60139
0.335233 0.107892 0.568166
0.291044 0.0368346 0.113906
0.339052 0.05519 0.57402
0.239283 0.359555 0.162651
0.12429 0.734834 0.78592
0.192719 0.397099 0.443841
0.300871 0.0835015 0.104197
0.113462 0.243707 0.120463
0.299308 0.522125 0.68274
0.05673 0.523486 0.537304
0.311884 0.469807 0.657081
0.184579 0.783537 0.805122
0.127716 0.802684 0.782955
0.132872 0.350528 0.532555
0.22026 0.783604 0.78153
0.185254 0.668786 0.677803
0.279556 0.172406 0.587593
0.158203 0.597169 0.561746
0.0625913 0.474784 0.494896
0.134384 0.719302 0.728242
0.285036 0.101865 0.0712712
0.272304 0.472906 0.728915
0.348188 0.419748 0.611088
0.315818 0.222211 0.117291
0.140674 0.793268 0.813296
0.214302 0.629658 0.945568
0.102319 0.155328 0.0999889
0.226709 0.342666 0.179284
0.198883 0.634663 0.125285
0.307444 0.537056 0.268715
0.211891 0.646102 0.872579
0.153807 0.714256 0.955214
0.268642 0.553012 0.424473
0.207756 0.657085 0.967354
0.174417 0.383746 0.209318
0.122054 0.652122 0.727129
0.197029 0.695398 0.953372
0.249099 0.670748 0.864266
0.0332739 0.437683 0.602102
0.323014 0.181627 0.561576
0.165227 0.370428 0.720443
0.213533 0.439603 0.249662
0.283974 0.583287 0.57131
0.131675 0.647119 0.917962
0.169083 0.355082 0.198271
0.239185 0.671556 0.858259
0.221667 0.676347 0.772111
0.124935 0.687938 0.749044
0.140515 0.778238 0.806863
0.143793 0.664752 0.871532
0.211682 0.594443 0.487097
0.223747 0.582671 0.788764
0.328434 0.315245 0.593056
0.140579 0.565855 0.263144
0.0809783 0.293866 0.154927
0.190651 0.68554 0.83199
0.205898 0.757155 0.841866
0.116944 0.734194 0.858554
0.176275 0.516149 0.230402
0.217598 0.376707 0.187756
0.308089 0.0370642 0.118336
0.0900194 0.266166 0.0830445
0.120531 0.432588 0.728938
0.0895209 0.352168 0.211442
0.11051 0.261192 0.0965254
0.073058 0.448731 0.675034
0.118921 0.523973 0.731562
0.0382128 0.43475 0.568438
0.213348 0.451253 0.767855
0.231171 0.403098 0.750737
0.228651 0.722399 0.83858
0.118663 0.063046 0.122979
0.113253 0.357622 0.489154
0.298948 0.336199 0.126505
0.0891944 0.0995259 0.0752551
0.252841 0.731029 0.773932
0.274382 0.310859 0.196601
0.275558 0.240296 0.116514
0.288684 0.372242 0.568913
0.229648 0.73438 0.716048
0.158422 0.637913 0.657493
0.32104 0.0911118 0.625682
0.122659 0.669587 0.734968
0.229164 0.793188 0.831257
0.175784 0.576921 0.23199
0.121346 0.550119 0.36473
0.242366 0.344837 0.672168
0.309017 0.119768 0.0376147
0.329396 0.052518 0.640797
0.0708146 0.0980916 0.124777
0.254447 0.714457 0.748348
0.203237 0.599834 0.208729
0.196991 0.613461 0.181343
0.209946 0.738882 0.955716
0.242745 0.667516 0.842161
0.216708 0.528527 0.768937
0.304693 0.560581 0.520731
0.157805 0.444142 0.33439
0.255368 0.762795 0.818824
0.272291 0.593726 0.636324
0.23348 0.438639 0.179691
0.310267 0.036477 0.114853
0.179106 0.789163 0.798366
0.0674135 0.0964849 0.0695563
0.110536 0.361641 0.482773
0.0384223 0.436438 0.569953
0.0565623 0.0997462 0.560651
0.113747 0.0580967 0.0863555
0.164692 0.587782 0.304763
0.303616 0.438306 0.43355
0.14804 0.323235 0.173575
0.104052 0.0975685 0.0678779
0.290699 0.568105 0.505205
0.0627598 0.448405 0.540335
0.327799 0.257254 0.588001
0.170998 0.591651 0.369404
0.171918 0.73107 0.848012
0.143516 0.548364 0.763011
0.293965 0.378016 0.509008
0.143935 0.656496 0.896996
0.0811438 0.233823 0.125023
0.311102 0.301321 0.625505
0.124297 0.650184 0.73885
0.205796 0.666686 0.888927
0.170633 0.662237 0.852671
0.282297 0.174467 0.552352
0.124652 0.446596 0.743441
0.0822017 0.43087 0.321156
0.184455 0.577659 0.778787
0.116015 0.328058 0.104661
0.203981 0.61713 0.802123
0.218846 0.357221 0.477612
0.0575393 0.470274 0.508585
0.284646 0.333229 0.233811
0.149676 0.441045 0.761791
0.186867 0.789911 0.8694
0.113592 0.764495 0.782754
0.228348 0.400198 0.175266
0.0533329 0.526078 0.608466
0.291469 0.547346 0.694775
0.299653 0.570248 0.535414
0.0743542 0.378236 0.677185
0.263543 0.567528 0.316437
0.123282 0.702442 0.792239
0.247982 0.501476 0.768371
0.275864 0.403137 0.309459
0.264653 0.654391 0.913535
0.240481 0.703861 0.766546
0.146304 0.585804 0.770294
0.163504 0.42579 0.342546
0.138957 0.572925 0.457658
0.0939367 0.458748 0.702221
0.312812 0.0358114 0.111164
0.168725 0.790758 0.859641
0.0634132 0.0710593 0.137669
0.228492 0.583804 0.300584
0.310535 0.328659 0.565984
0.201558 0.354642 0.627554
0.085533 0.541046 0.306672
0.152687 0.691104 0.692591
0.250392 0.643905 0.880758
0.232134 0.752719 0.734538
0.0974723 0.416465 0.168767
0.321421 0.467391 0.653194
0.289257 0.250669 0.137088
0.25559 0.680201 0.792655
0.117937 0.757985 0.804173
0.0906933 0.0799072 0.541279
0.294734 0.552799 0.307961
0.116487 0.448848 0.732036
0.280498 0.187817 0.566878
0.28408 0.368842 0.564928
0.17855 0.658526 0.808093
0.0699326 0.507816 0.280806
0.29411 0.392219 0.469689
0.301278 0.412763 0.173579
0.0977498 0.199758 0.561263
0.112366 0.36673 0.471814
0.24701 0.344833 0.247336
0.111945 0.52958 0.724638
0.0664658 0.12822 0.0439957
0.18579 0.639755 0.805725
0.282735 0.123338 0.567375
0.171134 0.788065 0.870911
0.194609 0.771156 0.907519
0.111416 0.187241 0.103531
0.0778703 0.162988 0.102955
0.242065 0.747861 0.879125
0.319066 0.531414 0.544904
0.0474347 0.523247 0.59553
0.30848 0.0292426 0.59493
0.235546 0.400267 0.74877
0.0904154 0.529314 0.691039
0.329016 0.128153 0.0767453
0.238885 0.577033 0.489586
0.184038 0.585813 0.784299
0.319811 0.449179 0.239845
0.299712 0.53297 0.250337
0.260981 0.674783 0.777204
0.315682 0.451044 0.515268
0.27919 0.583287 0.532645
0.179639 0.595505 0.4026
0.317798 0.0664009 0.641591
0.297118 0.34254 0.221395
0.297921 0.0996572 0.0607744
0.309618 0.0630701 0.588335
0.0765422 0.326328 0.161743
0.109848 0.311583 0.584038
0.256348 0.77748 0.770381
0.0742554 0.42912 0.454484
0.136539 0.771561 0.799511
0.267725 0.165968 0.083862
0.183569 0.45721 0.76711
0.167188 0.66369 0.828187
0.307633 0.319629 0.110416
0.271493 0.612761 0.695178
0.278802 0.363095 0.563816
0.182324 0.663459 0.931638
0.0721695 0.390004 0.259413
0.213755 0.749204 0.722695
0.199437 0.700693 0.835818
0.0550906 0.244131 0.577156
0.0879542 0.0580403 0.566851
0.0533966 0.512212 0.517385
0.134543 0.721153 0.880888
0.129738 0.647887 0.919184
0.0648539 0.182554 0.069175
0.319129 0.229827 0.0852349
0.310832 0.534957 0.278938
0.13794 0.628502 0.665786
0.315369 0.072428 0.596792
0.134869 0.5691 0.367019
0.0728922 0.0882952 0.0884659
0.216136 0.671684 0.839658
0.119965 0.679546 0.810801
0.247529 0.805895 0.797921
0.178883 0.425284 0.7565
0.279396 0.308927 0.627088
0.114353 0.267471 0.134581
0.274393 0.252294 0.561045
0.262544 0.392122 0.724865
0.298021 0.545404 0.478394
0.197523 0.368826 0.690718
0.24185 0.653515 0.843795
0.21403 0.449078 0.227564
0.0720279 0.51979 0.643968
0.198516 0.61038 0.133984
0.295559 0.549982 0.273323
0.0499986 0.381928 0.606398
0.117917 0.0388839 0.114197
0.137807 0.423481 0.41324
0.0920363 0.0684354 0.559286
0.234743 0.721304 0.831065
0.240875 0.689393 0.818556
0.300084 0.348122 0.231758
0.280101 0.559666 0.321747
0.309484 0.462961 0.441582
0.133941 0.571059 0.475625
0.293783 0.379345 0.52627
0.159253 0.751958 0.896647
0.170916 0.662857 0.828904
0.137957 0.387342 0.739226
0.294856 0.339504 0.103854
0.257034 0.70818 0.918687
0.228651 0.394083 0.275936
0.117715 0.647836 0.698941
0.326988 0.443462 0.253604
0.223182 0.570296 0.274067
0.314593 0.45754 0.526673
0.148393 0.659615 0.794646
0.191725 0.601952 0.495091
0.179663 0.638442 0.64032
0.258434 0.665595 0.694926
0.081783 0.229337 0.552661
0.031861 0.479933 0.604004
0.216312 0.592073 0.528618
0.135446 0.820404 0.783317
0.138329 0.72379 0.927125
0.183147 0.359864 0.673752
0.249122 0.650002 0.935973
0.0919574 0.388599 0.694204
0.259005 0.666615 0.937148
0.0772967 0.371547 0.224425
0.350966 0.458052 0.608038
0.18101 0.646196 0.869611
0.14747 0.722651 0.938042
0.125892 0.710588 0.872882
0.0955465 0.417597 0.424463
0.351617 0.467602 0.598215
0.197421 0.366391 0.673923
0.136515 0.773922 0.847014
0.229238 0.446353 0.765969
0.132564 0.454672 0.760287
0.226895 0.50958 0.775318
0.270222 0.0437903 0.110297
0.296582 0.378684 0.287991
0.0973999 0.523991 0.234688
0.116809 0.0808192 0.104748
0.335419 0.380326 0.590837
0.211372 0.628181 0.920299
0.121703 0.387556 0.724417
0.310962 0.0924472 0.0816622
0.226691 0.661725 0.831748
0.159223 0.760994 0.893172
0.285161 0.334119 0.235179
0.207212 0.564946 0.233781
0.25534 0.353929 0.69533
0.05692 0.233203 0.571994
0.255353 0.72096 0.77208
0.305831 0.0404489 0.0654795
0.233086 0.671326 0.867126
0.342028 0.0830766 0.561187
0.350886 0.436052 0.612195
0.256103 0.679401 0.737175
0.270842 0.170732 0.0729854
0.199033 0.727946 0.74945
0.304377 0.0688625 0.0524195
0.322967 0.180426 0.561129
0.234111 0.605948 0.585805
0.126753 0.455776 0.184583
0.303255 0.222546 0.606962
0.139078 0.605977 0.768001
0.288472 0.570675 0.627742
0.175879 0.57682 0.231196
0.178648 0.500005 0.2304
0.244771 0.408946 0.168734
0.0633952 0.509482 0.547215
0.0589239 0.321407 0.613996
0.30987 0.380792 0.674293
0.29756 0.572313 0.536403
0.139957 0.36322 0.716463
0.0980364 0.244631 0.133995
0.119252 0.589508 0.55126
0.322516 0.15043 0.551274
0.162843 0.796955 0.835543
0.13745 0.758786 0.763851
0.118302 0.734055 0.862551
0.0820164 0.526086 0.67216
0.126587 0.761486 0.869815
0.11859 0.233579 0.111803
0.222626 0.796956 0.832923
0.121286 0.615248 0.722677
0.193386 0.678554 0.837755
0.164854 0.40122 0.27033
0.0515065 0.345624 0.587528
0.080386 0.152575 0.102927
0.145827 0.35385 0.486311
0.330727 0.511836 0.627491
0.324271 0.308626 0.125719
0.318956 0.504841 0.290436
0.156974 0.747648 0.830642
0.125234 0.684272 0.887843
0.283794 0.504218 0.355849
0.222423 0.392715 0.244582
0.186247 0.735479 0.749746
0.170146 0.660504 0.826805
0.255065 0.704921 0.736997
0.205579 0.680609 0.764089
0.280105 0.064858 0.127304
0.134617 0.728192 0.805656
0.2773 0.22817 0.0903074
0.0902305 0.507773 0.44137
0.133985 0.565952 0.435634
0.301658 0.0750855 0.618478
0.0710534 0.11036 0.541452
0.262686 0.253952 0.588449
0.0628402 0.450318 0.497761
0.299611 0.557138 0.590016
0.147247 0.658448 0.955841
0.233018 0.393688 0.2847
0.183298 0.460611 0.768211
0.29194 0.210535 0.116214
0.125724 0.647835 0.775546
0.214244 0.581381 0.282037
0.0663114 0.429998 0.305549
0.260177 0.736442 0.780362
0.336664 0.386939 0.577656
0.100195 0.151364 0.0524553
0.29122 0.296631 0.552889
0.181945 0.61996 0.149495
0.0615664 0.15619 0.0925007
0.0972113 0.298839 0.625802
0.18364 0.689632 0.827954
0.281438 0.307619 0.0961421
0.0698689 0.0615548 0.0488903
0.096596 0.0980333 0.56313
0.278166 0.361484 0.145029
0.22123 0.58634 0.409978
0.106378 0.234701 0.0873245
0.327198 0.421496 0.25111
0.222811 0.404257 0.260671
0.0588011 0.197003 0.0972171
0.115658 0.598028 0.622676
0.191826 0.599016 0.307815
0.130044 0.731133 0.752874
0.194215 0.404378 0.432642
0.319229 0.252535 0.101032
0.143783 0.665278 0.79861
0.124569 0.754036 0.812365
0.242589 0.643528 0.903008
0.0738008 0.374731 0.558962
0.0748508 0.167895 0.535401
0.348215 0.475928 0.626757
