0.115601 0.440149 0.241513
0.151078 0.385945 0.25308
0.363434 0.48916 0.516012
0.396672 0.349962 0.188541
0.246219 0.226094 0.511775
0.326168 0.222727 0.158628
0.194217 0.43183 0.0395385
0.445566 0.411368 0.590718
0.224942 0.536719 0.34508
0.304146 0.286646 0.0677436
0.256147 0.551445 0.56738
0.186133 0.285419 0.376997
0.0773654 0.168337 0.583398
0.195205 0.256173 0.411501
0.379856 0.364351 0.208916
0.267892 0.565156 0.788411
0.374474 0.0807221 0.176098
0.0498771 0.232222 0.560717
0.0726536 0.413838 0.617799
0.369445 0.484882 0.518846
0.376036 0.416244 0.295728
0.365886 0.524603 0.240883
0.366548 0.379299 0.764246
0.341627 0.549888 0.21483
0.0910341 0.38423 0.126679
0.28141 0.409505 0.0297341
0.122898 0.466873 0.247674
0.0640126 0.199916 0.569415
0.188519 0.248566 0.612324
0.264515 0.534015 0.0673935
0.137445 0.410382 0.283317
0.29319 0.41792 0.968075
0.348964 0.385792 0.897222
0.215561 0.255367 0.385497
0.392876 0.27622 0.630046
0.354943 0.514534 0.114422
0.391941 0.0285228 0.144338
0.212439 0.551138 0.864069
0.0748215 0.0817013 0.642444
0.217802 0.283093 0.339896
0.200712 0.539801 0.649924
0.123761 0.12971 0.530627
0.121252 0.0840037 0.54674
0.345878 0.272716 0.194796
0.23985 0.309337 0.724149
0.391066 0.499296 0.780187
0.38772 0.310489 0.185054
0.185188 0.521765 0.453304
0.342574 0.517895 0.718453
0.0293586 0.0399886 0.632211
0.407223 0.455081 0.184567
0.133695 0.398292 0.237308
0.387816 0.0751154 0.624336
0.184366 0.324637 0.72663
0.426747 0.342752 0.633249
0.357671 0.485807 0.333062
0.383317 0.469102 0.258617
0.0787447 0.106444 0.593144
0.311324 0.381303 0.958618
0.340722 0.132674 0.124609
0.3742 0.398091 0.0570985
0.264217 0.560072 0.0569522
0.251508 0.569759 0.176959
0.306755 0.232252 0.502828
0.39496 0.0329414 0.167993
0.227255 0.533093 0.417559
0.149984 0.209616 0.57241
0.148911 0.14057 0.0655416
0.358214 0.46061 0.823073
0.181988 0.148841 0.109475
0.116994 0.09407 0.603493
0.285522 0.529546 0.360495
0.402525 0.217468 0.10743
0.0947326 0.0899076 0.15241
0.161567 0.511794 0.470205
0.326038 0.232703 0.162292
0.241169 0.562265 0.0840698
0.110755 0.486667 0.597693
0.35147 0.534263 0.738022
0.350677 0.501102 0.323488
0.0963146 0.422602 0.509962
0.21013 0.307255 0.804438
0.336557 0.0774014 0.127787
0.363481 0.126221 0.0681268
0.299773 0.267314 0.103766
0.263605 0.560736 0.114034
0.37218 0.40775 0.303369
0.178236 0.377367 0.938037
0.185789 0.173764 0.0871179
0.160937 0.465289 0.885104
0.128711 0.480236 0.252702
0.423653 0.213702 0.595138
0.250099 0.555909 0.252406
0.146646 0.343389 0.851717
0.120648 0.474455 0.10939
0.316277 0.348238 0.935838
0.266948 0.266984 0.352738
0.29454 0.316563 0.879704
0.152153 0.321164 0.836344
0.215947 0.482871 0.928684
0.285359 0.270719 0.355982
0.0743959 0.0599714 0.127729
0.172946 0.537528 0.86408
0.272727 0.519484 0.917074
0.403587 0.253915 0.10685
0.302428 0.261355 0.108987
0.229264 0.4895 0.0617746
0.308394 0.563141 0.189478
0.42035 0.330532 0.635306
0.13613 0.317736 0.454098
0.220008 0.32248 0.913284
0.106904 0.386953 0.474734
0.269152 0.315172 0.270122
0.200918 0.307297 0.706064
0.118442 0.0545403 0.558053
0.352376 0.530084 0.266221
0.145291 0.0344375 0.17013
0.379732 0.444317 0.399228
0.277839 0.357475 0.0336906
0.143545 0.441438 0.730234
0.270983 0.261504 0.365362
0.11026 0.182923 0.506874
0.0704398 0.377867 0.528602
0.226256 0.548811 0.66435
0.372401 0.260828 0.174388
0.35544 0.502609 0.481733
0.299714 0.299017 0.156825
0.166577 0.509556 0.708501
0.388901 0.0963885 0.594507
0.359164 0.347241 0.709607
0.127071 0.18531 0.514573
0.340687 0.522428 0.632244
0.318126 0.255314 0.627273
0.0961479 0.429213 0.652626
0.412734 0.4078 0.179572
0.417542 0.0730855 0.105086
0.131543 0.492529 0.776193
0.426519 0.100691 0.599521
0.365983 0.351662 0.703438
0.237525 0.22876 0.533632
0.177182 0.549286 0.237962
0.339639 0.515882 0.468576
0.151746 0.384492 0.29837
0.0969733 0.419307 0.180127
0.106992 0.265473 0.116701
0.356901 0.22146 0.166708
0.164235 0.216813 0.517806
0.0585075 0.3738 0.564486
0.313941 0.526549 0.53046
0.162527 0.517488 0.846339
0.0907887 0.381682 0.510514
0.404078 0.201794 0.101777
0.40502 0.300994 0.124249
0.218856 0.229477 0.499829
0.144425 0.21584 0.0594824
0.399218 0.138226 0.0819401
0.226473 0.52381 0.912473
0.366572 0.436893 0.745522
0.104113 0.437049 0.49973
0.203558 0.548193 0.873096
0.304901 0.308343 0.866827
0.390754 0.495014 0.788865
0.144198 0.399449 0.761932
0.293133 0.563153 0.217191
0.46774 0.0365731 0.615419
0.162632 0.545483 0.199018
0.250298 0.309193 0.792899
0.0880645 0.184198 0.518453
0.111252 0.316282 0.498384
0.214368 0.242697 0.413827
0.13649 0.215246 0.153719
0.414076 0.0273071 0.614109
0.180186 0.342201 0.0422157
0.282798 0.329471 0.219951
0.259686 0.312137 0.765791
0.356717 0.328626 0.79947
0.200722 0.243868 0.599131
0.156378 0.504844 0.0986678
0.03927 0.0669689 0.587243
0.147165 0.483152 0.709607
0.142608 0.402324 0.284175
0.252211 0.570498 0.173545
0.343119 0.30412 0.384532
0.312772 0.558155 0.741563
0.366791 0.423615 0.764949
0.175423 0.534728 0.126099
0.298629 0.241295 0.424946
0.0791447 0.412037 0.631448
0.146148 0.3285 0.837635
0.418512 0.441909 0.157851
0.212734 0.550351 0.126018
0.30052 0.365425 0.942411
0.185143 0.517246 0.524272
0.180159 0.25269 0.446422
0.176231 0.554015 0.224568
0.297096 0.442809 0.0377364
0.340875 0.540487 0.84055
0.105326 0.0894487 0.612129
0.280169 0.550686 0.619482
0.306089 0.324297 0.192193
0.38438 0.114458 0.545465
0.0594968 0.393011 0.584612
0.408332 0.471714 0.569795
0.358452 0.418626 0.877373
0.130476 0.448695 0.407925
0.366111 0.491203 0.433792
0.281342 0.330365 0.924792
0.143477 0.442507 0.729387
0.35469 0.499249 0.418367
0.255383 0.327266 0.898852
0.141363 0.235388 0.16154
0.285805 0.566258 0.788753
0.0805395 0.376653 0.632497
0.302227 0.551979 0.844294
0.30028 0.266178 0.103131
0.227356 0.27569 0.667473
0.236407 0.552874 0.0840045
0.370368 0.469686 0.37337
0.279681 0.492695 0.933695
0.184175 0.548851 0.15053
0.189903 0.421685 0.943489
0.251582 0.314192 0.119932
0.107658 0.483743 0.597389
0.208509 0.23149 0.509786
0.27948 0.392563 0.967776
0.178532 0.516799 0.662169
0.230927 0.308574 0.720191
0.293839 0.313408 0.847353
0.198606 0.322279 0.295213
0.2658 0.290342 0.308884
0.271347 0.22695  0.523
0.0995035 0.0926913 0.116657
0.44168 0.334917 0.616884
0.296379 0.317525 0.899295
0.120329 0.531326 0.812455
0.259608 0.315942 0.0568496
0.388576 0.283829 0.0687637
0.205493 0.304896 0.82023
0.230792 0.320799 0.892299
0.340576 0.518413 0.883828
0.388022 0.493668 0.608165
0.251909 0.254491 0.369385
0.468662 0.0371961 0.665082
0.371295 0.195673 0.547976
0.127574 0.292249 0.638946
0.309551 0.536729 0.671964
0.408768 0.340926 0.143695
0.351771 0.435919 0.875336
0.146574 0.209036 0.583421
0.378551 0.412034 0.253704
0.315259 0.306188 0.699326
0.0562043 0.0270096 0.650346
0.172141 0.362536 0.277283
0.0691073 0.0587641 0.665483
0.281222 0.5324 0.374585
0.298049 0.388875 0.961728
0.287368 0.567551 0.169961
0.305427 0.540468 0.66184
0.32147 0.254406 0.162137
0.104464 0.0939235 0.152356
0.330344 0.29597 0.0531083
0.450991 0.360115 0.581271
0.410125 0.311077 0.637546
0.144508 0.307665 0.661186
0.245196 0.537215 0.426949
0.0323503 0.0708634 0.625471
0.0519978 0.082445 0.578299
0.241257 0.549497 0.578589
0.370111 0.485598 0.520973
0.294995 0.52915 0.906962
0.150228 0.528863 0.742998
0.0693757 0.372907 0.612527
0.110492 0.251318 0.0860413
0.172223 0.0748971 0.107002
0.159864 0.347964 0.367068
0.0520802 0.295218 0.572928
0.445471 0.0778589 0.554345
0.198548 0.308541 0.187318
0.165285 0.561525 0.805752
0.355371 0.287571 0.0558169
0.354504 0.258759 0.0587864
0.362897 0.462576 0.0665969
0.343578 0.370595 0.920746
0.366926 0.49542 0.753101
0.155288 0.556867 0.812462
0.180726 0.534153 0.119255
0.236228 0.310311 0.72481
0.358072 0.514555 0.740012
0.1321 0.312644 0.464488
0.131395 0.256499 0.163535
0.096005 0.040727 0.199939
0.114964 0.0814193 0.0822587
0.11424 0.477502 0.189133
0.218969 0.479192 0.0568534
0.0715473 0.372217 0.529718
0.332946 0.509411 0.513428
0.169935 0.233698 0.595843
0.0841605 0.422752 0.635649
0.167553 0.504884 0.345852
0.457303 0.285537 0.553511
0.16384 0.500277 0.360999
0.379865 0.49386 0.624531
0.0692195 0.0554914 0.153486
0.315355 0.566381 0.802812
0.231187 0.544925 0.317368
0.268066 0.315829 0.844975
0.102402 0.39058 0.184486
0.323997 0.278414 0.0610131
0.171604 0.337977 0.347576
0.233607 0.552851 0.859529
0.130233 0.490318 0.543883
0.0713448 0.0392707 0.673551
0.125689 0.335534 0.0646896
0.32365 0.35514 0.242224
0.128008 0.430988 0.414398
0.337703 0.532389 0.873781
0.343063 0.041821 0.140592
0.0955032 0.415764 0.508787
0.107296 0.465244 0.185427
0.222562 0.458668 0.950787
0.156973 0.450423 0.865445
0.187781 0.318984 0.327491
0.22068 0.235096 0.438084
0.121413 0.0360081 0.103827
0.165814 0.538636 0.149392
0.320732 0.335716 0.0427387
0.27155 0.5354 0.382117
0.334965 0.177542 0.0697159
0.324636 0.470315 0.905932
0.375693 0.281984 0.471129
0.374739 0.295675 0.464247
0.332274 0.247303 0.170017
0.437386 0.150755 0.536552
0.311571 0.30492 0.871937
0.111725 0.110492 0.0826686
0.25225 0.432955 0.973391
0.334297 0.134873 0.0820014
0.0804219 0.403843 0.636593
0.197107 0.542674 0.886363
0.214748 0.320592 0.172271
0.370223 0.369171 0.79269
0.391525 0.161961 0.503822
0.275105 0.44486 0.0340864
0.276333 0.227174 0.520318
0.173545 0.514213 0.346646
0.40979 0.356926 0.504041
0.356919 0.375723 0.341049
0.419078 0.404619 0.120481
0.337587 0.344685 0.923725
0.16722 0.353784 0.921473
0.317784 0.558848 0.224385
0.378945 0.060209 0.563912
0.13552 0.507969 0.233949
0.3841 0.44459 0.451676
0.327818 0.319549 0.714437
0.305799 0.272126 0.0817114
0.299533 0.565223 0.181768
0.282258 0.543585 0.0938916
0.157722 0.327986 0.400522
0.346214 0.132687 0.070718
0.148382 0.210538 0.517253
0.358313 0.379214 0.334789
0.148912 0.434473 0.819783
0.33049 0.558689 0.822945
0.380673 0.374497 0.434345
0.338788 0.361853 0.283235
0.177842 0.314589 0.0492084
0.176976 0.40431 0.928348
0.351245 0.451675 0.870234
0.406558 0.0473322 0.559107
0.362471 0.226855 0.165009
0.146376 0.352352 0.854317
0.215943 0.316202 0.747142
0.216057 0.321419 0.275039
0.161607 0.0421161 0.104612
0.380476 0.0482294 0.60047
0.339406 0.0862667 0.131855
0.29835 0.55893 0.245186
0.361874 0.505878 0.279648
0.436725 0.161167 0.578716
0.360262 0.542252 0.819092
0.131779 0.425448 0.70445
0.248074 0.313678 0.833232
0.208038 0.232762 0.539057
0.163938 0.0927277 0.143865
0.142887 0.0334934 0.17018
0.178298 0.511588 0.519775
0.386438 0.199349 0.136761
0.20381 0.250267 0.117338
0.420759 0.40592 0.140591
0.239786 0.548727 0.298362
0.340908 0.311609 0.810959
0.295627   0.53 0.350899
0.366743 0.412672 0.756583
0.185611 0.557657 0.82559
0.387631 0.205812 0.503904
0.126808 0.111633 0.13326
0.200123 0.549445 0.289563
0.198606 0.238092 0.584237
0.372963 0.461195 0.351309
0.376577 0.344378 0.206502
0.149468 0.480626 0.694383
0.376269 0.469549 0.279913
0.130835 0.494076 0.239018
0.0968301 0.404492 0.176097
0.184451 0.233135 0.590831
0.196997 0.225363 0.126594
0.373125 0.515422 0.214858
0.386646 0.321963 0.0650989
0.35715 0.328901 0.803302
0.160895 0.285544 0.65142
0.207622 0.354064 0.938773
0.42247 0.0779622 0.648022
0.270781 0.5677 0.150738
0.29844 0.556179 0.271819
0.131173 0.245773 0.157299
0.330636 0.325592 0.34413
0.350975 0.498089 0.513903
0.380495 0.432032 0.3541
0.380702 0.0756025 0.602659
0.199845 0.546089 0.30037
0.13945 0.342622 0.688049
0.214424 0.466819 0.94132
0.386637 0.408846 0.437122
0.382475 0.465171 0.47495
0.0664861 0.0352828 0.674015
0.164023 0.444455 0.886968
0.125489 0.472078 0.250871
0.294485 0.337698 0.20569
0.383426 0.332285 0.196762
0.165227 0.287713 0.407597
0.294366 0.335443 0.208631
0.311049 0.526239 0.347891
0.412062 0.470529 0.563534
0.211895 0.233425 0.544596
0.231471 0.314232 0.742235
0.349836 0.322093 0.691365
0.231791 0.249542 0.384236
0.0542382 0.232576 0.53966
 0.307 0.417696 0.0356143
0.439112 0.0422221 0.166828
0.1817 0.421341 0.932587
0.133978 0.0839899 0.0773684
0.263442 0.310787 0.733983
0.0276794 0.0412021 0.628646
0.45851 0.293652 0.570569
0.353756 0.209626 0.0607822
0.366408 0.372505 0.220222
0.118866 0.463255 0.0949472
0.130558 0.437377 0.354381
0.189794 0.181581 0.109087
0.439642 0.218992 0.527455
0.445095 0.174191 0.548261
0.13296 0.489445 0.798791
0.451423 0.377117 0.562328
0.323757 0.497974 0.908448
0.199859 0.334891 0.92625
0.240348 0.229787 0.542435
0.146531 0.379606 0.738889
0.141769 0.244025 0.0595995
0.172968 0.515496 0.0987155
0.175932 0.22719 0.494307
0.299443 0.231467 0.469117
0.0658511 0.174593 0.546648
0.291031 0.31915 0.16355
0.332172 0.124477 0.0952703
0.104917 0.346658 0.0865371
0.102147 0.251007 0.506666
0.393556 0.496299 0.787907
0.217446 0.416429 0.0328122
0.170034 0.158602 0.135817
0.408582 0.0327397 0.136622
0.208545 0.440693 0.951371
0.319645 0.210353 0.0844882
0.404356 0.105434 0.0959288
0.17846 0.432434 0.9089
0.472576 0.0755443 0.626506
0.464091 0.0738205 0.650343
0.326202 0.364578 0.94336
0.109669 0.466937 0.138063
0.131526 0.396748 0.0597147
0.286603 0.342648 0.93561
0.196339 0.273926 0.653424
0.252298 0.451553 0.969856
0.178594 0.156038 0.0790902
0.10332 0.359538 0.177575
0.333534 0.110751 0.101578
0.433926 0.0297618 0.572607
0.24806 0.410583 0.971754
0.351231 0.347023 0.370636
0.0802286 0.0642359 0.66061
0.295901 0.546652 0.625896
0.420579 0.211037 0.512708
0.303256 0.529155 0.450729
0.150494 0.489685 0.708517
0.119113 0.445109 0.473082
0.128309 0.327626 0.465966
0.303624 0.55712 0.829508
0.17922 0.552742 0.186149
0.358957 0.428667 0.863364
0.0519925 0.255323 0.544838
0.297602 0.483454 0.909922
0.139182 0.206585 0.518296
0.174115 0.171985 0.0696007
0.397401 0.0294145 0.140665
0.163071 0.452625 0.888947
0.154049 0.352686 0.751061
0.428052 0.321154 0.525157
0.089365 0.24854 0.606458
0.229342 0.542489 0.538385
0.416206 0.046585 0.1045
0.335731 0.0497048 0.128065
0.388777 0.246755 0.0690812
0.31021 0.265261 0.646175
0.0983589 0.192816 0.59032
0.091038 0.454208 0.618342
0.376958 0.392816 0.226197
0.257817 0.314044 0.242926
0.132526 0.419141 0.267677
0.248804 0.314445 0.0665615
0.150388 0.0703237 0.0794652
0.211471 0.422635 0.965264
0.386411 0.425473 0.431047
0.103945 0.459961 0.146361
0.154146 0.55197 0.762056
0.361221 0.379753 0.355591
0.40161 0.293458 0.13255
0.272865 0.54284 0.52243
0.148548 0.421268 0.850073
0.295518 0.410771 0.0322962
0.387742 0.139533 0.524794
0.329131 0.248861 0.610862
0.209091 0.280203 0.353584
0.238321 0.367526 0.031956
0.148651 0.422262 0.817784
0.376402 0.231409 0.488398
0.337775 0.355121 0.928072
0.112061 0.297152 0.0807639
0.317249 0.213459 0.133088
0.11659 0.307772 0.493975
0.207251 0.292675 0.156001
0.0864187 0.425867 0.536781
0.399195 0.442126 0.665912
0.449885 0.33719 0.598597
0.293427 0.566081 0.170174
0.249045 0.56584 0.772479
0.251465 0.269234 0.655232
0.203819 0.337588 0.216892
0.102895 0.0938705 0.153933
0.396236 0.15023 0.577499
0.211633 0.24303 0.599504
0.155014 0.358046 0.725886
0.350934 0.0805684 0.0806917
0.130719 0.207214 0.0639662
0.344528 0.356821 0.328761
0.378053 0.0732057 0.570182
0.207387 0.329062 0.272806
0.230012 0.327876 0.194942
0.227351 0.437038 0.0340987
0.235899 0.537274 0.485949
0.197547 0.526716 0.48506
0.0349954 0.0479173 0.594399
0.203299 0.300054 0.694093
0.217674 0.534446 0.902255
 0.419 0.0871052 0.170046
0.370592 0.384958 0.055529
0.191795 0.561112 0.820367
0.333942 0.511187 0.522806
0.371785 0.199103 0.557211
0.21355 0.33487 0.225021
0.058213 0.362781 0.584892
0.409307 0.32179 0.117478
0.392983 0.247923 0.495872
0.20607 0.284954 0.351996
0.0823514 0.0601257 0.182769
0.312856 0.525225 0.408326
0.305839 0.547486 0.7143
0.122482 0.0703416 0.632233
0.441918 0.421301 0.567394
0.169687 0.545222 0.160496
0.115809 0.24814 0.612933
0.31218 0.304713 0.333167
0.304152 0.528591 0.442848
0.418942 0.403174 0.119601
0.156992 0.372249 0.897315
0.227052 0.283343 0.335077
0.194315 0.48935 0.0692874
0.274674 0.551885 0.0845472
0.345528 0.558678 0.765211
0.23528 0.305216 0.289776
0.177558 0.341987 0.295473
0.340763 0.228915 0.167879
0.353538 0.425592 0.882517
0.167396 0.0349957 0.129076
0.258651 0.361059 0.0311444
0.369684 0.315377 0.204065
0.320379 0.53489 0.111592
0.316239 0.556005 0.158327
0.263129 0.556778 0.723914
0.103974 0.143312 0.518845
0.38535 0.290432 0.48118
0.37258 0.0918346 0.570003
0.331467 0.198086 0.0716356
0.39327 0.485433 0.615986
0.313715 0.219195 0.10902
0.223569 0.343244 0.936005
0.155345 0.555079 0.779326
0.355103 0.329134 0.693277
0.119273 0.104061 0.591488
0.321081 0.522148 0.414565
0.157302 0.539415 0.170974
0.348935 0.51817 0.57846
0.111313 0.255606 0.083302
0.269837 0.314473 0.271542
0.224044 0.311995 0.147368
0.189222 0.24327 0.158206
0.247963 0.336811 0.0387716
0.0658971 0.0576174 0.553917
0.382569 0.474846 0.513385
0.157056 0.176896 0.148199
0.158502 0.105163 0.0742143
0.40101 0.112342 0.116224
0.234494 0.472679 0.957724
0.311068 0.553479 0.144861
0.0744439 0.0265755 0.59214
0.19617 0.481476 0.911631
0.148966 0.26687 0.463201
0.243083 0.535998 0.0670373
0.351573 0.349363 0.902901
0.0899753 0.206089 0.513429
0.414284 0.0354275 0.113426
0.06444 0.201172 0.57104
0.106862 0.239441 0.103271
0.11031 0.213559 0.116477
0.370394 0.502362 0.558432
0.390317 0.266505 0.145243
0.385934 0.0686743 0.630724
0.143408 0.0971148 0.145177
0.138236 0.409367 0.277221
0.21771 0.506198 0.0750404
0.13571 0.333604 0.67483
0.186329 0.309046 0.811589
0.120522 0.308218 0.177001
0.130022 0.225519 0.0631462
0.310405 0.463737 0.895305
0.129948 0.498007 0.129477
0.4496 0.400244 0.586215
0.335494 0.15102 0.076133
0.358821 0.498129 0.298581
0.36947 0.364083 0.216407
0.331079 0.523916 0.326545
0.317799 0.51712 0.494033
0.0630868 0.02778 0.648199
0.078932 0.055968 0.550943
0.224139 0.553675 0.278546
0.385312 0.447031 0.267364
0.120919 0.496421 0.580278
0.369223 0.142156 0.0671099
0.244821 0.255855 0.372111
0.0903359 0.247179 0.605998
0.280736 0.243336 0.39814
0.378463 0.408628 0.38582
0.133122 0.502093 0.234847
0.351291 0.525664 0.128513
0.44164 0.0575145 0.552079
0.41765 0.372149 0.139624
0.145784 0.482584 0.750007
0.217742 0.558863 0.242927
0.355923 0.357748 0.370559
0.407907 0.144844 0.519097
0.335251 0.0650351 0.12008
0.20057 0.34192 0.224855
0.407205 0.327733 0.131171
0.43643 0.255381 0.525966
0.128992 0.456992 0.459202
0.0953951 0.466417 0.555322
0.450502 0.283191 0.597559
0.188251 0.528529 0.572263
0.109483 0.0671969 0.550432
0.389915 0.120919 0.58102
0.131626 0.096479 0.563682
0.171517 0.445869 0.895733
0.175775 0.546012 0.249449
0.264726 0.259629 0.637278
0.123424 0.502104 0.799591
0.190085 0.530625 0.581544
0.441804 0.16644 0.541053
0.257675 0.570621 0.0967064
0.456099 0.245469 0.589299
0.393116 0.239476 0.133463
0.119309 0.530097 0.812802
0.421466 0.407911 0.134687
0.252269 0.467844 0.967832
0.18461 0.54431 0.865461
0.105654 0.251695  0.612
0.103283 0.359436 0.501085
0.100926 0.367189 0.177287
0.301397 0.31729 0.729187
0.129207 0.437251 0.309452
0.125546 0.437025 0.439714
0.287811 0.536282 0.507713
0.274575 0.235975 0.414361
0.345679 0.373036 0.272964
0.202666 0.550595 0.854078
0.412576 0.376612 0.099118
0.177115 0.562826 0.777699
0.360144 0.497324 0.436463
0.379418 0.288685 0.473306
0.106545 0.381076 0.668875
0.0671631 0.420152 0.573104
0.415111 0.393569 0.104652
0.346065 0.360471 0.313029
0.137978 0.483504 0.77644
0.356237 0.521485 0.737458
0.114681 0.0314631 0.119925
0.395223 0.44012 0.240284
0.17052 0.349799 0.0445908
0.338979 0.149949 0.130485
0.266587 0.226583 0.520294
0.216573 0.417993 0.0331359
0.375785 0.415489 0.313025
0.128418 0.411593 0.419746
0.352065 0.239454 0.176599
0.149654 0.039087 0.101364
0.167641 0.094948 0.0824453
0.321716 0.526925 0.560609
0.0835355 0.0401716 0.129715
0.349743 0.545264 0.230342
0.191169 0.534893 0.110462
0.263643 0.526382 0.0698286
0.169286 0.272653 0.0592787
0.236464 0.434236 0.031567
0.29541 0.530333 0.417172
0.123193 0.446398 0.680217
0.390587 0.135414 0.577449
0.105882 0.204288 0.0958104
0.0803585 0.355539 0.632999
0.388627 0.162908 0.0711833
0.247059 0.311583 0.819142
0.156584 0.49548 0.324553
0.0943628 0.132006 0.587256
0.368673 0.259602 0.176531
0.194219 0.244608 0.0793983
0.145464 0.342133 0.8197
0.169259 0.249353 0.17449
0.366671 0.390064 0.347889
0.303329 0.289376 0.340611
0.215676 0.56215 0.152366
0.363264 0.208089 0.528575
0.436798 0.394044 0.522974
0.101657 0.451864 0.183185
0.157072 0.392208 0.869841
0.205557 0.327697 0.193309
0.172397 0.0577333 0.113301
0.262017 0.339729 0.926659
0.268872 0.462104 0.0411567
0.253037 0.227712 0.53056
0.415496 0.465645 0.589489
0.364182 0.365703 0.848185
0.427476 0.0850181 0.640076
0.432215 0.431197 0.61863
0.144538 0.064035 0.185909
0.361585 0.19194 0.154676
0.17125 0.34409 0.341796
0.359796 0.345181 0.401722
0.199693 0.527815 0.487729
0.152065 0.381629 0.24052
0.393238 0.477748 0.207303
0.110048 0.452927 0.110203
0.178246 0.335075 0.333375
0.329644 0.438804 0.903914
0.272016 0.228697 0.452041
0.191125 0.189817 0.108165
0.31422 0.413082 0.955112
0.239374 0.309398 0.280537
0.305297 0.256864 0.0983496
0.351213 0.367727 0.332229
0.321659 0.191404 0.0868628
0.28198 0.562711 0.759852
0.380167 0.340983 0.458506
0.217712 0.370293 0.0338654
0.204487 0.342113 0.934054
0.0600593 0.028616 0.612341
0.147507 0.444976 0.787385
0.189605 0.54506 0.869015
0.131404 0.0719473 0.0797498
0.10969 0.117685 0.116834
0.38085 0.101618 0.575586
0.364967 0.340739 0.83872
0.284721 0.533173 0.475133
0.213541 0.238173 0.436226
0.15351 0.0759917 0.0786375
0.417816 0.440821 0.161273
0.097216 0.355965 0.107076
0.106949 0.325244 0.0858735
0.395928 0.341514 0.66191
0.132422 0.0613133 0.572143
0.27235 0.302578 0.102086
0.159764 0.382918 0.889834
0.383386 0.0828114 0.600684
0.359946 0.402323 0.832624
0.298468 0.534424 0.543761
0.417736 0.279754 0.517539
0.105442 0.0275104 0.177482
0.152807 0.303365 0.662893
0.223925 0.537573 0.342857
0.078222 0.440784 0.566119
0.447884 0.188127 0.567665
0.221783 0.318804 0.049873
0.11164 0.34445 0.0796176
0.37015 0.204125 0.578095
0.170181 0.541098 0.842166
0.447243 0.0419865 0.669625
0.32122 0.360478 0.946623
0.139012 0.47823 0.780689
0.307342 0.448204 0.0413406
0.350729 0.530444 0.13886
0.36374 0.337668 0.692135
0.416955 0.383705 0.15804
0.133177 0.452591 0.350725
0.120998 0.233117 0.137816
0.152596 0.385526 0.26852
0.377626 0.537056 0.816984
0.440551 0.226368 0.525774
0.374926 0.264513 0.0611316
0.192141 0.303678 0.872248
0.13592 0.396673 0.386955
0.163703 0.359991 0.332785
0.330195 0.22853 0.493045
0.0911305 0.0351543  0.632
0.129432 0.428884 0.318484
0.195743 0.486535 0.905937
0.429472 0.0396965 0.136944
0.110094 0.430602 0.218434
0.132762 0.48566 0.532841
0.172193 0.301228 0.207389
0.483227 0.0666756 0.62181
0.112413 0.18524 0.587475
0.17041 0.423023 0.902268
0.160455 0.32297 0.78122
0.333365 0.304834 0.839791
0.105836 0.182991 0.0950136
0.174332 0.256377 0.174732
0.112098 0.343613 0.185246
0.417719 0.404077 0.115697
0.259131 0.567179 0.104033
0.431592 0.108357 0.591666
0.175878 0.154352 0.07635
0.368176 0.366382 0.401861
0.235244 0.52502 0.0748699
0.243255 0.554653 0.27138
0.150456 0.509378 0.560734
0.286093 0.237755 0.577029
0.404697 0.289724 0.0961328
0.198227 0.545757 0.299597
0.191412 0.188959 0.0995108
0.0735369 0.0277346 0.644755
0.135482 0.513033 0.158855
0.358138 0.406325 0.863122
0.158414 0.355293 0.742978
0.408344 0.347152 0.0932715
0.0977974 0.104487 0.598699
0.435032 0.0451766 0.176855
0.218889 0.235162 0.559601
0.0927693 0.0259926 0.172878
0.078519 0.187649 0.587356
0.205026 0.262584 0.385634
0.423868 0.336208 0.520762
0.403953 0.0731215 0.547735
0.127955 0.402391 0.424839
0.444049 0.238608 0.530026
0.333167 0.518142 0.343545
0.446633 0.127062 0.558824
0.132463 0.48028 0.661554
0.223488 0.227941 0.480681
0.418446 0.433914 0.142551
0.379617 0.161806 0.138062
0.110884 0.395024 0.678666
0.197728 0.491944 0.0701577
0.423007 0.0967204 0.604044
0.125351 0.44714 0.460768
0.454099 0.0968174 0.569355
0.380458 0.410159 0.411868
0.288982 0.546955 0.607457
0.341322 0.324538 0.902783
0.395341 0.450697 0.488576
0.210244 0.384341 0.0339054
0.0516175 0.0811352 0.578466
0.379767 0.516654 0.807103
0.208498 0.231612 0.471751
0.314277 0.56075 0.213298
0.329279 0.523801 0.333659
0.107756 0.0626886 0.194987
0.141895 0.308997 0.659653
0.193606 0.251409 0.620857
0.304645 0.551757 0.843071
0.283115 0.299765 0.703382
0.0557389 0.314331 0.561553
0.336618 0.33655 0.0438971
0.087539 0.275111 0.621253
0.162898 0.401855 0.0442969
0.351199 0.307795 0.402052
0.139944 0.361276 0.42285
0.0607011 0.216126 0.581314
0.164537 0.0369411 0.140281
0.282333 0.558781 0.130924
0.436328 0.373277 0.620795
0.342027 0.340696 0.218983
0.110211 0.453007 0.654884
0.391745 0.483897 0.149011
0.380257 0.239815 0.0623928
0.0701854 0.373147 0.613966
0.345848 0.443908 0.0515123
0.370147 0.493173 0.761658
0.117542 0.470652 0.649644
0.257388 0.472579 0.963136
0.248928 0.314516 0.838572
0.341093 0.525731 0.599679
0.317791 0.525215 0.681901
0.349897 0.508275 0.443483
0.387051 0.442354 0.460785
0.334379 0.511759 0.373495
0.0962467 0.464755 0.608645
0.370774 0.502776 0.61732
0.0369712 0.0746175 0.62663
0.381156 0.0504757 0.579033
0.354503 0.318043 0.836551
0.330161 0.257496 0.435717
0.260495 0.317626 0.231989
0.378978 0.402747 0.400773
0.114513 0.465216 0.216305
0.149838 0.533552 0.24314
0.379433 0.468725 0.460731
0.171552 0.311911 0.802276
0.122711 0.491088 0.199713
0.130929 0.486245 0.645584
0.192338 0.258844 0.0738749
0.292759 0.547454 0.640949
0.332846 0.312778 0.211872
0.106488 0.053545 0.198009
0.41814 0.0362002 0.193654
0.199666 0.363334 0.0371801
0.280451 0.319098 0.168018
0.22251 0.293062 0.120225
0.290468 0.544271 0.888949
0.440657 0.42296 0.56407
0.339579 0.39769 0.919131
0.331406 0.454228 0.0509019
0.205656 0.542509 0.702286
0.345838 0.283784 0.65209
0.15527 0.0706435 0.0807617
0.382857 0.486493 0.237467
0.35398 0.533367 0.154819
0.330888 0.524711 0.646709
0.484045 0.0532838 0.613864
0.36905 0.375787 0.0549678
0.0878097 0.213554 0.513833
0.148786 0.0499102 0.184606
0.405325 0.254947 0.613465
0.146339 0.473875 0.742384
0.156821 0.188889 0.0588024
0.17737 0.298323 0.376645
0.203898 0.425076 0.961853
0.0648645 0.369991 0.542179
0.291411 0.311329 0.154974
0.202117 0.335089 0.268543
0.13664 0.164476 0.142178
0.186728 0.52917 0.580169
0.117173 0.17612 0.508592
0.35111 0.282328 0.199993
0.0681676 0.0269844 0.584627
0.31526 0.317244 0.308341
0.137926 0.344433 0.0583634
0.297527 0.250945 0.621638
0.462372 0.251391 0.575716
0.388554 0.343391 0.476282
0.226492 0.532826 0.406288
0.415434 0.370299 0.161666
0.299438 0.383951 0.0335498
0.130542 0.443125 0.333656
0.27124 0.562376 0.129077
0.108317 0.335289 0.169611
0.0834362 0.341925 0.523157
0.121706 0.228349 0.495324
0.146309 0.49869 0.538191
0.260021 0.552435 0.86006
0.349867 0.548209 0.743843
0.354565 0.339478 0.884606
0.358282 0.310374 0.0534628
0.197649 0.546066 0.298279
0.374034 0.404531 0.368188
0.26048 0.241755 0.597722
0.135507 0.516419 0.761041
0.394898 0.0429563 0.199007
0.144827 0.488227 0.822219
0.131709 0.185305 0.568048
0.259422 0.246998 0.383339
0.392383 0.218461 0.497422
0.182583 0.331155 0.737734
0.320375 0.234373 0.481193
0.392783 0.437467 0.247287
0.369911 0.508684 0.804616
0.433655 0.101431 0.595933
0.328542 0.437082 0.919734
0.369754 0.466276 0.353192
0.219307 0.228611 0.474443
0.182202 0.476713 0.900638
0.270119 0.526144 0.0720633
0.163957 0.0973854 0.138113
0.125396 0.455261 0.67939
0.0614461 0.36982 0.598098
0.264035 0.309766 0.154187
0.456053 0.0489897 0.563518
0.151634 0.182429 0.058701
0.418665 0.439905 0.158187
0.0947909 0.271033 0.621923
0.372142 0.468975 0.298529
0.240077 0.232674 0.429339
0.336502 0.374267 0.040962
0.254378 0.308537 0.183938
0.482559 0.067856 0.619791
0.47996 0.0641389 0.632385
0.330696 0.33444 0.921993
0.360205 0.363104 0.377307
0.320856 0.243281 0.599066
0.360507 0.25776 0.181586
0.210853 0.310978 0.169867
0.196692 0.524606 0.400021
0.380829 0.503619 0.20171
0.348833 0.557493 0.775079
0.457183 0.23308 0.542602
0.466618 0.0305238 0.629293
0.366321 0.330072 0.680422
0.423132 0.376606 0.514807
0.285903 0.305745 0.065559
0.1934 0.247379 0.151492
0.0581597 0.294292 0.550628
0.378158 0.187366 0.57206
0.358729 0.543287 0.747524
0.270428 0.22718 0.458362
0.162996 0.340028 0.217364
0.327478 0.55716 0.826086
0.472276 0.0578301 0.64549
0.377536 0.271533 0.478933
0.393115 0.353101 0.668883
0.114961 0.277048 0.630213
0.399739 0.437534 0.0962861
0.153945 0.361552 0.367016
0.353928 0.0359253 0.144455
0.348266 0.50724 0.536983
0.136977 0.481182 0.800939
0.236273 0.330155 0.922343
0.38264 0.259226 0.157205
0.366449 0.238743 0.480987
0.272811 0.452218 0.959371
0.478138 0.0370552 0.632891
0.336521 0.0509974 0.12453
0.0934132 0.0826453 0.173139
0.164239 0.292134 0.204266
0.407958 0.461333 0.162334
0.305606 0.518358 0.0879535
0.340097 0.314225 0.785944
0.415513 0.39071 0.105889
0.140772 0.371713 0.79655
0.316206 0.52117 0.369643
0.203284 0.238304 0.57726
0.395498 0.0331585 0.157717
0.348386 0.50404 0.657438
0.353716 0.154767 0.0632687
0.221871 0.530605 0.37954
0.131736 0.445895 0.331936
0.154283 0.552641 0.765314
0.17684 0.351667 0.285891
0.0696862 0.116882 0.57424
0.287309 0.238379 0.579524
0.152823 0.404391 0.851403
0.383088 0.0504419 0.571549
0.173983 0.528902 0.295653
0.263477 0.567793 0.0697842
0.283921 0.258528 0.636709
0.0952413 0.369526 0.652039
0.285234 0.313503 0.0547432
0.374518 0.210827 0.502488
0.112454 0.47962 0.618909
0.269634 0.558985 0.12034
0.352422 0.334743 0.900805
0.317882 0.55948 0.21872
0.365088 0.369845 0.719045
0.0866489 0.294606 0.625924
0.183755 0.150066 0.102717
0.379896 0.435763 0.376485
0.37795 0.292121 0.640097
0.423479 0.244265 0.603781
0.146244 0.512952 0.599736
0.397192 0.209494 0.499676
0.118433 0.285305 0.49321
0.387523 0.0990064 0.592125
0.19875 0.233793 0.131942
0.195921 0.560032 0.195592
0.131954 0.10709 0.558242
0.156875 0.541204 0.177331
0.369615 0.22348 0.159496
0.335205 0.28856 0.199426
0.413129 0.0778671 0.0987196
0.201192 0.464486 0.897152
0.451274 0.0272944 0.641406
0.0691906 0.29813 0.538262
0.319721 0.552887 0.244903
0.413039 0.42144 0.506678
0.153847 0.260549 0.623557
0.109561 0.388835 0.675291
0.244368 0.542364 0.89066
0.365747 0.295294 0.447358
0.200591 0.534238 0.579673
0.202945 0.540494 0.610896
0.37447 0.476233 0.437001
0.392816 0.339384 0.486539
0.176566 0.362117 0.257912
0.405856 0.39165 0.189915
0.241591 0.536927 0.459762
0.41975 0.22334 0.598145
0.147428 0.355322 0.0541836
0.314206 0.531556 0.673799
0.189115 0.55818 0.82517
0.27203 0.307922 0.122565
0.356671 0.502628 0.478546
0.339309 0.163905 0.137135
0.278122 0.311376 0.281493
0.124332 0.531109 0.794491
0.323311 0.528927 0.656485
0.300972 0.265545 0.649081
0.429836 0.0868222 0.619464
0.166379 0.423224 0.89385
0.397123 0.151617 0.0782503
0.156535 0.241011 0.605912
0.144764 0.0410267 0.185392
0.375013 0.232858 0.603835
0.384509 0.134839 0.565259
0.146367 0.552482 0.799979
0.229527 0.482724 0.949345
0.366914 0.422495 0.767624
0.158704 0.379387 0.890919
0.27378 0.551543 0.615717
0.37448 0.500099 0.250585
0.295307 0.470876 0.940446
0.0585551 0.324175 0.557632
0.275574 0.246444 0.61037
0.274851 0.544295 0.560491
0.430884 0.198954 0.590345
0.355407 0.209871 0.539578
0.373929 0.481124 0.517545
0.399972 0.429375 0.478106
0.353765 0.0308532 0.116497
0.279928 0.325948 0.242826
0.277812 0.226479 0.494308
0.277919 0.534086 0.475161
0.173451 0.485742 0.890974
0.0650118 0.196122 0.576643
0.185666 0.224632 0.532342
0.389025 0.191307 0.0693751
0.362297 0.208145 0.564957
0.187616 0.522776 0.539301
0.400356 0.26399 0.620194
0.111719 0.519297 0.805836
0.190683 0.534827 0.642923
0.202334 0.526212 0.401226
0.415751 0.439923 0.140188
0.0921749 0.0333316 0.187841
0.0453443 0.0417526 0.573325
0.275301 0.414959 0.0285505
0.278994 0.234806 0.424831
0.332477 0.530433 0.113365
0.245407 0.536418 0.364943
0.366451 0.477844 0.377353
0.387131 0.108961 0.13308
0.108556 0.265052 0.12225
0.387878 0.0495884 0.629474
0.349879 0.375524 0.286196
0.120448 0.405472 0.689084
0.0820637 0.0466695 0.190375
0.118703 0.154834 0.127932
0.163597 0.330351 0.911173
0.109048 0.44131 0.492465
0.104547 0.3239 0.133773
0.200859 0.23388 0.562749
0.359859 0.0575305 0.0882137
0.113512 0.289671 0.143291
0.252834 0.559463 0.219349
0.250648 0.557453 0.717583
0.216932 0.231039 0.463239
0.383346 0.501713 0.189023
0.408948 0.093343 0.141775
0.167568 0.505531 0.363062
0.427719 0.221825 0.516307
0.408652 0.0462452 0.0974564
0.352931 0.397424 0.881406
0.153297 0.227044 0.595738
0.41189 0.0268199 0.609991
0.148469 0.292347 0.647524
0.165322 0.254388 0.0588853
0.161348 0.213038 0.535384
0.277157 0.272991 0.349449
0.180879 0.279903 0.186517
0.391662 0.0916555 0.543571
0.38408 0.404396 0.696417
0.395156 0.442551 0.670636
0.382119 0.136933 0.132462
0.140571 0.360858 0.420128
0.420034 0.392088 0.136024
0.190381 0.539018 0.302552
0.162289 0.557531 0.766278
0.332372 0.40905 0.0406568
0.406805 0.308951 0.122116
0.138817 0.440071 0.0663989
0.385868 0.282497 0.1627
0.112585 0.478232 0.171895
0.286933 0.549327 0.616621
0.189649 0.242866 0.598295
0.384785 0.219955 0.495972
0.266628 0.309845 0.808025
0.228808 0.564204 0.210649
0.155282 0.490773 0.700747
0.221243 0.309054 0.814118
0.361686 0.480537 0.323889
0.201239 0.319442 0.917443
0.394798 0.115147 0.1256
0.344092 0.51297 0.320777
0.212283 0.489699 0.065404
0.124053 0.0736741 0.623252
0.120488 0.343523 0.193386
0.122419 0.45139 0.258164
0.447899 0.37806 0.594093
0.363696 0.149813 0.139719
0.127983 0.436975 0.297342
0.355343 0.407645 0.878691
0.130211 0.458995 0.453577
0.22669 0.54293 0.0947342
0.179704 0.342769 0.290828
0.103987 0.0378419 0.652705
0.404433 0.265114 0.109364
0.432999 0.120027 0.539259
0.440277 0.188995 0.581946
0.136918 0.190997 0.538237
0.0536841 0.0844371 0.593192
0.167589 0.0484644 0.106115
0.0741407 0.0464486 0.555094
0.349731 0.353123 0.356768
0.40262 0.224154 0.107001
0.366335 0.287462 0.454346
0.369011 0.34575 0.430042
0.174152 0.431467 0.898832
0.223365 0.46327 0.948289
0.208773 0.540901 0.688676
0.256351 0.559475 0.827944
0.287109 0.505476 0.924661
0.453259 0.370781 0.571108
0.107739 0.470018 0.543902
0.0962879 0.079935 0.104589
0.148844 0.387904 0.315414
0.320397 0.247087 0.158212
0.278077 0.488574 0.947445
0.164492 0.371899 0.252718
0.196804 0.553832 0.730765
0.336967 0.398492 0.92355
0.380198 0.324414 0.463366
0.138826 0.54432 0.794832
0.140712 0.47394 0.78562
0.395109 0.470429 0.211259
0.357503 0.555236 0.801302
0.200965 0.320619 0.743121
0.37665 0.215228 0.0611997
0.326975 0.153303 0.108482
0.367358 0.198938 0.154464
0.270718 0.557568 0.0819507
0.34869 0.397046 0.887587
0.333668 0.324883 0.2171
0.272707 0.271798 0.348249
0.167338 0.530889 0.284176
0.129225 0.529331 0.778238
0.372913 0.253976 0.480606
0.351664 0.0701545 0.17509
0.129956 0.171174 0.0659529
0.323139 0.309403 0.346977
0.438158 0.239196 0.596524
0.315167 0.551013 0.14332
0.462421 0.253161 0.576578
0.386034 0.49377 0.563065
0.325719 0.206457 0.142968
0.133675 0.208205 0.0613542
0.402283 0.286232 0.126047
0.329577 0.52881 0.592091
0.272138 0.493497 0.0612925
0.116852 0.36194 0.480366
0.362222 0.436958 0.798869
0.454631 0.30509 0.588182
0.436405 0.34984 0.532563
0.41631 0.430322 0.130636
0.397142 0.445923 0.23536
0.0744485 0.37745 0.525599
0.060288 0.225166 0.533273
0.403574 0.457517 0.531898
0.288055 0.56717 0.186104
0.24643 0.555662 0.674794
0.390899 0.404166 0.445738
0.387372 0.0391289 0.606624
0.450308 0.239344 0.535191
0.337758 0.220891 0.51511
0.288025 0.532724 0.457454
0.364378 0.454242 0.773084
0.17653 0.302161 0.0522498
0.319419 0.343034 0.928732
0.314494 0.440265 0.937724
0.266508 0.322301 0.22187
0.120786 0.296033 0.164241
0.343369 0.085055 0.0843945
0.336515 0.342845 0.314425
0.162279 0.402237 0.0446417
0.42686 0.390999 0.640439
0.349043 0.294999 0.405112
0.307631 0.308834 0.310579
0.219994 0.315846 0.749122
0.381372 0.205724 0.0651255
0.0857474 0.441185 0.549808
0.321576 0.528195 0.697198
0.282346 0.541723 0.540049
0.437013 0.356494 0.5326
0.34134 0.510033 0.533606
0.0645587 0.22192 0.530892
0.380689 0.157533 0.531532
0.184342 0.531352 0.313103
0.424287 0.368113 0.641092
0.246691 0.313613 0.0645267
0.216753 0.558769 0.247583
0.134986 0.457343 0.351578
0.394917 0.0402508 0.630113
0.365957 0.0335961 0.174304
0.14882 0.356627 0.713541
0.167375 0.380793 0.920046
0.335896 0.341527 0.312628
0.0521923 0.227314 0.567505
0.376539 0.261678 0.170489
0.40311 0.272571 0.507233
0.382576 0.156922 0.135718
0.28991 0.308481 0.784894
0.472372 0.0762865 0.615453
0.397448 0.100344 0.133215
0.160927 0.468641 0.885101
0.0616136 0.0567518 0.557706
0.366833 0.336272 0.685406
0.237952 0.306867 0.090534
0.114935 0.470928 0.121933
0.0981794 0.340544 0.50869
0.287914 0.539882 0.528225
0.0786826 0.0753865 0.548047
0.172961 0.56019 0.776923
0.173463 0.31232 0.786669
0.158797 0.231135 0.597288
0.327118 0.174518 0.0809494
0.101832 0.436806 0.196374
0.0897069 0.34479 0.638552
0.375254 0.381444 0.416875
0.163088 0.504176 0.526132
0.202321 0.401857 0.0357488
0.216263 0.23452 0.55443
0.36723 0.350131 0.422802
0.0906942 0.438381 0.533453
0.354164 0.334117 0.891836
0.2454 0.549512 0.294888
0.286352 0.538472 0.512465
0.198758 0.340104 0.0414392
0.140834 0.398099 0.252172
0.157338 0.333567 0.396434
0.344205 0.532486 0.130756
0.307942 0.284388 0.0672749
0.311414 0.231187 0.512287
0.236414 0.302386 0.115228
0.446889 0.0702437 0.55518
0.440728 0.41044 0.550057
0.353008 0.366918 0.347621
0.417367 0.438654 0.163209
0.220796 0.301318 0.306879
0.163138 0.496317 0.695277
0.206008 0.404579 0.963486
0.270682 0.498747 0.933337
0.334467 0.137865 0.11847
0.188448 0.556742 0.175109
0.30009 0.256033 0.390307
0.278884 0.562294 0.816792
0.463963 0.0542952 0.56954
0.131429 0.417504 0.261535
0.162093 0.515873 0.299283
0.069848 0.143936 0.540162
0.361886 0.134317 0.135979
0.230126 0.47031 0.957056
0.314651 0.211782 0.100641
0.345948 0.216156 0.521671
0.406468 0.0821602 0.172121
0.320885 0.319282 0.720773
0.3745 0.300205 0.461856
0.363007 0.466275 0.798915
0.0813998 0.149654 0.531879
0.28777 0.353803 0.94476
0.0656825 0.216768 0.585005
0.0603308 0.347487 0.595796
0.259659 0.486393 0.0532889
0.379706 0.0364388 0.194673
0.367864 0.416981 0.745008
0.201686 0.341165 0.222467
0.330072 0.537522 0.128046
0.192886 0.510805 0.085967
0.390143 0.0931268 0.543282
0.417485 0.409235 0.653824
0.20702 0.458608 0.939279
0.319423 0.532193 0.701629
0.466933 0.0593268 0.655209
0.045888 0.0302155 0.627967
0.270902 0.311983 0.0665715
0.358193 0.140149 0.0656246
0.450723 0.306774 0.596819
0.0550353 0.247332 0.540936
0.110114 0.318207 0.157076
0.13079 0.0273038 0.146566
0.381754 0.0824685 0.592872
0.272093 0.382753 0.0305304
0.381924 0.325082 0.662066
0.314138 0.499676 0.076267
0.337261 0.526645 0.884658
0.405771 0.284151 0.0997126
0.155163 0.336031 0.877712
0.122427 0.356218 0.472085
0.343688 0.222257 0.50141
0.403892 0.437712 0.662414
0.134428 0.125501 0.134689
0.25652 0.311917 0.264551
0.160349 0.523835 0.280259
0.163548 0.32544 0.21629
0.368035 0.510038 0.576744
0.125042 0.175231 0.135365
0.433873 0.368739 0.624459
0.392163 0.25316 0.615894
0.376622 0.540422 0.793027
0.183427 0.532678 0.304069
0.333478 0.526565 0.306394
0.174837 0.224794 0.580146
0.21148 0.232776 0.461991
0.322582 0.544446 0.271196
0.327142 0.229105 0.575744
0.106818 0.21266 0.597238
0.18262 0.548327 0.151053
0.343172 0.0432097 0.110408
0.120039 0.0925116 0.162315
0.120028 0.376061 0.681258
0.370742 0.327856 0.673908
0.219478 0.316312 0.86111
0.379655 0.437553 0.374606
0.338802 0.311205 0.0500561
0.385709 0.488847 0.625615
0.216559 0.235616 0.441308
0.457775 0.250308 0.543508
0.160698 0.507391 0.648624
0.194171 0.544099 0.879611
0.367678 0.449496 0.720699
0.338694 0.346731 0.31264
0.118143 0.204709 0.59107
0.105327 0.328936 0.647996
0.296227 0.275265 0.10063
0.0640184 0.261006 0.534845
0.310084 0.528951 0.529935
0.362181 0.371684 0.0515836
0.357138 0.229673 0.487954
0.114736 0.451179 0.490008
0.304869 0.563629 0.817901
0.388268 0.361088 0.67735
0.186595 0.555905 0.191561
0.173776 0.109504 0.0865768
0.202094 0.536949 0.592342
0.241463 0.548158 0.301555
0.452871 0.213714 0.555129
0.282148 0.559865 0.229014
0.269601 0.542894 0.89006
0.301326 0.542316 0.660533
0.130202 0.42724 0.288992
0.390544 0.264953 0.144064
0.290902 0.563993 0.21175
0.310951 0.526167 0.0967081
0.207432 0.529579 0.458546
0.113103 0.293843 0.144463
0.30776 0.319648 0.736314
0.244652 0.490372 0.946223
0.359904 0.393383 0.835621
0.360451 0.0507322 0.0940409
0.366147 0.366425 0.828437
0.340641 0.350106 0.310018
0.329272 0.301939 0.84878
0.0551879 0.0932058 0.56748
0.439124 0.312147 0.537508
0.185124 0.217694 0.074524
0.40341 0.41086 0.0892798
0.319622 0.543168 0.880112
0.36104 0.200782 0.157695
0.393624 0.350564 0.485691
0.329899 0.311456 0.209748
0.193566 0.292542 0.674503
0.0937039 0.31261 0.514175
0.295553 0.332214  0.931
0.34366 0.524839 0.600179
0.332692 0.524018 0.568247
0.382081 0.432582 0.322879
0.125079 0.300026 0.181151
0.269397 0.536232 0.901378
0.286582 0.540402 0.529992
0.130158 0.446531 0.412276
0.344274 0.258918 0.447629
0.402282 0.25663 0.503471
0.320908 0.259799 0.163019
0.231492 0.324003 0.252572
0.11349 0.382275 0.196766
0.189788 0.249264 0.614421
0.146073 0.455929 0.772967
0.341924 0.425961 0.0455396
0.244162 0.550698 0.867718
0.109453 0.191417 0.504692
0.116959 0.0362364 0.163736
0.388798 0.129819 0.57737
0.0759013 0.399065 0.525989
0.266354 0.307155 0.281408
0.0893451 0.0690534 0.183739
0.24999 0.225753 0.494982
0.336651 0.501214 0.907692
0.378754 0.456157 0.404719
0.386788 0.45517 0.676595
0.130854 0.499284 0.127687
0.118358 0.193831 0.129432
0.266623 0.446606 0.0329263
0.340433 0.310673 0.819936
0.425795 0.150065 0.529579
0.284562 0.547187 0.304828
0.349002 0.212936 0.544045
0.399782 0.0808504 0.0834373
0.223393 0.541344 0.33498
0.119775 0.419091 0.235916
0.32899 0.44393 0.901223
0.168438 0.125693 0.075222
0.260874 0.299265 0.291024
0.131722 0.502746 0.223493
0.400623 0.0297095 0.576161
0.126106 0.524799 0.774885
0.148849 0.368985 0.744705
0.152165 0.0576734 0.182592
0.368674 0.404495 0.7719
0.331592 0.532675 0.295266
0.115659 0.342861 0.663576
0.122662 0.0611752 0.639014
0.453582 0.0311791 0.610772
0.409622 0.219833 0.598802
0.118745 0.0300447 0.127841
0.317552 0.246604 0.445173
0.402468 0.448034 0.109572
0.411823 0.246246 0.508261
0.193391 0.301565 0.346583
0.123657 0.482819 0.226624
0.256536 0.392572 0.0279757
0.351364 0.221596 0.589559
0.14493 0.552718 0.816064
0.378904 0.442864 0.361045
0.091988 0.381771 0.115938
0.455266 0.318622 0.573398
0.418516 0.0278708 0.649406
0.397144 0.470263 0.128435
0.391386 0.129146 0.528428
0.379596 0.497485 0.796074
0.33967 0.31477 0.78193
0.333654 0.538434 0.86945
0.175769 0.235826 0.167321
0.138966 0.484574 0.429039
0.361177 0.141023 0.136845
0.199767 0.344143 0.926947
0.257076 0.55419 0.61216
0.45896 0.290344 0.569578
0.337681 0.491486 0.891768
0.413015 0.315704 0.63893
0.306871 0.536589 0.681094
0.104787 0.307091 0.505573
0.240596 0.561037 0.12496
0.392509 0.283528 0.149008
0.326628 0.314635 0.347691
0.0926197 0.378501 0.145194
0.182425 0.377891 0.0390967
0.346901 0.0950615 0.141033
0.26043 0.313243 0.258671
0.454609 0.218207 0.551605
0.0902306 0.103632 0.598591
0.165016 0.509022 0.53751
0.341349 0.545826 0.832584
0.13646 0.196997 0.572371
0.147508 0.36362 0.860603
0.380136 0.500478 0.573615
0.145983 0.317527 0.671358
0.195811 0.392802 0.0369987
0.305192 0.528264 0.433284
0.276191 0.314304 0.750126
0.163836 0.348716 0.912738
0.105764 0.445437 0.113379
0.133725 0.478248 0.50585
0.168937 0.55336 0.743733
0.0928221 0.0654812 0.547855
0.287338 0.498949 0.0692607
0.411423 0.378431 0.0955555
0.425215 0.0986177 0.601647
0.407358 0.299418 0.114681
0.286724 0.497029 0.0679937
0.410877 0.455338 0.155646
0.379755 0.474888 0.483341
0.0866409 0.0421136 0.187154
0.152495 0.279141 0.44594
0.0679339 0.0313856 0.663584
0.177743 0.312077 0.363229
0.269245 0.310082 0.811245
0.145605 0.348938 0.413143
0.356214 0.144325 0.0649131
0.163653 0.19726 0.0599272
0.0856739 0.451338 0.559312
0.307558 0.312635 0.760611
0.0700204 0.220449 0.527427
0.192701 0.212494 0.132992
0.422601 0.238467 0.514456
0.308477 0.453839 0.0452257
0.43044 0.435355 0.616621
0.442286 0.348529 0.611227
0.295033 0.262038 0.644423
0.317734 0.523614 0.528761
0.354969 0.381628 0.870472
0.245501 0.324851 0.897918
0.355768 0.513476 0.113554
0.158823 0.37917 0.271627
0.143319 0.37127 0.717299
0.117623 0.030473 0.191632
0.433631 0.119062 0.539955
0.329826 0.190938 0.0731854
0.226711 0.484295 0.939346
0.413136 0.287318 0.62707
0.410367 0.193926 0.590756
0.205616 0.565858 0.801392
0.403772 0.0334771 0.165421
0.144948 0.456379 0.760703
0.0900086 0.0307039 0.625713
0.0786561 0.070274 0.65739
0.107787 0.0898607 0.0847032
0.402299 0.285671 0.630977
0.111276 0.239238 0.0832637
0.127168 0.210166 0.141235
0.1078 0.103847 0.118489
0.0912867 0.439807 0.633664
0.0746571 0.346729 0.624769
0.167044 0.285987 0.406427
0.199747 0.310009 0.771526
0.420414 0.327342 0.518617
0.0985738 0.355475 0.151837
0.129725 0.541001 0.812989
0.335318 0.245976 0.170797
0.304259 0.253684 0.628495
0.106228 0.110123 0.534287
0.297384 0.558631 0.256342
0.359135 0.178155 0.148229
0.0327355 0.0664029 0.633558
0.12679 0.465913 0.478643
0.183233 0.302166 0.364166
0.419546 0.0461077 0.190475
0.37802 0.458756 0.405696
0.349109 0.497337 0.339253
0.064032 0.366028 0.545874
0.151969 0.494657 0.662178
0.215244 0.272525 0.659254
0.405591 0.20799 0.595524
0.175152 0.512542 0.394853
0.119487 0.480047 0.213337
0.0905795 0.108836 0.53446
0.233667 0.337996 0.0374536
0.285545 0.320017 0.158021
0.289421 0.289357 0.0991122
0.263431 0.566251 0.092848
0.332218 0.147362 0.120031
0.425853 0.346192 0.634816
0.144162 0.0284974 0.140147
0.346415 0.0634372 0.167573
0.229668 0.297722 0.306757
0.272458 0.558143 0.243943
0.155197 0.3745 0.332877
0.432542 0.233233 0.598509
0.122194 0.406309 0.440103
0.112703 0.443814 0.486477
0.38777 0.116523 0.536236
0.0948071 0.0818484 0.11246
0.0927068 0.0440038 0.109503
0.145855 0.468883 0.729061
0.309334 0.29361 0.347734
0.256212 0.559593 0.826936
0.397712 0.232567 0.0781964
0.279745 0.313832 0.278452
0.123691 0.112575 0.582737
0.347289 0.232606 0.483186
0.318812 0.453216 0.916754
0.401086 0.311366 0.144013
0.329752 0.142288 0.108622
0.181607 0.331239 0.920353
0.246165 0.320309 0.209549
0.267813 0.495075 0.0607651
0.340006 0.315884 0.777789
0.406094 0.416503 0.0964887
0.18221 0.315053 0.210379
0.201842 0.24451 0.130706
0.363801 0.371264 0.839355
0.435059 0.0444574 0.135886
0.359072 0.493184 0.716989
0.285953 0.316817 0.277261
0.3454 0.243498 0.174284
0.312222 0.534698 0.326566
0.357751 0.491146 0.504358
0.232795 0.356093 0.033936
0.0946522 0.205952 0.594389
0.449482 0.106553 0.559852
0.103279 0.45454 0.185745
0.162727 0.402727 0.0444769
0.244774 0.561717 0.753588
0.378569 0.410308 0.383029
0.291067 0.552031 0.863847
0.179112 0.50745 0.0882362
0.235674 0.316704 0.271022
0.340321 0.280888 0.408507
0.350642 0.377386 0.261007
0.394457 0.089391 0.607716
0.374588 0.48942 0.533774
0.152492 0.214008 0.510105
0.226488 0.562049 0.139856
0.384589 0.426818 0.691847
0.378749 0.488626 0.780899
0.402969 0.473175 0.547882
0.38064 0.424617 0.406564
0.420958 0.115874 0.59246
0.105647 0.132258 0.102673
0.212881 0.551815 0.855156
0.311384 0.537176 0.600342
0.425315 0.189517 0.519796
0.13579 0.217779 0.496276
0.198666 0.534345 0.689255
0.190671 0.325913 0.916166
0.245053 0.226809 0.522351
0.438139 0.326088 0.620403
0.224511 0.307612 0.79999
0.130884 0.450279 0.401207
0.0927807 0.371865 0.115385
0.183439 0.554851 0.180527
0.129713 0.159779 0.548406
0.163564 0.383036 0.909787
0.173357 0.432448 0.0439426
0.0707879 0.0522028 0.552573
0.371528 0.350887 0.431666
0.37616 0.50773 0.224484
0.315318 0.550453 0.842385
0.170682 0.250657 0.174219
0.216808 0.291956 0.326997
0.141409 0.483554 0.409522
0.282314 0.325167 0.182181
0.40054 0.409663 0.674757
0.107115 0.0634675 0.551356
0.121628 0.476123 0.534656
0.374888 0.107602 0.138476
0.108139 0.310163 0.639558
0.38201 0.396848 0.224329
0.421557 0.0315978 0.627413
0.392703 0.44413 0.475319
0.380237 0.406368 0.400795
0.43699 0.0278219 0.658383
0.109483 0.0982174 0.539331
0.199817 0.322029 0.197388
0.228884 0.309604 0.0644687
0.365087 0.343714 0.836655
0.188073 0.550745 0.150717
0.366143 0.319357 0.671213
0.168862 0.241144 0.0599163
0.280165 0.312824 0.0592276
0.0588226 0.0862782 0.605115
0.327546 0.193051 0.0753644
0.386053 0.0359823 0.165463
0.409794 0.229592 0.601222
0.273006 0.568519 0.18775
0.0946308 0.0889498 0.617849
0.3833 0.4968 0.211423
0.368435 0.471509 0.311462
0.342035 0.0978108 0.120384
0.125547 0.250879 0.491358
0.191654 0.558788 0.17907
0.143913 0.399152 0.759005
0.418015 0.396043 0.158189
0.110443 0.0889991 0.0828883
0.168526 0.369793 0.924329
0.0516975 0.290762 0.564014
0.343028 0.538683 0.260898
0.0638827 0.188503 0.548138
0.30066 0.537938 0.898622
0.463869 0.0407601 0.572418
0.144411 0.487096 0.490356
0.145818 0.352014 0.775437
0.41561 0.190587 0.589424
0.304416 0.340308 0.0409411
0.248835 0.536903 0.0572484
0.342033 0.413191 0.0433753
0.164297 0.246981 0.467239
0.292403 0.567803 0.780753
0.357074 0.339817 0.400516
0.120847 0.220557 0.133765
0.269044 0.468014 0.965614
0.403708 0.230836 0.0904112
0.248863 0.548625 0.300808
0.283329 0.267897 0.359543
0.243431 0.322163 0.887826
0.144089 0.305541 0.0568905
0.389666 0.487767 0.559871
0.396322 0.0311474 0.575234
0.303789 0.387736 0.964016
0.133511 0.515907 0.807077
0.265335 0.312204 0.145628
0.374035 0.0453083 0.193049
0.058063 0.375075 0.583066
0.418924 0.0392466 0.140289
0.321724 0.523638 0.539672
0.177266 0.11894 0.0959042
0.11534 0.208294 0.593828
0.384164 0.361186 0.452236
0.426636 0.025632 0.64617
0.427213 0.0582203 0.113532
0.241857 0.566379 0.774631
0.432492 0.437991 0.564294
0.120912 0.329521 0.190102
0.383839 0.500167 0.191784
0.309418 0.562222 0.172366
0.411729 0.181918 0.589236
0.385316 0.0402392 0.604276
0.409259 0.445266 0.127636
0.198136 0.56745 0.793413
0.152337 0.517666 0.124071
0.231846 0.226133 0.477723
0.403255 0.172112 0.105465
0.102513 0.420549 0.493288
0.162802 0.507263 0.480299
0.362395 0.357892 0.392138
0.166649 0.506072 0.525788
0.357054 0.11621 0.135614
0.342482 0.510244 0.334129
0.361925 0.3715 0.851093
0.155075 0.482071 0.859329
0.360022 0.413975 0.848655
0.458154 0.291982 0.557116
0.447216 0.210294 0.580881
0.383428 0.452266 0.683984
0.369001 0.413943 0.0582731
0.274128 0.449953 0.0359176
0.184255 0.186977 0.0780011
0.294765 0.315011 0.0495526
0.13891 0.406478 0.267189
0.1038 0.0947605 0.102086
0.249746 0.557845 0.234513
0.246814 0.310999 0.0992496
0.25803 0.541473 0.478911
0.135215 0.180257 0.544766
0.303892 0.231582 0.485825
0.361823 0.367296 0.860306
0.446301 0.179941 0.550018
0.388933 0.47678 0.53578
0.140415 0.473786 0.302623
0.389231 0.0726556 0.186607
0.175612 0.333111 0.74462
0.384481 0.172325 0.569036
0.467631 0.0437859 0.578751
0.206231 0.491334 0.9124
0.343202 0.0662786 0.161861
0.268415 0.253641 0.376179
0.273258 0.552176 0.624094
0.0562775 0.216462 0.55371
0.156455 0.50864 0.723707
0.158401 0.432533 0.878346
0.327591 0.332576 0.301877
0.222399 0.343539 0.936445
0.167357 0.309754 0.83776
0.368318 0.147983 0.0660344
0.143089 0.499442 0.27587
0.111341 0.485925 0.581265
0.325007 0.518702 0.389347
0.288222 0.318506 0.875751
0.171575 0.317111 0.772329
0.43741 0.0433821 0.67136
0.132846 0.498597 0.613081
0.463427 0.265236 0.571247
0.224127 0.316962 0.0520795
0.283288 0.506693 0.92387
0.333117 0.560677 0.818822
0.11347 0.462068 0.11315
0.224331 0.227776 0.480948
0.103893 0.027095 0.582562
0.209826 0.280792 0.667405
0.137467 0.474155 0.401777
0.119721 0.495296 0.578978
0.167699 0.220201 0.573215
0.290864 0.296647 0.316212
0.154816 0.517947 0.605946
0.168622 0.260815 0.0588992
0.271798 0.442772 0.96739
0.111533 0.47638 0.164235
0.339065 0.182011 0.0637175
0.311714 0.238567 0.0919264
0.126771 0.194888 0.583979
0.240719 0.554747 0.273122
0.298169 0.233818 0.550452
0.11157 0.318285 0.162552
0.137201 0.491178 0.0971177
0.34964 0.520116 0.615252
0.100642 0.455336 0.148735
0.1241 0.201912 0.137008
0.072626 0.366181 0.617282
0.122124 0.0899942 0.176583
0.191857 0.252807 0.157326
0.315605 0.360155 0.946734
0.259672 0.307813 0.170585
0.323511 0.316797 0.339035
0.164579 0.504634 0.0934155
0.153785 0.043387 0.100656
0.170628 0.547618 0.173069
0.150177 0.364828 0.87268
0.308975 0.360069 0.0376568
0.106613 0.402763 0.198283
0.368537 0.349394 0.809214
0.383576 0.0443849 0.605939
0.359435 0.369103 0.366133
0.474842 0.0337728 0.631382
0.395959 0.350808 0.6651
0.137723 0.461092 0.303639
0.38962 0.455408 0.251783
0.456578 0.0887043 0.578616
0.0610785 0.348859 0.597086
0.259017 0.255198 0.628306
0.300452 0.2942 0.325832
0.276672 0.318029 0.145612
0.0697993 0.281714 0.532661
0.188767 0.226565 0.518783
0.367359 0.387767 0.800038
0.12789 0.492423 0.792213
0.32632 0.253279 0.0685393
0.144807 0.405555 0.0536724
0.15796 0.213957 0.564232
0.120545 0.479436 0.118444
0.319262 0.261483 0.638183
0.128377 0.387747 0.700955
0.181491 0.257515 0.0655072
0.157512 0.381082 0.264792
0.148053 0.116725 0.136977
0.339861 0.473414 0.894002
0.312529 0.305613 0.880223
0.147667 0.49706 0.530935
0.190152 0.527499 0.336243
0.215789 0.501789 0.924361
0.121076 0.486217 0.207747
0.389379 0.307017 0.0666229
0.450631 0.296021 0.549242
0.406561 0.449942 0.195788
0.151259 0.246452 0.176793
0.270683 0.499707 0.930503
0.128824 0.0564406 0.617549
0.154014 0.373861 0.346351
0.30306 0.259918 0.121595
0.226994 0.546394 0.30914
0.406488 0.172602 0.510854
0.385724 0.196234 0.0674916
0.367921 0.41121 0.771936
0.147799 0.208828 0.159566
0.333951 0.338952 0.323801
0.217143 0.313679 0.05105
0.357996 0.339682 0.40377
0.160846 0.329188 0.768234
0.19839 0.306119 0.88146
0.143666 0.319314 0.438368
0.395972 0.0746371 0.635328
0.293762 0.535532 0.341941
0.150288 0.439591 0.84865
0.116899 0.152532 0.575093
0.36254 0.209089 0.523295
0.380014 0.427771 0.700415
0.417811 0.172718 0.587129
0.200727 0.317056 0.912967
0.397917 0.292297 0.635393
0.410381 0.397746 0.18133
0.174971 0.527457 0.628143
0.225889 0.372473 0.957895
0.0736256 0.415898 0.55096
0.326254 0.530104 0.712449
0.111141 0.259617 0.127296
0.107573 0.194552 0.504013
0.395232 0.1091 0.536556
0.321882 0.556973 0.176707
0.411242 0.430047 0.111475
0.27029 0.545613 0.558042
