0.163121 0.31644 0.606865
0.306088 0.166676 0.606395
0.270113 0.493928 0.419254
0.183422 0.588626 0.607115
0.253682 0.619284 0.719063
0.0718135 0.382437 0.705316
0.215715 0.365673 0.376295
0.219746 0.617716 0.895718
0.152354 0.50262 0.742209
0.0573068 0.0266942 0.659258
0.267463 0.677734 0.773422
0.262295 0.440709 0.266065
0.307037 0.0419281 0.145256
0.11804 0.622819 0.685217
0.245546 0.356168 0.450058
0.29476 0.376973 0.235396
0.19235 0.361499 0.222881
0.1296 0.461254 0.729496
0.0959751 0.403721 0.716416
0.162664 0.359597 0.406473
0.0671848 0.0673482 0.176905
0.10092 0.681895 0.76742
0.124818 0.540049 0.490281
0.103547 0.749405 0.851635
0.0646002 0.362806 0.236169
0.29856 0.0682794 0.170983
0.277042 0.0670584 0.631063
0.175796 0.345698 0.258372
0.0433823 0.0478726 0.682046
0.13041 0.783853 0.797736
0.12485 0.76561 0.845167
0.10047 0.508767 0.680523
0.280725 0.83213 0.808242
0.310347 0.243234 0.618647
0.261443 0.434975 0.230831
0.245982 0.533242 0.457298
0.0449195 0.77832 0.806861
0.115251 0.56077 0.646076
0.267766 0.347365 0.536366
0.0674404 0.441977 0.491123
0.317273 0.163967 0.636399
0.0539798 0.806701 0.807422
0.102323 0.355142 0.470772
0.303902 0.0621706 0.189153
0.182564 0.543682 0.382391
0.228875 0.542378 0.743895
0.273916 0.0761647 0.156723
0.182804 0.514422 0.180424
0.259095 0.297504 0.66639
0.165265 0.59386 0.619027
0.232534 0.763111 0.864203
0.296649 0.264226 0.664251
0.196021 0.610248 0.874801
0.261318 0.220308 0.193375
0.0940013 0.694481 0.816008
0.0761172 0.0311793 0.652745
0.217063 0.7619 0.750268
0.262519 0.204986 0.106507
0.194443 0.541077 0.373072
0.2542 0.502242 0.569235
0.281676 0.430782 0.440785
0.250722 0.670096 0.845922
0.235349 0.324688 0.670224
0.231292 0.496965 0.312399
0.0613392 0.242898 0.608016
0.24049 0.458819 0.260688
0.282948 0.115826 0.110192
0.109685 0.498984 0.367141
0.163331 0.420094 0.745045
0.24022 0.626466 0.780887
0.217087 0.359391 0.425387
0.107678 0.749991 0.838709
0.0750919 0.0976355 0.635849
0.271093 0.230118 0.128209
0.308474 0.790891 0.804021
0.176215 0.687328 0.966025
0.0753319 0.10755 0.596156
0.261287 0.263022 0.599357
0.2864 0.763803 0.776138
0.0536852 0.0337498 0.161598
0.195685 0.776458 0.768246
0.0846093 0.0424611 0.643795
0.0948451 0.444903 0.394109
0.162388 0.421764 0.202081
0.11747 0.654815 0.875719
0.107802 0.517611 0.492719
0.266413 0.51098 0.431955
0.223503 0.521893 0.35219
0.0928691 0.509216 0.613214
0.0523146 0.125271 0.610734
0.269987 0.0539098 0.189123
0.109963 0.544775 0.681455
0.0758258 0.17745 0.594445
0.199322 0.525719 0.754091
0.210773 0.362359 0.356374
0.279952 0.148167 0.605771
0.268075 0.450179 0.336759
0.183504 0.550414 0.0508142
0.0742036 0.273669 0.177585
0.0674103 0.123859 0.597745
0.281445 0.0760809 0.62195
0.227535 0.323727 0.290512
0.155757 0.538731 0.376154
0.157851 0.60279 0.630494
0.296221 0.208696 0.18771
0.277612 0.168831 0.606164
0.317419 0.385128 0.655019
0.19987 0.353631 0.3221
0.268031 0.195825 0.183012
0.0618876 0.0565857 0.675499
0.120766 0.326668 0.55626
0.130449 0.533878 0.56208
0.276458 0.27568 0.668353
0.255003 0.657293 0.775319
0.172316 0.354389 0.392512
0.28339 0.42907 0.710492
0.295639 0.350782 0.263844
0.291473 0.701828 0.803923
0.0903543 0.68653 0.77627
0.0536685 0.281296 0.625845
0.267017 0.247176 0.630597
0.0845352 0.24721 0.655611
0.0738491 0.35346 0.305208
0.0572609 0.370245 0.583155
0.305502 0.255357 0.248815
0.176893 0.352049 0.392226
0.242347 0.536677 0.463811
0.2684 0.362907 0.470507
0.255853 0.285813 0.295437
0.266543 0.496993 0.683932
0.0730704 0.0597045 0.616967
0.23722 0.33114 0.320668
0.259746 0.457088 0.310121
0.175162 0.315623 0.55389
0.126507 0.699145 0.890271
0.145408 0.616405 0.851283
0.313018 0.402054 0.675429
0.184383 0.560976 0.5065
0.287585 0.368886 0.215101
0.269648 0.705256 0.774357
0.0526934 0.409157 0.675439
0.202008 0.495015 0.277182
0.1375 0.699195 0.90517
0.126554 0.654505 0.696941
0.252615 0.650625 0.771734
0.29121 0.251912 0.167495
0.114179 0.760766 0.770569
0.118778 0.715467 0.743532
0.123823 0.748745 0.888754
0.128925 0.532251 0.7349
0.276366 0.497633 0.501769
0.132667 0.523693 0.734176
0.294789 0.449599 0.540455
0.0578284 0.322525 0.677156
0.103281 0.333077 0.698427
0.164857 0.356471 0.414955
0.086421 0.353422 0.554863
0.0747418 0.37565 0.548156
0.132398 0.644473 0.686631
0.226425 0.63479 0.902789
0.0651422 0.20276 0.172115
0.165574 0.350967 0.313276
0.295421 0.377861 0.287149
0.254181 0.384724 0.377741
0.297479 0.459644 0.515668
0.277187 0.360968 0.506971
0.139201 0.736937 0.900229
0.111227 0.448384 0.263399
0.236933 0.313604 0.238228
0.140498 0.666044 0.913587
0.0895145 0.44097 0.413042
0.278795 0.491146 0.616964
0.134078 0.777773 0.822517
0.314165 0.259764 0.634031
0.283732 0.405337 0.224596
0.256711 0.518384 0.475179
0.117686 0.373809 0.719126
0.264898 0.507464 0.598817
0.254932 0.239551 0.147363
0.287613 0.839469 0.814921
0.0987743 0.0355801 0.166431
0.19775 0.776918 0.850252
0.234954 0.361433 0.437119
0.306339 0.818213 0.809155
0.125702 0.634856 0.813805
0.156344 0.559824 0.507671
0.167772 0.493225 0.197811
0.106829 0.755315 0.822639
0.15289 0.503363 0.295762
0.237876 0.504997 0.343071
0.265904 0.746219 0.812375
0.121097 0.53684 0.459103
0.295402 0.306564 0.597738
0.204486 0.473718 0.742524
0.116263 0.579398 0.732841
0.0473291 0.381722 0.617292
0.0320514 0.811926 0.809772
0.087809 0.418739 0.416234
0.130606 0.318612 0.629061
0.282525 0.420787 0.275255
0.256313 0.286183 0.17708
0.274877 0.451959 0.706881
0.0631255 0.81496 0.807212
0.244195 0.306147 0.636189
0.193586 0.345952 0.264439
0.156191 0.351102 0.30432
0.0992286 0.459039 0.717313
0.0993943 0.369583 0.450837
0.0964567 0.436048 0.261561
0.264882 0.220265 0.116693
0.31554 0.0645351 0.658158
0.262434 0.740163 0.849145
0.0828004 0.259456 0.280029
0.310734 0.26935 0.657521
0.0726734 0.0334727 0.66456
0.0574528 0.26339 0.26151
0.082428 0.22807 0.59549
0.148648 0.565774 0.557663
0.158069 0.604628 0.817063
0.0596734 0.314735 0.254321
0.17662 0.773484 0.863267
0.0957919 0.448765 0.34141
0.317165 0.393661 0.644628
0.16654 0.556538 0.473204
0.0542245 0.785847 0.804565
0.279178 0.0494443 0.635201
0.160758 0.412721 0.200039
0.205988 0.317357 0.610743
0.289295 0.468512 0.556431
0.0618286 0.295906 0.273107
0.281595 0.356285 0.323187
0.3081 0.289142 0.210696
0.0940246 0.216629 0.60589
0.148205 0.522277 0.74595
0.247497 0.630839 0.767652
0.0673621 0.152792 0.64003
0.0518467 0.0315855 0.189589
0.138597 0.774229 0.836874
0.176684 0.557485 0.055054
0.267069 0.053087 0.186982
0.133974 0.7689 0.854155
0.0810691 0.425613 0.330133
0.205911 0.580688 0.791309
0.0823384 0.18859 0.108344
0.142679 0.617567 0.877146
0.253812 0.505473 0.382566
0.126932 0.556259 0.743587
0.226955 0.738986 0.740734
0.252303 0.593612 0.706154
0.25394 0.665934 0.758024
0.231925 0.5561 0.600528
0.066219 0.36673 0.24784
0.24161 0.646177 0.830666
0.166476 0.532488 0.757817
0.141425 0.67423 0.910323
0.0451765 0.0465139 0.175386
0.197494 0.567473 0.555685
0.203802 0.669999 0.962293
0.247117 0.30899 0.667513
0.124511 0.57223 0.752961
0.282862 0.056542 0.192579
0.0696857 0.28837 0.674119
0.224697 0.553262 0.578476
0.234877 0.319468 0.592452
0.130913 0.605295 0.79014
0.132106 0.440485 0.207095
0.0490055 0.239587 0.645203
0.084068 0.489467 0.639536
0.27894 0.48335 0.594946
0.126705 0.766225 0.835137
0.307487 0.259553 0.214597
0.194917 0.729904 0.709007
0.294883 0.789865 0.803107
0.254471 0.465596 0.316743
0.212274 0.329341 0.679558
0.241103 0.610908 0.772783
0.236789 0.545421 0.594523
0.232121 0.32486 0.552695
0.127988 0.737538 0.897235
0.196254 0.357339 0.406275
0.248061 0.70502 0.884731
0.096753 0.261334 0.650192
0.270935 0.32876 0.326439
0.158901 0.58288 0.601818
0.0728271 0.165524 0.637726
0.301679 0.746678 0.776061
0.253943 0.269831 0.189723
0.121082 0.443044 0.21728
0.25399 0.237695 0.156101
0.218546 0.325038 0.541022
0.270602 0.0566037 0.1872
0.242138 0.536086 0.440639
0.052626 0.0266863 0.6587
0.218199 0.626487 0.665103
0.114819 0.508135 0.374194
0.287941 0.839691 0.813795
0.2476 0.356224 0.347128
0.112628 0.527504 0.463488
0.0676589 0.459585 0.50466
0.199931 0.697629 0.69224
0.289838 0.759012 0.775669
0.311548 0.141209 0.637932
0.206649 0.647978 0.673234
0.28584 0.136258 0.149036
0.209135 0.319491 0.557074
0.229257 0.468984 0.260319
0.199435 0.488168 0.258927
0.0584622 0.25119 0.193137
0.272333 0.498636 0.663853
0.133849 0.593267 0.642504
0.286642 0.179814 0.637949
0.073962 0.179432 0.594717
0.175169 0.496995 0.209049
0.126515 0.461791 0.25942
0.203289 0.344152 0.444043
0.134234 0.319398 0.25691
0.274315 0.240159 0.251964
0.304491 0.323984 0.244669
0.252487 0.255103 0.19728
0.302925 0.339826 0.22662
0.290681 0.359771 0.302261
0.285035 0.241507 0.598658
0.0752198 0.037891 0.674267
0.106961 0.718081 0.763146
0.0669766 0.362808 0.699122
0.271224 0.415452 0.399597
0.206995 0.687872 0.927851
0.255527 0.508997 0.544958
0.182224 0.598635 0.819237
0.0530862 0.207015 0.611656
0.200753 0.618847 0.930962
0.225194 0.370606 0.413121
0.136158 0.570931 0.765317
0.19031 0.530979 0.112578
0.116468 0.295225 0.246316
0.228741 0.349117 0.333283
0.310897 0.172054 0.611204
0.074864 0.476629 0.507658
0.153148 0.588927 0.797056
0.309281 0.273868 0.225758
0.254728 0.453589 0.287482
0.142509 0.5377 0.387688
0.0439115 0.0735879 0.638154
0.183365 0.333013 0.688227
0.15037 0.357221 0.226991
0.176183 0.351364 0.340928
0.186014 0.760407 0.732249
0.12395 0.59536 0.770034
0.0930928 0.113586 0.108606
0.224057 0.664466 0.911099
0.196679 0.399188 0.203316
0.104436 0.301162 0.177568
0.108699 0.563242 0.673518
0.22395 0.471607 0.256748
0.29894 0.309269 0.203388
0.0810562 0.768822 0.804196
0.163331 0.350708 0.232815
0.157035 0.617108 0.648293
0.181428 0.490836 0.748651
0.260773 0.814752 0.806093
0.180506 0.66608 0.974208
0.104786 0.40909 0.72251
0.0988118 0.134896 0.124657
0.214026 0.614975 0.863496
0.115182 0.302763 0.646043
0.0963452 0.715303 0.847274
0.131709 0.515401 0.351986
0.105432 0.231902 0.133192
0.271104 0.205102 0.197436
0.293024 0.153831 0.637864
0.139427 0.621851 0.878903
0.114549 0.659005 0.859399
0.141151 0.387207 0.195141
0.256517 0.666144 0.789863
0.311688 0.0461465 0.620037
0.221162 0.600947 0.638782
0.0791057 0.148362 0.625371
0.294932 0.402116 0.70404
0.166239 0.608516 0.829175
0.155637 0.330827 0.477291
0.0730584 0.0419353 0.20198
0.212381 0.320608 0.556544
0.174796 0.43304 0.205729
0.287647 0.417264 0.321042
0.299869 0.40875 0.539432
0.281776 0.484131 0.640528
0.289226 0.367846 0.559835
0.246605 0.760984 0.769268
0.0494719 0.272888 0.641065
0.294235 0.360916 0.294027
0.297316 0.448587 0.559906
0.101117 0.251526 0.616247
0.288173 0.135124 0.595107
0.244084 0.42887 0.729167
0.0787466 0.347866 0.316614
0.297675 0.384893 0.701954
0.213958 0.546482 0.420537
0.329373 0.044198 0.632867
0.0435347 0.0572741 0.62541
0.0947726 0.290611 0.670554
0.254737 0.385097 0.422448
0.0801619 0.489108 0.51133
0.114492 0.300497 0.603794
0.230035 0.541004 0.549538
0.0803925 0.122369 0.147311
0.257047 0.283434 0.16856
0.078439 0.0795751 0.613381
0.216709 0.458079 0.737519
0.143641 0.766965 0.757057
0.135818 0.751101 0.749502
0.298425 0.453452 0.638316
0.161876 0.370958 0.726563
0.0534273 0.329786 0.626137
0.242836 0.548307 0.725149
0.265998 0.26252 0.647928
0.0998425 0.460215 0.354606
0.20148 0.556522 0.476376
0.104787 0.703691 0.87034
0.262609 0.309357 0.581833
0.259649 0.403439 0.398777
0.227367 0.574941 0.768559
0.255493 0.321453 0.186121
0.218009 0.556225 0.512603
0.278289 0.39426 0.21107
0.260732 0.479317 0.377861
0.171822 0.31543 0.605019
0.167266 0.545044 0.391968
0.0658857 0.035926 0.208425
0.267101 0.122886 0.134761
0.30726 0.0775436 0.642465
0.276698 0.497903 0.508231
0.242519 0.301317 0.218259
0.319146 0.0798505 0.631076
0.239505 0.336024 0.33263
0.0863285 0.273926 0.667922
0.2492 0.287045 0.242354
0.217132 0.616945 0.899972
0.147995 0.730246 0.721958
0.0982082 0.366537 0.345104
0.0750319 0.208919 0.195508
0.303216 0.0601832 0.190545
0.162037 0.778724 0.842246
0.117285 0.514514 0.572385
0.274415 0.190664 0.618625
0.196132 0.52962 0.756778
0.264958 0.168112 0.142667
0.264326 0.256476 0.147281
0.111173 0.527821 0.69667
0.294682 0.447342 0.488273
0.0976261 0.457381 0.328907
0.0727879 0.433678 0.694883
0.0689706 0.8071 0.78576
0.30733 0.411011 0.556756
0.246812 0.634897 0.693951
0.0982728 0.440327 0.377651
0.0946799 0.295623 0.592753
0.293666 0.0709004 0.650766
0.0793456 0.387531 0.467684
0.305149 0.0466859 0.682663
0.215271 0.523168 0.340499
0.258788 0.234525 0.201277
0.0681343 0.342192 0.273812
0.0725151 0.0803147 0.149792
0.24366 0.3616 0.710555
0.0681321 0.238835 0.602297
0.256609 0.684332 0.84129
0.285115 0.40917 0.240271
0.183633 0.334812 0.690761
0.300371 0.337786 0.686714
0.23904 0.645618 0.859965
0.19838 0.476539 0.743407
0.109225 0.331827 0.555314
0.0956636 0.0760107 0.152507
0.0899068 0.210276 0.628494
0.108303 0.449924 0.279282
0.310277 0.783648 0.781292
0.198887 0.316703 0.559141
0.277031 0.497524 0.51799
0.299185 0.415128 0.527931
0.287012 0.174785 0.116345
0.0772631 0.46403 0.464135
0.116989 0.771947 0.778574
0.100908 0.227809 0.209761
0.230908 0.627842 0.88987
0.301809 0.26409 0.609527
0.172357 0.667481 0.96908
0.120391 0.625623 0.774757
0.0993571 0.502378 0.404198
0.0951523 0.735236 0.776369
0.284549 0.23666 0.148598
0.0465494 0.402957 0.606124
0.187872 0.493658 0.228974
0.0967778 0.282144 0.162677
0.171727 0.771437 0.870455
0.232903 0.544781 0.457014
0.233659 0.331977 0.530535
0.0668528 0.434339 0.683523
0.168913 0.37802 0.732949
0.257451 0.715397 0.880951
0.0903678 0.82691 0.811708
0.181822 0.643718 0.969525
0.100116 0.03113 0.155774
0.218854 0.562902 0.56825
0.0655047 0.382052 0.701987
0.289396 0.41292 0.317435
0.133442 0.610963 0.802492
0.0799754 0.468198 0.456653
0.130729 0.766388 0.856656
0.165055 0.345907 0.704726
0.111585 0.378932 0.191588
0.0708944 0.345702 0.580307
0.313358 0.224634 0.61993
0.29051 0.133794 0.141225
0.0715178 0.435781 0.471489
0.208628 0.369629 0.724975
0.0601859 0.411012 0.546072
0.184906 0.700591 0.930583
0.235655 0.316422 0.295547
0.295658 0.148954 0.598188
0.225694 0.439247 0.205265
0.290745 0.113234 0.139486
0.166489 0.483011 0.743593
0.151436 0.614017 0.894223
0.125704 0.366304 0.717784
0.108153 0.523796 0.440705
0.164626 0.488473 0.256481
0.298654 0.449612 0.657382
0.0924144 0.424583 0.357796
0.0732927 0.14026 0.134346
0.297479 0.447384 0.50604
0.262979 0.503712 0.539459
0.25334 0.517779 0.525315
0.116848 0.52329 0.535951
0.0950618 0.455913 0.400181
0.270276 0.39094 0.425714
0.0555558 0.375613 0.682454
0.250676 0.398391 0.19264
0.219629 0.699045 0.704912
0.282262 0.37317 0.487125
0.0747974 0.400836 0.463968
0.0493669 0.362159 0.612122
0.170546 0.699412 0.92865
0.195573 0.34215 0.441314
0.316679 0.41771 0.586735
0.221335 0.559112 0.560074
0.274633 0.484121 0.565467
0.0701685 0.468137 0.53177
0.0919372 0.246767 0.594841
0.217455 0.530763 0.362202
0.2663 0.190789 0.1705
0.310367 0.328937 0.628779
0.2564 0.483794 0.359759
0.252235 0.483921 0.339615
0.122496 0.338656 0.499994
0.0985978 0.0663814 0.127358
0.143034 0.328091 0.524456
0.0814269 0.327041 0.693108
0.161705 0.374849 0.729814
0.10001 0.226468 0.211688
 0.065 0.344831 0.587984
0.214889 0.407657 0.742337
0.147637 0.336864 0.468936
0.290812 0.236641 0.236093
0.311363 0.103083 0.63405
0.0802973 0.145164 0.152218
0.103415 0.521011 0.601762
0.178819 0.542546 0.378276
0.0951808 0.501268 0.532036
0.112291 0.338033 0.535425
0.181707 0.55578 0.467438
0.283357 0.416537 0.445638
0.115348 0.694495 0.747763
0.31396 0.256538 0.632225
0.153979 0.325649 0.672437
0.047602 0.385453 0.668335
0.0714513 0.184419 0.64205
0.120895 0.492359 0.327441
0.0794473 0.127454 0.624006
0.264267 0.148088 0.129203
0.237955 0.518466 0.371121
0.139547 0.332697 0.298257
0.283698 0.207996 0.120842
0.0758727 0.333281 0.198959
0.077492 0.168782 0.594293
0.223763 0.392194 0.191152
0.0757956 0.297846 0.594581
0.0701232 0.394947 0.27919
0.0804563 0.31609 0.189228
0.19514 0.75432 0.729489
0.142008 0.354894 0.329133
0.305534 0.238366 0.208261
0.150784 0.49333 0.28238
0.13245 0.323583 0.651189
0.306971 0.318916 0.220916
0.131982 0.316356 0.279296
0.268443 0.0644326 0.122334
0.265411 0.373851 0.709086
0.116304 0.548308 0.711257
0.190002 0.352041 0.328088
0.245573 0.653733 0.854738
0.14651 0.615819 0.89542
0.122934 0.587611 0.654311
0.260216 0.305853 0.674972
0.135319 0.772596 0.770105
0.226068 0.484575 0.735822
0.285344 0.263967 0.666665
0.0806285 0.0502228 0.662527
0.29389 0.350158 0.291179
0.305152 0.234622 0.609901
0.166807 0.31988 0.529402
0.184022 0.684705 0.971018
0.220784 0.496458 0.295648
0.263709 0.391935 0.196603
0.258486 0.345352 0.702174
0.22434 0.323011 0.56536
0.272909 0.233218 0.642323
0.228492 0.54282 0.425918
0.185763 0.525077 0.11072
0.136393 0.569882 0.606358
0.0738744 0.16839 0.134267
0.297267 0.0638848 0.661837
0.0723408 0.170182 0.144537
0.0866674 0.288219 0.172795
0.19826 0.685576 0.954561
0.0836541 0.477004 0.66989
0.245916 0.324262 0.565655
0.12747 0.37542 0.414829
0.0861756 0.689326 0.795087
0.266837 0.0852169 0.126541
0.266217 0.0621019 0.125246
0.257753 0.195819 0.113557
0.115011 0.358185 0.449049
0.127837 0.321215 0.578157
0.285293 0.488405 0.490291
0.25858 0.716275 0.878945
0.120447 0.605829 0.674441
0.227916 0.758273 0.754535
0.252951 0.646779 0.762381
0.0819295 0.352724 0.562908
0.29127 0.413152 0.7078
0.313137 0.0578232 0.674427
0.300966 0.0307853 0.685943
0.0775215 0.144595 0.628103
0.0967582 0.233447 0.61961
0.252325 0.275006 0.24149
0.195047 0.347987 0.24564
0.0498946 0.382326 0.672881
0.100506 0.492468 0.697227
0.27878 0.46974 0.682292
0.291176 0.0778054 0.611262
0.246892 0.376322 0.188391
0.22612 0.551983 0.581464
0.0968179 0.204724 0.192302
0.270822 0.286128 0.595992
0.076519 0.350043 0.311439
0.279619 0.791131 0.780182
0.0972854 0.437847 0.369178
0.116201 0.595406 0.749574
0.109857 0.369993 0.440067
0.146271 0.603431 0.638454
0.134933 0.707879 0.720397
0.307413 0.246187 0.224791
0.193855 0.355515 0.376839
0.264734 0.508663 0.499379
0.0740503 0.46853 0.556463
0.113098 0.764661 0.820215
0.234118 0.752799 0.75512
0.165165 0.347862 0.241033
0.198655 0.392023 0.204871
0.289748 0.075231 0.121552
0.139658 0.37315 0.201941
0.178369 0.539737 0.368322
0.305581 0.732891 0.786123
0.0357682 0.780034 0.789872
0.291353 0.380572 0.229662
0.292704 0.0283435 0.162605
0.232192 0.605214 0.790294
0.230461 0.356126 0.347334
0.265027 0.512328 0.436457
0.077381 0.250733 0.265863
0.271969 0.19746 0.186772
0.293021 0.333519 0.294518
0.227326 0.573444 0.767292
0.162879 0.740315 0.906027
0.241525 0.576183 0.644682
0.270112 0.147668 0.148832
0.0692148 0.140775 0.596624
0.0842576 0.360584 0.517348
0.0987746 0.179829 0.15275
0.0957261 0.334226 0.554932
0.0932492 0.502568 0.490423
0.161371 0.397522 0.203183
0.100728 0.253631 0.604399
0.316098 0.197048 0.62203
0.188286 0.451617 0.744761
0.281093 0.492733 0.495524
0.264095 0.2367 0.229177
0.073096 0.250509 0.600095
0.275199 0.444149 0.420498
0.179912 0.456417 0.745177
0.211247 0.547949 0.424618
0.0891567 0.38646 0.710472
0.253216 0.630247 0.717249
0.27402 0.453968 0.706757
0.1399 0.621549 0.897312
0.264915 0.464562 0.345753
0.110549 0.396051 0.723262
0.0331878 0.822487 0.816109
0.0751654 0.37241 0.552955
0.0871713 0.268634 0.287981
0.180698 0.781808 0.819713
0.0570704 0.416654 0.679606
0.140629 0.560703 0.582045
0.0765667 0.370328 0.517544
0.261593 0.471027 0.352991
0.123433 0.34132 0.479195
0.253656 0.534769 0.684585
0.251615 0.277046 0.240109
0.247976 0.748288 0.873619
0.168824 0.610041 0.874575
0.288285 0.100594 0.602819
0.164135 0.6096 0.841445
0.191144 0.543518 0.381722
0.262965 0.38926 0.196419
0.252006 0.751985 0.860553
0.251759 0.29516 0.293631
0.0591249 0.0548868 0.141447
0.26093 0.308502 0.321569
0.168355 0.611999 0.897858
0.095449 0.13325 0.109698
0.0935404 0.230109 0.628949
0.306062 0.239635 0.217298
0.112379 0.592813 0.680594
0.151545 0.524548 0.340863
0.197052 0.609346 0.852703
0.118761 0.688326 0.739111
0.28457 0.129512 0.598134
0.122138 0.764548 0.842773
0.103292 0.175844 0.119168
0.280102 0.412256 0.432866
0.0826153 0.781466 0.806607
0.184106 0.70689 0.925241
0.271383 0.348748 0.549198
0.236832 0.682325 0.71922
0.0497914 0.854369 0.807437
0.28805 0.124542 0.122112
0.0712223 0.306247 0.192958
0.0668304 0.231635 0.656093
0.255168 0.719368 0.761416
0.0856455 0.18997 0.59511
0.0601368 0.328437 0.681094
0.237165 0.563936 0.621824
0.314763 0.345331 0.638603
0.0891499 0.429258 0.257398
0.227791 0.639609 0.680826
0.0472002 0.419648 0.644996
0.313057 0.376278 0.592623
0.155979 0.627763 0.658134
0.128486 0.640763 0.879807
0.25406 0.671075 0.823641
0.13657 0.750874 0.89127
0.256562 0.28845 0.632414
0.284429 0.204009 0.191317
0.246037 0.718064 0.746363
0.251033 0.273944 0.228181
0.0974278 0.452961 0.345433
0.0524152 0.760435 0.804135
0.28387 0.0693707 0.644333
0.0435642 0.0667138 0.625969
0.300764 0.348548 0.690483
0.200457 0.481996 0.743163
0.272291 0.111974 0.107884
0.0829223 0.140658 0.150678
0.256897 0.453477 0.293253
0.165087 0.644976 0.665496
0.108617 0.710601 0.88727
0.226286 0.333886 0.498438
0.19846 0.357623 0.365081
0.111199 0.464739 0.307795
0.0908918 0.497557 0.665224
0.32347 0.757966 0.791808
0.251508 0.399498 0.386898
0.259264 0.539885 0.644839
0.102612 0.487369 0.382373
0.292846 0.329368 0.689105
0.285768 0.323953 0.30888
0.194978 0.749811 0.724484
0.0607936 0.731128 0.784909
0.250007 0.279948 0.233107
0.116126 0.512208 0.561786
0.11824 0.367565 0.43363
0.300701 0.415462 0.536376
0.104051 0.236311 0.134981
0.28117 0.0431325 0.628756
0.27718 0.492616 0.656675
0.172759 0.534093 0.104549
0.0518749 0.0646159 0.617033
0.309858 0.296354 0.624764
0.31588 0.213137 0.643657
0.296516 0.274554 0.188042
0.300636 0.189369 0.646515
0.177764 0.526763 0.325941
0.0899343 0.328742 0.694984
0.298688 0.0313503 0.203002
0.16343 0.351682 0.313752
0.120919 0.37164 0.719267
0.276799 0.388743 0.205266
0.248489 0.481868 0.325784
0.0993881 0.500005 0.688041
0.175612 0.342582 0.701331
0.281244 0.0452757 0.130122
0.261464 0.0364064 0.159359
0.0735987 0.475941 0.482662
0.104693 0.276231 0.601816
0.280963 0.141651 0.61069
0.074844 0.376234 0.503329
0.15935 0.337995 0.457082
0.312334 0.326312 0.639076
0.23693 0.428218 0.201854
0.0756165 0.327816 0.585462
0.121475 0.600374 0.767545
0.241957 0.440176 0.209913
0.174112 0.510486 0.292908
0.0670177 0.375708 0.250449
0.278658 0.737399 0.812497
0.142322 0.617778 0.873674
0.0512018 0.0295596 0.628693
0.0743403 0.478518 0.52208
0.12826 0.354505 0.448399
0.195569 0.564952 0.538921
0.122702 0.52043 0.566388
0.1875 0.52723 0.111698
0.168021 0.665067 0.970177
0.294755 0.392597 0.705042
0.173294 0.549457 0.422982
0.178147 0.598846 0.62025
0.0675783 0.190897 0.151295
0.122247 0.554377 0.614732
0.280506 0.465711 0.447986
0.310968 0.038101 0.622523
0.110513 0.645743 0.727877
0.0756684 0.481516 0.515602
0.253341 0.380263 0.193007
0.0980241 0.254176 0.59686
0.104419 0.505218 0.396246
0.209554 0.559479 0.526063
0.244738 0.464569 0.28767
0.0698556 0.458918 0.490735
0.0591603 0.311445 0.254898
0.0269366 0.041378 0.652384
0.235988 0.353129 0.708244
0.316283 0.38769 0.615485
0.117102 0.603797 0.755546
0.0785562 0.259023 0.599087
0.0527152 0.0497389 0.149218
0.0800588 0.04887 0.128268
0.267349 0.507723 0.603532
0.293465 0.460104 0.656655
0.0638022 0.348213 0.244589
0.11933 0.779513 0.816199
0.296706 0.391297 0.542368
0.114971 0.3232 0.570799
0.17466 0.341433 0.438337
0.118479 0.539883 0.715365
0.0893275 0.368584 0.470964
0.238015 0.349757 0.344797
0.0963665 0.751022 0.809393
0.055281 0.727928 0.793433
0.0829778 0.48028 0.560747
0.303448 0.371165 0.690991
0.0850232 0.489004 0.458236
0.109693 0.372436 0.713414
0.260418 0.275323 0.291493
0.18363 0.537694 0.0689936
0.257294 0.388558 0.420369
0.252041 0.341039 0.514979
0.11223 0.510853 0.388639
0.18756 0.424526 0.204545
0.160943 0.322241 0.526034
0.306218 0.0927347 0.609867
0.157052 0.682883 0.941602
0.120086 0.309327 0.65292
0.0710501 0.307213 0.193529
0.0558883 0.269575 0.207681
0.238353 0.682208 0.892517
0.0538563 0.322402 0.6303
0.264707 0.809854 0.823503
0.274323 0.19563 0.598165
0.0841631 0.239794 0.249034
0.257514 0.748781 0.8592
0.0310356 0.811083 0.800934
0.0685229 0.0634017 0.659729
0.248811 0.637485 0.697095
0.313855 0.345109 0.627562
0.214422 0.66976 0.937961
0.0661316 0.328002 0.273592
0.0673573 0.111427 0.638567
0.0598409 0.24105 0.185537
0.166081 0.408015 0.743313
0.070566 0.832354 0.819848
0.19063 0.603974 0.627819
0.164462 0.615767 0.920932
0.0688865 0.38899 0.273734
0.239004 0.710156 0.735984
0.110056 0.7436 0.876303
0.035221 0.0293273 0.647267
0.0682268 0.349492 0.269023
0.155079 0.645765 0.963869
0.0746027 0.722925 0.781264
0.232206 0.339936 0.214713
0.288158 0.457153 0.468667
0.236629 0.42868 0.73352
0.253141 0.663539 0.745774
0.297374 0.230001 0.222901
0.16766 0.574012 0.789049
0.162655 0.381991 0.207209
0.297648 0.439801 0.503575
0.109365 0.215612 0.144435
0.205147 0.414148 0.199822
0.285937 0.383686 0.479056
0.152963 0.741882 0.902999
0.315164 0.248785 0.638917
0.306519 0.254316 0.208037
0.0814509 0.0777262 0.620428
0.233482 0.402921 0.736878
0.145206 0.713927 0.71345
0.131748 0.369416 0.193518
0.0537381 0.337255 0.670948
0.270419 0.688043 0.802915
0.161639 0.663407 0.678393
0.138747 0.324146 0.661195
0.0283657 0.0338707 0.664175
0.0959588 0.430444 0.232001
0.076211 0.209669 0.197186
0.308062 0.426924 0.66358
0.0773528 0.172475 0.115253
0.333616 0.829432 0.803864
0.10579 0.687686 0.764228
0.115947 0.328811 0.335905
0.236619 0.689702 0.720376
0.221943 0.750585 0.892229
0.104673 0.407874 0.722174
0.106618 0.786323 0.813167
0.24813 0.52841 0.428803
0.18026 0.544948 0.390825
0.273935 0.0587675 0.186529
0.236477 0.323733 0.221702
0.079609 0.38778 0.466615
0.2288 0.326936 0.298529
0.103992 0.188157 0.111581
0.286547 0.0321399 0.141577
0.0915084 0.0619503 0.122306
0.157421 0.653083 0.67603
0.182249 0.5331 0.344802
0.315236 0.200249 0.643629
0.235411 0.592753 0.776283
0.0901014 0.294079 0.67859
0.136359 0.319224 0.609067
0.297387 0.416079 0.696475
0.154478 0.3615 0.35518
0.302377 0.0449739 0.682003
0.102373 0.404035 0.377286
0.32343 0.0620286 0.634639
0.301007 0.788279 0.802997
0.122149 0.331337 0.20493
0.254728 0.249767 0.160484
0.305377 0.741856 0.805612
0.26349 0.509292 0.493657
0.105184 0.500057 0.383306
0.0745012 0.335239 0.306299
0.280831 0.0920117 0.14949
0.194954 0.564796 0.537888
0.2759 0.35216 0.701209
0.132063 0.320697 0.632195
0.250956 0.635591 0.762515
0.281034 0.360377 0.53734
0.139524 0.621701 0.879466
0.162083 0.345747 0.262533
0.0935724 0.442859 0.353202
0.130857 0.675886 0.899123
0.066679 0.195708 0.153036
0.275654 0.184902 0.599353
0.050074 0.0287001 0.630643
0.317058 0.391315 0.628697
0.262918 0.159416 0.119707
0.22094 0.31887 0.611514
0.261272 0.227873 0.204686
0.247826 0.712999 0.748364
0.110722 0.354894 0.189367
0.075128 0.145135 0.129851
0.0539547 0.328396 0.625537
0.321491 0.0616536 0.64964
0.0968597 0.301779 0.174384
0.185721 0.61971 0.941194
0.245416 0.306514 0.650583
0.270747 0.467203 0.70178
0.270294 0.105213 0.110274
0.0262839 0.0506013 0.661517
0.26289 0.0371716 0.147381
0.0854037 0.724388 0.821792
0.247538 0.359516 0.708046
0.0863073 0.224042 0.644835
0.169416 0.7558 0.730587
0.153202 0.576136 0.586026
0.0754134 0.125028 0.633568
0.241812 0.339198 0.498683
0.156528 0.321751 0.538204
0.282395 0.482894 0.638414
0.108418 0.307967 0.672741
0.262557 0.462272 0.379807
0.0576708 0.327338 0.612291
0.181752 0.349597 0.389286
0.13626 0.778433 0.781709
0.0969169 0.0893135 0.117099
0.0788044 0.416116 0.450038
0.240406 0.527577 0.577429
0.172093 0.353658 0.351153
0.233642 0.407746 0.73776
0.0874352 0.165781 0.159427
0.280315 0.212376 0.204427
0.253702 0.223282 0.14318
0.307608 0.15186 0.608788
0.251219 0.643996 0.714504
0.153753 0.518308 0.322152
0.0567659 0.323068 0.221962
0.176603 0.483548 0.188791
0.081131 0.136898 0.61777
0.188703 0.609087 0.871787
0.205847 0.781606 0.827174
0.21139 0.784644 0.805354
0.0776574 0.151063 0.594499
0.165584 0.774703 0.86097
0.222999 0.33201 0.503643
0.0755903 0.373987 0.54783
0.298323 0.243821 0.167895
0.137675 0.452498 0.22217
0.0902313 0.471141 0.423826
0.306319 0.440545 0.571548
0.251289 0.657568 0.726878
0.0794972 0.445511 0.450691
0.0522868 0.282578 0.244098
0.205452 0.470851 0.742386
0.240632 0.72195 0.901375
0.082657 0.790738 0.780186
0.266439 0.812766 0.824103
0.275834 0.424918 0.715468
0.308286 0.0313442 0.195545
0.187253 0.316189 0.534241
0.268853 0.494008 0.680593
0.331184 0.840907 0.802471
0.165756 0.437716 0.206779
0.184819 0.774449 0.860363
0.0928459 0.456678 0.710749
0.135321 0.340967 0.467407
0.21505 0.713884 0.910013
0.287904 0.47528 0.542703
0.262869 0.371176 0.447797
0.0773567 0.150614 0.118968
0.164143 0.495007 0.271588
0.0970672 0.240301 0.597921
0.0712456 0.328886 0.589871
0.327001 0.777503 0.802324
0.17198 0.662546 0.971767
0.240146 0.34098 0.199093
0.236965 0.621191 0.789613
0.2404 0.472018 0.292036
0.181548 0.558317 0.48573
0.316292 0.0738795 0.621088
0.163139 0.35352 0.321235
0.184997 0.547502 0.407836
0.316493 0.756002 0.783011
0.131558 0.545138 0.525056
0.289746 0.215406 0.651036
0.153129 0.361291 0.343517
0.243623 0.302364 0.229944
0.0369347 0.855568 0.808891
0.0950421 0.199035 0.187524
0.230537 0.347472 0.21164
0.163792 0.558091 0.77426
0.244894 0.72016 0.745795
0.132888 0.548848 0.588034
0.0781575 0.735225 0.810801
0.0774335 0.254716 0.599542
0.111232 0.670677 0.753151
0.086372 0.374985 0.4644
0.265452 0.412775 0.385634
0.273184 0.229599 0.64084
0.285398 0.129449 0.114304
0.249643 0.496109 0.715362
0.31377 0.128934 0.61785
0.267524 0.157015 0.145697
0.0542348 0.0412742 0.15138
0.241606 0.303777 0.216114
0.307875 0.0915402 0.610987
0.129657 0.391184 0.734406
0.124976 0.568504 0.751197
0.0979535 0.237291 0.607275
0.24333 0.638649 0.799215
0.090865 0.200272 0.618182
0.0851562 0.1649 0.107957
0.0614837 0.0335363 0.626291
0.215684 0.360891 0.334408
0.0898592 0.433002 0.409028
0.0532938 0.265573 0.236983
0.252486 0.717371 0.882108
0.314603 0.112274 0.628271
0.282245 0.0481163 0.660761
0.127987 0.316126 0.633598
0.14682 0.328668 0.67812
0.119241 0.618751 0.68196
0.23761 0.537511 0.526779
0.31513 0.387087 0.596164
0.305445 0.420529 0.544588
0.300631 0.31935 0.679768
0.211075 0.45647 0.218628
0.0671018 0.846724 0.815874
0.0828524 0.379279 0.468366
0.143043 0.587025 0.617638
0.0522467 0.266286 0.247296
0.292488 0.336657 0.203996
0.205668 0.769948 0.752525
0.316803 0.39523 0.617241
0.253599 0.217432 0.144012
0.109633 0.624579 0.728391
0.258434 0.347858 0.188951
0.0883275 0.185565 0.606096
0.0855176 0.49637 0.502873
0.185662 0.660668 0.670303
0.107428 0.715235 0.886311
0.280828 0.281556 0.596772
0.0531694 0.417982 0.558622
0.0527602 0.832725 0.813334
0.0660346 0.416888 0.493384
0.29418 0.20251 0.598835
0.123009 0.572635 0.749334
0.170509 0.573842 0.579072
0.242924 0.32803 0.553249
0.0758399 0.479131 0.530728
0.0633907 0.427131 0.530333
0.0755967 0.372936 0.703832
0.101571 0.74115 0.844831
0.279076 0.801067 0.784156
0.26417 0.445084 0.718317
0.151538 0.571233 0.779258
0.0760167 0.25833 0.59924
0.121434 0.537171 0.458733
0.142751 0.671028 0.915715
0.295987 0.458016 0.634105
0.328077 0.855183 0.814032
0.153849 0.774647 0.858079
0.103213 0.498989 0.697756
0.264768 0.445752 0.379922
0.171198 0.354764 0.412837
0.106069 0.343772 0.509333
0.270847 0.423773 0.39867
0.257337 0.548958 0.655886
0.278543 0.0810966 0.626771
0.246763 0.526808 0.524536
0.182661 0.545342 0.0555422
0.275065 0.208253 0.110721
0.28782 0.801165 0.807068
0.269765 0.428442 0.361397
0.11488 0.756966 0.855526
0.0929696 0.136233 0.106544
0.0632966 0.814604 0.807089
0.088626 0.405165 0.348253
0.198895 0.358058 0.375532
0.102225 0.191781 0.155281
0.304633 0.845718 0.804238
0.12019 0.705679 0.894933
0.0966336 0.095734 0.127164
0.269415 0.425264 0.392939
0.286724 0.374779 0.704547
0.0892355 0.371724 0.706772
0.0852416 0.713633 0.822641
0.250613 0.380725 0.381352
0.0454908 0.191277 0.634867
0.276149 0.726734 0.821807
0.276446 0.435202 0.298344
0.2188 0.648158 0.680716
0.285387 0.0325009 0.140382
0.253748 0.659175 0.760329
0.083868 0.0297648 0.193362
0.158377 0.346111 0.288535
0.273896 0.220814 0.594683
0.278489 0.262983 0.161628
0.0520546 0.0563646 0.159851
0.105142 0.0470705 0.151149
0.299052 0.809273 0.80619
0.266712 0.683149 0.802264
0.116477 0.527032 0.5232
0.0727926 0.198777 0.596521
0.178379 0.31544 0.54818
0.236749 0.53559 0.5384
0.264042 0.357797 0.472257
0.102091 0.531357 0.620039
0.120013 0.583868 0.654538
0.0994218 0.442728 0.374638
0.170702 0.389467 0.206069
0.253579 0.638979 0.751321
0.170131 0.444195 0.74446
0.1247 0.664348 0.893495
0.0464334 0.406294 0.615082
0.197477 0.438948 0.207141
0.314529 0.136558 0.620496
0.0964098 0.516089 0.630095
0.275522 0.403552 0.209998
0.0496371 0.384445 0.589142
0.0589435 0.0844687 0.610061
0.308938 0.27439 0.2219
0.308423 0.371097 0.58554
0.155126 0.612774 0.877486
0.0740701 0.0716756 0.159763
0.173622 0.562947 0.523314
0.190027 0.678831 0.968855
0.108184 0.426893 0.210425
0.0503356 0.296259 0.639238
0.0779578 0.122788 0.597995
0.232929 0.511985 0.731501
0.317361 0.377578 0.654895
0.0918789 0.501714 0.433824
0.240312 0.66199 0.70367
0.27907 0.372606 0.476791
0.259299 0.323852 0.186697
0.308126 0.403299 0.685772
0.283444 0.319037 0.190772
0.18624 0.524681 0.14923
0.306262 0.197544 0.647481
0.2817 0.0544091 0.623189
0.15018 0.781971 0.824746
0.298263 0.204273 0.156325
0.108203 0.548115 0.64031
0.270458 0.311608 0.688416
0.0907792 0.248385 0.146518
0.213853 0.783532 0.796009
0.173428 0.409834 0.202784
0.301829 0.0648788 0.157938
0.17176 0.607378 0.833744
0.308934 0.370291 0.586616
0.197634 0.316094 0.572583
0.0869648 0.388007 0.337266
0.307669 0.853696 0.817229
0.270959 0.501894 0.492142
0.268542 0.50282 0.67032
0.29243 0.053664 0.127922
0.0690659 0.286923 0.189235
0.0784888 0.391095 0.317488
0.320142 0.797578 0.807837
0.0471743 0.418141 0.649185
0.116838 0.383334 0.189671
0.0705556 0.388611 0.25152
0.182223 0.716259 0.920246
0.226028 0.551909 0.508207
0.14738 0.317699 0.588632
0.113347 0.339192 0.187586
0.0573574 0.293579 0.259339
0.16012 0.360679 0.223721
0.32173 0.0310188 0.683198
0.288491 0.471475 0.649189
0.0830349 0.174317 0.108359
0.245571 0.298961 0.242934
0.121765 0.426901 0.202048
0.253765 0.216689 0.144385
0.126784 0.307949 0.284649
0.0777809 0.12304 0.113954
0.283671 0.100373 0.607545
0.30243 0.830239 0.812551
0.261343 0.465312 0.376018
0.181926 0.58251 0.595513
0.184688 0.344268 0.300423
0.299569 0.0258975 0.646869
0.258658 0.274759 0.283785
0.307095 0.315405 0.672262
0.0692563 0.240967 0.160673
0.236578 0.516547 0.36398
0.290668 0.375657 0.301755
0.119056 0.76913 0.777022
0.286322 0.0348113 0.630249
0.0560152 0.251438 0.614218
0.0514964 0.0518014 0.68276
0.226877 0.368914 0.392286
0.0470278 0.14235 0.634196
0.178848 0.618774 0.938561
0.0653155 0.301814 0.281369
0.101345 0.167322 0.124526
0.0697434 0.17475 0.64081
0.294509 0.449058 0.488664
0.118569 0.656404 0.878578
0.202288 0.622558 0.940461
0.0951275 0.494064 0.592956
0.0932338 0.071129 0.160818
0.235265 0.539607 0.529869
0.0777843 0.111238 0.628325
0.0710958 0.0664142 0.178709
0.287004 0.175939 0.116266
0.0795291 0.0832358 0.114304
0.0572236 0.36644 0.585337
0.226512 0.550645 0.465724
0.249105 0.743372 0.885306
0.255943 0.279198 0.174696
0.169671 0.571575 0.787268
0.0953969 0.505114 0.495212
0.291709 0.249612 0.661142
0.302158 0.330405 0.682607
0.0626802 0.846267 0.822026
0.26272 0.506522 0.41017
0.276694 0.271962 0.666639
0.116578 0.488757 0.331604
0.101515 0.191821 0.105824
0.29324 0.0786183 0.134092
0.0929732 0.40373 0.202957
0.247868 0.400556 0.727314
0.126344 0.77343 0.823561
0.0498961 0.0702322 0.618038
0.192251 0.315084 0.583538
0.109738 0.640153 0.728719
0.222185 0.339374 0.467564
0.0855484 0.202469 0.635063
0.0564144 0.308259 0.671809
0.112458 0.504883 0.708621
0.132103 0.63379 0.876303
0.193373 0.352346 0.324418
0.220036 0.416032 0.196117
0.0627864 0.431143 0.67715
0.128729 0.438747 0.732267
0.255589 0.515628 0.589051
0.0544744 0.0590029 0.617211
0.26659 0.726782 0.845315
0.230525 0.444619 0.211715
0.166262 0.487109 0.203177
0.290053 0.407096 0.282348
0.0566592 0.384019 0.570761
0.308082 0.275589 0.212306
0.126879 0.45124 0.728204
0.229733 0.324723 0.659857
0.160858 0.370711 0.214528
0.207552 0.327951 0.497579
0.11075 0.655773 0.796873
0.189394 0.436619 0.206509
0.057615 0.246779 0.204723
0.311895 0.322483 0.656988
0.242516 0.506455 0.356807
0.258636 0.274453 0.282973
0.0363992 0.0375639 0.684694
0.268935 0.501535 0.451494
0.279351 0.333593 0.572126
0.231431 0.586685 0.638396
0.19118 0.665085 0.674729
0.12675 0.4129 0.195964
0.0581994 0.0636739 0.614634
0.110949 0.535843 0.689066
0.316514 0.422285 0.572845
0.0826892 0.411457 0.71346
0.0761211 0.131005 0.146502
0.288244 0.204102 0.646546
0.0740969 0.441673 0.465812
0.106013 0.733401 0.766583
0.17844 0.339963 0.28202
0.287542 0.403584 0.238591
0.12235 0.699564 0.897758
0.281054 0.383125 0.325392
0.304389 0.313682 0.608273
0.131618 0.664311 0.69632
0.276959 0.383066 0.201232
0.0817041 0.361134 0.530485
0.137896 0.634318 0.90832
0.178132 0.571142 0.573952
0.317943 0.0483852 0.172926
0.111365 0.367769 0.441365
0.148629 0.653858 0.952262
0.288703 0.161656 0.153268
0.309341 0.240393 0.61523
0.315753 0.0269232 0.680134
0.256157 0.284522 0.295816
0.239313 0.61015 0.779478
0.104966 0.708965 0.879624
0.132127 0.740698 0.895813
0.069131 0.298894 0.289374
0.24602 0.287664 0.216908
0.150427 0.669036 0.686645
0.129682 0.352504 0.203245
0.169368 0.561122 0.510636
0.311601 0.060307 0.171712
0.309704 0.02617 0.640647
0.096754 0.0828555 0.144346
0.295124 0.383896 0.27283
0.103622 0.266442   0.61
0.184641 0.317627 0.519338
0.301065 0.448341 0.651049
0.0916653 0.412933 0.359096
0.29062 0.468641 0.478012
0.28568 0.134792 0.628371
0.240264 0.515471 0.370258
0.0801829 0.040307 0.199732
0.269486 0.282788 0.59627
0.314231 0.0499297 0.159961
0.0781943 0.0259042 0.187109
0.247264 0.537451 0.708058
0.0487696 0.250895 0.641397
0.129458 0.353434 0.201995
0.139172 0.611183 0.815329
0.107108 0.332277 0.698848
0.0605679 0.339801 0.239264
0.271205 0.428621 0.239455
0.102436 0.2078 0.108386
0.264809 0.137234 0.122386
0.262391 0.698015 0.843521
0.069668 0.458937 0.491893
0.0808918 0.448127 0.447567
0.294621 0.355549 0.282721
0.0931924 0.455569 0.407338
0.0636175 0.247167 0.172502
0.204301 0.553942 0.451395
0.297152 0.0370048 0.207654
0.266544 0.14824 0.139486
0.0493184 0.818393 0.811477
0.0636187 0.322482 0.681448
0.0725636 0.232919 0.230506
0.175226 0.529049 0.133015
0.118051 0.314161 0.309877
0.19795 0.733118 0.712343
0.310923 0.136322 0.612731
0.10566 0.771341 0.811193
0.208896 0.782462 0.795559
0.297903 0.345581 0.254402
0.267313 0.514452 0.650728
0.0984121 0.271016 0.656004
0.257786 0.785418 0.812692
0.270868 0.0371023 0.192068
0.255802 0.748743 0.861712
0.0873912 0.437314 0.419306
0.0683352 0.28436 0.285255
0.1966 0.507059 0.291952
0.0674436 0.311727 0.597597
0.262115 0.24285 0.230875
0.312978 0.765901 0.777042
0.171388 0.614557 0.63729
0.246494 0.292716 0.232347
0.0538588 0.373572 0.585437
0.195287 0.346432 0.264673
0.0679261 0.0888908 0.641354
0.111476 0.519256 0.701121
0.0947614 0.367055 0.70663
0.117783 0.687575 0.741283
0.166977 0.502851 0.282352
0.248682 0.35167 0.18883
0.21472 0.599847 0.80261
0.131603 0.373008 0.417019
0.23225 0.406925 0.191308
0.0847652 0.162058 0.603554
0.212916 0.403421 0.196811
0.146174 0.3562 0.713483
0.266765 0.436708 0.264241
0.279536 0.319192 0.690291
0.253304 0.285311 0.193784
0.290373 0.222565 0.215098
0.284664 0.206051 0.594966
0.1471 0.736501 0.727943
0.0736622 0.0849283 0.146912
0.0835306 0.423181 0.262233
0.237068 0.341791 0.204943
0.178406 0.544996 0.0904302
0.140408 0.549467 0.450648
0.177529 0.694818 0.685838
0.133682 0.367455 0.355469
0.232907 0.614291 0.66769
0.290854 0.3464 0.577978
0.0688791 0.451799 0.557972
0.137601 0.564684 0.761635
0.249753 0.463171 0.297272
0.211938 0.559097 0.504983
0.238255 0.539823 0.731038
0.137838 0.3767 0.198776
0.0588289 0.28032 0.664907
0.187437 0.3751 0.73111
0.148739 0.381197 0.734279
0.0752404 0.222309 0.215771
0.236701 0.699362 0.724801
0.26632 0.677107 0.790948
0.269245 0.504821 0.504824
0.267307 0.0905663 0.136681
0.0522081 0.806406 0.807785
0.297565 0.433132 0.682284
0.185087 0.338775 0.442529
0.0916625 0.700291 0.824051
0.0796763 0.692683 0.793063
0.0579965 0.306902 0.253642
0.25495 0.724311 0.761942
0.117677 0.575498 0.654292
0.13927 0.599618 0.639662
0.106455 0.289845 0.639928
0.136083 0.341767 0.695256
0.311341 0.800045 0.806255
0.248836 0.382112 0.420388
0.270218 0.18792 0.175579
0.146932 0.631418 0.667522
0.281806 0.265314 0.28468
0.173459 0.529239 0.115509
0.052097 0.12295 0.635833
0.295193 0.375773 0.289445
0.0815863 0.422695 0.2781
0.214689 0.589941 0.619257
0.124877 0.759162 0.86517
0.309718 0.42411 0.663103
0.233509 0.536631 0.737524
0.110719 0.471194 0.320864
0.246714 0.28531 0.217442
0.205441 0.669586 0.960509
0.0605959 0.238119 0.224724
0.215236 0.349231 0.444764
0.276634 0.399425 0.209394
0.0743322 0.0281646 0.637293
0.141683 0.333683 0.276672
0.0677278 0.24207 0.658681
0.196123 0.76496 0.742105
0.252352 0.802215 0.811688
0.125919 0.473445 0.726544
0.317618 0.379323 0.658715
0.109829 0.233918 0.157394
0.142111 0.335008 0.479264
0.0957764 0.313029 0.581856
0.302847 0.0273194 0.661754
0.24283 0.355005 0.188705
0.274469 0.371342 0.200086
0.296157 0.369984 0.267557
0.106358 0.439642 0.237618
0.0963966 0.24264 0.627212
0.322314 0.0299819 0.658888
0.253936 0.260529 0.180661
0.0614231 0.0989335 0.640355
0.273358 0.218588 0.217193
0.265677 0.244771 0.139346
0.309418 0.0333232 0.175088
0.0748773 0.403151 0.463528
0.0988801 0.448031 0.380131
0.273098 0.365115 0.478567
0.133795 0.363607 0.431345
0.072444 0.181516 0.162235
0.154521 0.673196 0.952434
0.0457769 0.199246 0.633097
0.223871 0.363598 0.347086
0.314995 0.739376 0.796434
0.123685 0.52442 0.559934
0.191943 0.757631 0.731746
0.113368 0.513504 0.577494
0.124903 0.749815 0.887779
0.129125 0.310979 0.273996
0.25335 0.524208 0.695204
0.317589 0.0358699 0.689449
0.172717 0.316397 0.539718
0.135442 0.613764 0.815593
0.119146 0.356554 0.188986
0.242781 0.309259 0.647985
0.199288 0.346249 0.259888
0.0794006 0.4219 0.295385
0.25858 0.0468135 0.162974
0.203008 0.348269 0.435485
0.140843 0.369177 0.400921
0.280456 0.695193 0.782504
0.130047 0.647698 0.690435
0.112777 0.671139 0.858571
0.0781294 0.479256 0.547082
0.139945 0.706922 0.906397
0.0875806 0.246059 0.147975
0.112837 0.725314 0.754895
0.306216 0.0637508 0.172383
0.111206 0.65252 0.728675
0.222484 0.637114 0.931668
0.198329 0.749851 0.898627
0.308647 0.0263074 0.638371
0.161469 0.580793 0.594416
0.267787 0.399814 0.35565
0.0768758 0.701426 0.810339
0.218389 0.556743 0.50717
0.26065 0.173403 0.11816
0.114718 0.502875 0.713185
0.240451 0.63142 0.793588
0.190423 0.643309 0.969547
0.0887046 0.460205 0.428039
0.245967 0.56239 0.717506
0.106172 0.199773 0.147455
0.28265 0.119042 0.617739
0.140675 0.338547 0.469103
0.0480843 0.359094 0.630972
0.120153 0.30174 0.24384
0.106375 0.550496 0.66196
0.256123 0.491232 0.367419
0.0602508 0.239801 0.226899
0.15046 0.587354 0.793762
0.0799699 0.0793464 0.61669
0.132531 0.323737 0.235331
0.066419 0.335078 0.269348
0.0650225 0.407665 0.511383
0.144643 0.597257 0.630819
0.180293 0.314262 0.575924
0.272696 0.209037 0.624996
0.294776 0.359402 0.283181
0.258714 0.222201 0.184744
0.135977 0.550786 0.495053
0.309089 0.284885 0.222174
0.332118 0.0483206 0.641969
0.301848 0.834192 0.796988
0.0491511 0.0552866 0.165391
0.262497 0.48233 0.385217
0.275689 0.489498 0.546074
0.0757562 0.406953 0.460605
0.317842 0.0314961 0.665059
0.183231 0.509326 0.192034
0.0991108 0.507482 0.477062
0.0598028 0.439982 0.65775
0.0981295 0.0341757 0.14204
0.242408 0.300431 0.215317
0.253158 0.742444 0.76226
0.0758825 0.372194 0.526811
0.260411 0.523925 0.664674
0.249042 0.568813 0.658632
0.0659387 0.0496328 0.618942
0.2579 0.227198 0.129075
0.224109 0.327096 0.539209
0.137169 0.593198 0.634601
0.128685 0.309672 0.262514
0.263872 0.205698 0.18467
0.111335 0.512127 0.702897
0.120853 0.685197 0.733398
0.0533206 0.297155 0.230754
0.093825 0.213383 0.610728
0.290656 0.432263 0.69581
0.225295 0.55437 0.54303
0.192943 0.59958 0.815899
0.122943 0.66086 0.703252
0.303772 0.333045 0.240624
0.185577 0.550036 0.42557
0.101692 0.527964 0.643456
0.0947402 0.232698 0.626388
0.0384754 0.0508185 0.629182
0.258684 0.446849 0.281281
0.220763 0.778079 0.830027
0.211031 0.775605 0.778419
0.222904 0.726563 0.727348
0.227087 0.707999 0.899654
0.205441 0.689464 0.690764
0.0979101 0.227514 0.222584
0.26628 0.449116 0.358322
0.115096 0.426982 0.205265
0.131223 0.326997 0.3047
0.128416 0.625515 0.801055
0.105409 0.718913 0.87941
0.189711 0.538937 0.0821942
0.203363 0.560688 0.511863
0.0942315 0.280548 0.664524
0.0716432 0.302062 0.295558
0.098869 0.510414  0.514
0.0576423 0.064046 0.179921
0.13856 0.73549 0.901719
0.296215 0.0292231 0.154025
0.155077 0.356383 0.323878
0.203996 0.349258 0.708778
0.170236 0.558116 0.487084
0.0935232 0.434271 0.360784
0.291688 0.407564 0.304445
0.089093 0.319278 0.691251
0.0840868 0.0737473 0.626418
0.27491 0.808305 0.813258
0.191996 0.493221 0.207683
0.0514021 0.025939 0.64675
0.246084 0.348601 0.462546
0.304062 0.337468 0.236382
0.113478 0.364172 0.188997
0.0850326 0.194662 0.631432
0.066281 0.71663 0.810582
0.277272 0.407088 0.423804
0.0717817 0.173395 0.147539
0.0540298 0.408978 0.562583
0.1967 0.408878 0.20163
0.265376 0.497468 0.68671
0.0446145 0.0654285 0.645573
0.282847 0.160855 0.112197
0.0591707 0.206139 0.606581
0.295745 0.378837 0.273182
0.18698 0.58302 0.596482
0.245556 0.530097 0.588258
0.128398 0.309029 0.259695
0.295979 0.352531 0.695526
0.295316 0.383066 0.263766
0.315971 0.362158 0.643625
0.276129 0.415501 0.715738
0.110977 0.760062 0.770298
0.260517 0.262325 0.609588
0.315887 0.103323 0.624168
0.224966 0.650996 0.68534
0.104502 0.188045 0.140195
0.252378 0.361816 0.707879
0.0533333 0.307052 0.662119
0.272535 0.142937 0.105647
0.226786 0.477655 0.275266
0.113804 0.663031 0.718663
0.137338 0.742301 0.741783
0.0974957 0.0745187 0.125294
0.219746 0.365632 0.350387
0.197354 0.389424 0.7377
0.134129 0.78449 0.812343
0.197349 0.369657 0.21581
0.189494 0.352851 0.355285
0.315196 0.0868735 0.618661
0.0986197 0.514672 0.664388
0.286115 0.475883 0.553521
0.245364 0.346767 0.188023
0.0473782 0.373276 0.627877
0.0724022 0.462895 0.486362
0.0466782 0.414443 0.58713
0.243664 0.461531 0.276268
0.120016 0.502484 0.350446
0.123601 0.550949 0.607493
0.122351 0.739631 0.889286
0.202879 0.352085 0.312222
0.29596 0.250215 0.254143
0.122536 0.42353 0.200351
0.112053 0.72155 0.889156
0.280335 0.460327 0.691006
0.0676226 0.4324 0.687305
0.247093 0.528511 0.495693
0.099389 0.169638 0.140271
0.314071 0.276217 0.639951
0.268321 0.488118 0.409363
0.250079 0.557463 0.645203
0.156743 0.35768 0.419634
0.108326 0.658686 0.778971
0.253406 0.291862 0.626256
0.30796 0.327194 0.230064
0.201275 0.603506 0.63014
0.105271 0.367949 0.348751
0.0654961 0.401985 0.524871
0.213338 0.685106 0.916308
0.166274 0.548861 0.418071
0.295989 0.054921 0.67371
0.286398 0.369377 0.513576
0.119036 0.576849 0.741273
0.207385 0.478736 0.252401
0.173402 0.523605 0.321875
0.188549 0.319349 0.655719
0.119135 0.291015 0.209139
0.316714 0.798885 0.807097
0.0484127 0.349168 0.637043
0.0984959 0.443789 0.290354
0.0851473 0.363813 0.498445
0.0761999 0.0997676 0.116191
0.22968 0.548284 0.526704
0.103182 0.514521 0.42377
0.0880542 0.420558 0.230001
0.166153 0.390411 0.205413
0.067006 0.0470226 0.133621
0.295096 0.238957 0.602224
0.105825 0.319863 0.68585
0.264401 0.324898 0.187234
0.270255 0.210648 0.607907
0.21318 0.614425 0.898218
0.073115 0.471543 0.504059
0.206104 0.543729 0.759919
0.297459 0.452937 0.606006
0.0867125 0.0274106 0.156268
0.184187 0.534887 0.351136
0.145533 0.365977 0.367875
0.0940324 0.356561 0.494711
0.227248 0.545167 0.555621
0.23899 0.479035 0.725288
0.178412 0.350781 0.36807
0.137933 0.567165 0.764035
0.216793 0.717729 0.907726
0.0657604 0.296729 0.674888
0.163532 0.347951 0.236614
0.148903 0.539514 0.38679
0.0705578 0.400117 0.29192
0.0404652 0.0605798 0.652374
0.187213 0.559325 0.495537
0.283059 0.372154 0.207042
0.213581 0.392967 0.738021
0.109843 0.740134 0.762394
0.309667 0.104488 0.635273
0.0888728 0.206525 0.200407
0.184468 0.506821 0.276817
0.0475608 0.856531 0.809117
0.251341 0.584987 0.705783
0.277346 0.241982 0.651673
0.308686 0.17445 0.64305
0.050302 0.168444 0.615539
0.235441 0.312596 0.609534
0.213493 0.574466 0.583249
0.296119 0.369326 0.569213
0.262901 0.46925 0.3522
0.106598 0.76011 0.818419
0.158139 0.353853 0.316919
0.196251 0.783114 0.791718
0.290534 0.0513391 0.128749
0.263657 0.211737 0.110086
0.286429 0.773118 0.777217
0.297176 0.142042 0.640145
0.197489 0.341008 0.4453
0.309237 0.260283 0.232134
0.0894997 0.44481 0.415448
0.267291 0.377738 0.197865
0.243932 0.307215 0.208831
0.288806 0.138217 0.63414
0.0467502 0.834079 0.813742
0.175846 0.757539 0.72974
0.156956 0.545276 0.403086
0.228222 0.49294 0.300867
0.190301 0.353741 0.378738
0.0794142 0.753142 0.775441
0.256952 0.667469 0.794451
0.219698 0.649299 0.937239
0.0781354 0.221498 0.215894
0.113208 0.382289 0.421433
0.107982 0.199767 0.126809
0.26975 0.354753 0.506022
0.098683 0.316755 0.323768
0.121241 0.306962 0.625246
0.302503 0.732184 0.805809
0.271602 0.404426 0.205913
0.259405 0.349485 0.487274
0.0594053 0.0325827 0.145897
0.0958335 0.420473 0.378846
0.289984 0.154412 0.142763
0.0532243 0.122582 0.609022
0.0848597 0.0999302 0.149647
0.206509 0.48209 0.257739
0.299493 0.414777 0.533818
0.117022 0.64274 0.698139
0.126675 0.66436 0.701156
0.244879 0.41176 0.197129
0.0584616 0.397007 0.559554
0.16479 0.329021 0.474452
0.259597 0.211345 0.112627
0.172412 0.315604 0.614649
0.171834 0.49027 0.230817
0.194198 0.674519 0.958925
0.28652 0.111735 0.115457
0.289391 0.275808 0.60086
0.191396 0.521197 0.75391
0.0694293 0.0513669 0.201138
0.110571 0.534456 0.605898
0.0918714 0.171452 0.104458
0.270131 0.449426 0.715783
0.0469533 0.366001 0.647984
0.218916 0.619637 0.660331
0.0948583 0.256507 0.146685
0.316753 0.0380111 0.689188
0.0705196 0.0314146 0.178076
0.132038 0.629962 0.834202
0.251892 0.50003 0.709756
0.128639 0.367752 0.36007
0.111307 0.262292 0.210218
0.0855647 0.295712 0.177876
0.263079 0.206365 0.182125
0.193806 0.494866 0.184305
0.187789 0.547368 0.0796703
0.107756 0.6783 0.83509
0.188123 0.784268 0.790569
0.192342 0.443559 0.207669
0.24678 0.295169 0.240316
0.147464 0.727488 0.903278
0.0757208 0.372887 0.506951
0.160883 0.736618 0.906945
0.211678 0.505145 0.742848
0.300706 0.76449 0.804963
0.0556624 0.0262237 0.651596
0.110481 0.530618 0.600525
0.20778 0.363142 0.719794
0.241838 0.302176 0.214451
0.2477 0.686516 0.746186
0.235815 0.735432 0.748184
0.0728012 0.252175 0.167053
0.0971173 0.202049 0.104135
0.315832 0.352909 0.656933
0.0846244 0.160154 0.604438
0.0550445 0.398607 0.566152
0.289674 0.246319 0.161011
0.173849 0.744857 0.716953
0.221192 0.744244 0.737237
0.172187 0.370287 0.727031
0.298305 0.410726 0.507702
0.171829 0.602614 0.821495
0.0515194 0.844294 0.818842
0.182816 0.345447 0.706052
0.231389 0.751934 0.88836
0.0987463 0.771004 0.809801
0.100732 0.484025 0.702433
0.279579 0.287707 0.596134
0.316739 0.0764199 0.621342
0.251388 0.302759 0.593262
0.0769349 0.47175 0.576498
0.0364085 0.782645 0.788924
0.16681 0.355467 0.339818
0.101111 0.691832 0.827659
0.17938 0.466363 0.202306
0.211336 0.375057 0.729347
0.29603 0.371294 0.270893
0.172021 0.350011 0.711478
0.166264 0.484944 0.21946
0.317768 0.0522225 0.173134
0.268055 0.437779 0.388012
0.24926 0.590069 0.730724
0.274901 0.347971 0.557171
0.157411 0.350202 0.301967
0.0787424 0.486531 0.512238
0.160424 0.697868 0.921132
0.290626 0.18143 0.163393
0.0471515 0.0320882 0.688954
0.0745711 0.105468 0.121722
0.0773246 0.254739 0.663868
0.143322 0.713595 0.901837
0.262051 0.27601 0.649578
0.0464137 0.398001 0.653511
0.282915 0.0291713 0.14768
0.120744 0.552994 0.726862
0.105259 0.510876 0.693045
0.10691 0.688638 0.866768
0.0558131 0.333302 0.613307
0.0982188 0.496081 0.688908
0.0732513 0.717548 0.78583
0.116774 0.342932 0.342071
0.315569 0.387179 0.599405
0.24056 0.448344 0.228639
0.227911 0.341598 0.694943
0.266147 0.338475 0.332526
0.306325 0.0522262 0.142664
0.11781 0.637019 0.77753
0.219281 0.577456 0.778915
0.304929 0.0278158 0.633081
0.125328 0.658052 0.891259
0.268104 0.205617 0.105113
0.119278 0.649931 0.873456
0.196885 0.34774 0.245204
0.0494384 0.416761 0.568302
0.193606 0.627969 0.956068
0.185835 0.495302 0.233757
0.138537 0.528015 0.369135
0.075134 0.119661 0.633674
0.0371762 0.82329 0.815683
0.108538 0.667221 0.766446
0.181142 0.538819 0.113186
0.117082 0.576954 0.656569
0.281304 0.273547 0.289929
0.329288 0.796233 0.808383
0.0539434 0.797233 0.805076
0.27387 0.188222 0.614983
0.309929 0.367715 0.589275
0.202122 0.501527 0.28826
0.293528 0.386063 0.251925
0.166884 0.577562 0.792069
0.112878 0.653272 0.801391
0.280779 0.355238 0.560611
0.0805677 0.470419 0.670673
0.164793 0.541464 0.376805
0.16678 0.471977 0.211504
0.103992 0.265739 0.264772
0.219635 0.554422 0.476275
0.18974 0.628382 0.959423
0.127857 0.337291 0.496382
0.0761613 0.785548 0.779492
0.211659 0.338691 0.287832
0.281943 0.068678 0.175216
0.252712 0.653894 0.779842
0.293386 0.725626 0.781537
0.0957633 0.501964 0.460475
0.292355 0.0400498 0.203445
0.19736 0.528444 0.755907
0.0834894 0.410707 0.223672
0.184782 0.611651 0.909236
0.189302 0.610796 0.891814
0.216794 0.367008 0.390039
0.317212 0.15474 0.629159
0.254378 0.723857 0.886852
0.105492 0.521042 0.434764
0.262931 0.379367 0.196546
0.232009 0.509968 0.732167
0.311606 0.299862 0.656399
0.288784 0.303002 0.300547
0.0979873 0.509652 0.454581
0.233914 0.749009 0.893396
0.0492981 0.367852 0.607169
0.0505376 0.813131 0.809869
0.234242 0.353548 0.449605
0.26136 0.051288 0.141131
0.225821 0.599132 0.641611
0.296042 0.126744 0.638145
0.278871 0.0736285 0.627579
0.233452 0.378597 0.401766
0.271408 0.416344 0.400389
0.0892782 0.82608 0.806997
0.0570492 0.251288 0.61212
0.15754 0.316757 0.604479
0.0320435 0.0522865 0.670486
0.273042 0.192916 0.61372
0.17064 0.61186 0.899658
0.117128 0.533093 0.451682
0.309454 0.0494936 0.194359
0.241823 0.377649 0.724394
0.0942657 0.436212 0.717149
0.299982 0.815121 0.788383
0.312246 0.104562 0.611739
