0.293518 0.502267 0.205093
0.0996351 0.244826 0.128699
0.137166 0.392892 0.43781
0.121759 0.749313 0.823572
0.249592 0.290008 0.124881
0.172969 0.622467 0.496638
0.306495 0.471943 0.62821
0.0646768 0.0686629 0.637256
0.125138 0.412145 0.406655
0.263245 0.348853 0.232033
0.263797 0.100093 0.0750508
0.0606888 0.394987 0.130269
0.0982241 0.164378 0.0408529
0.134903 0.46532 0.10439
0.0908782 0.545702 0.410189
0.235061 0.597399 0.506568
0.0795225 0.404948 0.109874
0.100248 0.464934 0.115775
0.0675663 0.417261 0.12715
0.269746 0.274416 0.579368
0.13731 0.380122 0.121506
0.117386 0.640643 0.641752
0.0673229 0.463399 0.260946
0.132839 0.571374 0.302478
0.251554 0.309489 0.0793952
0.1361 0.85645 0.812689
0.110459 0.303845 0.168289
0.294158 0.351682 0.110022
0.307911 0.393556 0.149513
0.273398 0.249772 0.600178
0.303288 0.41182 0.201163
0.124072 0.835403 0.786162
0.208748 0.73276 0.883407
0.0527125 0.363087 0.175929
0.166284 0.634504 0.560418
0.0574153 0.0502275 0.664584
0.219354 0.612632 0.509899
0.244662 0.584523 0.405012
0.0526747 0.143309 0.591464
0.140363 0.44378 0.685248
0.115912 0.631615 0.638875
0.271536 0.237601 0.591546
0.227831 0.610431 0.543878
0.248679 0.313112 0.0942442
0.26597 0.41924 0.104632
0.188011 0.763362 0.881828
0.213695 0.385388 0.445845
0.218556 0.557491 0.169761
0.241609 0.88146 0.805605
0.171092 0.647897 0.580617
0.302375 0.369843 0.590397
0.267646 0.487042 0.396187
0.271615 0.244198 0.593177
0.196793 0.373743 0.470833
0.165356 0.616617 0.453369
0.239216 0.558556 0.321355
0.181586 0.403176 0.37817
0.117313 0.332111 0.191348
0.234929 0.350169 0.138698
0.0583062 0.410628 0.600875
0.209026 0.621513 0.54146
0.222438 0.404598 0.113931
0.27646 0.437963 0.531577
0.163828 0.589669 0.131335
0.0873795 0.514343 0.412663
0.271181 0.423572 0.515609
0.292614 0.54681 0.639943
0.0740508 0.505292 0.463543
0.0485686 0.329873 0.610009
0.0984167 0.526847 0.174615
0.128046 0.870806 0.796659
0.134905 0.42056 0.102897
0.0962862 0.338262 0.54644
0.280449 0.181646 0.0438735
0.158815 0.66592 0.798554
0.232335 0.777706 0.838289
0.243316 0.804988 0.775043
0.281332 0.161887 0.0407569
0.219018 0.376357 0.601755
0.126244 0.350645 0.135492
0.187133 0.602585 0.335649
0.0878876 0.257143 0.143377
0.0535113 0.449224 0.611445
0.0990473 0.577216 0.658058
0.071964 0.473298 0.506966
0.222849 0.609957 0.489262
0.302849 0.373097 0.643801
0.240509 0.599461 0.548492
0.263095 0.56746 0.409905
0.215882 0.761354 0.869315
0.249804 0.306887 0.171052
0.225937 0.85308 0.811268
0.274388 0.223922 0.109541
0.274159 0.333673 0.642607
0.262115 0.0791722 0.0489576
0.262694 0.510705 0.33718
0.121549 0.327936 0.119698
0.126323 0.581964 0.377365
0.213769 0.41118 0.668437
0.268778 0.443254 0.412328
0.227224 0.616112 0.566835
0.138664 0.436654 0.102998
0.249273 0.628381 0.686782
0.120209 0.40882 0.415727
0.295448 0.0533305 0.593558
0.132313 0.735419 0.698964
0.154871 0.799442 0.837991
0.0901079 0.334011 0.219252
0.258505 0.322004 0.205324
0.304176 0.0309133 0.0914655
0.247579 0.759894 0.815636
0.0804807 0.166727 0.604803
0.0575138 0.409411 0.203165
0.282096 0.321584 0.642978
0.10869 0.786305 0.794868
0.0898651 0.08747 0.601301
0.223879 0.609242 0.491368
0.275995 0.528292 0.429543
0.123399 0.793186 0.760291
0.0705925 0.531362 0.502906
0.117962 0.508957 0.133928
0.0700778 0.520392 0.670647
0.284569 0.0276229 0.107897
0.323838 0.0585552 0.615914
0.113216 0.78301 0.81095
0.112987 0.387899 0.0885435
0.28769 0.293477 0.556669
0.201074 0.40019 0.214319
0.282084 0.295568 0.182845
0.249341 0.567254 0.382968
0.101329 0.497456 0.377934
0.184907 0.571181 0.714184
0.103717 0.480882 0.685463
0.30594 0.455288 0.212157
0.255646 0.823992 0.78669
0.0690023 0.445407 0.140333
0.273287 0.104441 0.0395958
0.078765 0.446447 0.269902
0.25423 0.232785 0.0572813
0.208793 0.58725 0.320453
0.0497295 0.085531 0.611195
0.17287 0.397216 0.394048
0.250121 0.298941 0.153315
0.0604814 0.0717538 0.0957057
0.0826407 0.45065 0.543059
0.279186 0.282376 0.171412
0.224216 0.65497 0.625726
0.30653 0.452033 0.609319
0.0589631 0.485475 0.661532
0.280665 0.0673929 0.630421
0.0741007 0.453375 0.674779
0.148023 0.779785 0.864912
0.0747063 0.521842 0.544133
0.194116 0.596908 0.285199
0.196476 0.787541 0.730432
0.236505 0.562467 0.283482
0.25359 0.266636 0.114494
0.261044 0.521484 0.37976
0.195996 0.802659 0.748724
0.171858 0.584362 0.100368
0.0992421 0.194378 0.0734825
0.282554 0.207732 0.091491
0.155839 0.633357 0.567701
0.285648 0.0355708 0.0659404
0.288887 0.474083 0.504812
0.151229 0.59912 0.361623
0.0649463 0.261279 0.119691
0.213675 0.747377 0.862471
0.144245 0.674122 0.87937
0.0875682 0.500686 0.408801
0.160073 0.457733 0.68895
0.142887 0.692575 0.853852
0.0516835 0.458395 0.639774
0.294893 0.35188 0.111831
0.223996 0.427609 0.269586
0.190775 0.713941 0.949123
0.218785 0.584117 0.345401
0.0647458 0.0738162 0.0565525
0.285651 0.546717 0.532626
0.292567 0.0706568 0.105777
0.293794 0.0831262 0.0588744
0.203193 0.433047 0.320905
0.285155 0.410802 0.666722
0.057019 0.491118 0.609439
0.27929 0.469976 0.284584
0.0662959 0.285716 0.162933
0.278531 0.440111 0.27133
0.238934 0.789172 0.820201
0.148003 0.396259 0.653238
0.141883 0.726117 0.68138
0.236751 0.837768 0.798108
0.0946033 0.373353 0.0850571
0.13921 0.848506 0.805543
0.108615 0.365113 0.237757
0.267481 0.410798 0.669924
0.0785929 0.210189 0.0426653
0.189507 0.592023 0.154748
0.184731 0.389612 0.657706
0.19058 0.495343 0.114095
0.192694 0.426215 0.332781
0.0630477 0.501484 0.249811
0.0808376 0.102976 0.611372
0.0733836 0.44722 0.129852
0.234137 0.372846 0.566278
0.281891 0.530301 0.574922
0.144678 0.449349 0.686345
0.270227 0.467732 0.296477
0.274012 0.173054 0.573758
0.310859 0.277816 0.595948
0.256512 0.501936 0.136705
0.092501 0.568473 0.466937
0.1918 0.822428 0.794594
0.287328 0.220408 0.561391
0.17167 0.780781 0.867461
0.14989 0.768527 0.865207
0.0786229 0.0360088 0.655366
0.281514 0.113408 0.574587
0.257447 0.278861 0.159436
0.13553 0.804759 0.762727
0.28494 0.510534 0.680889
0.0989837 0.538201 0.315484
0.273604 0.0946715 0.608945
0.265844 0.0783668 0.0452076
0.29406 0.0715908 0.104122
0.116847 0.519615 0.143529
0.0787227 0.261526 0.628596
0.249019 0.54589 0.355244
0.0705954 0.523146 0.49674
0.136647 0.689892 0.801037
0.0632903 0.431896 0.587502
0.108243 0.351056 0.573952
0.299743 0.0254601 0.636063
0.150009 0.367944 0.507973
0.0949709 0.410576 0.542698
0.276532 0.332846 0.643011
0.136821 0.800977 0.82321
0.236535 0.723277 0.784636
0.0904997 0.421009 0.541984
0.272725 0.249238 0.56878
0.1967 0.362586 0.575382
0.122988 0.56087 0.312946
0.0820375 0.209453 0.0364161
0.295923 0.436954 0.146555
0.233516 0.731444 0.76359
0.29168 0.508489 0.259707
0.239501 0.704976 0.699839
0.31995 0.0284836 0.613259
0.216511 0.60153 0.388121
0.0617018 0.32062 0.189089
0.308526 0.412461 0.640346
0.0626955 0.390095 0.583985
0.0850259 0.0340794 0.622488
0.13133 0.563223 0.201849
0.206584 0.662817 0.921121
0.111679 0.800133 0.799723
0.25851 0.191815 0.0479196
0.145945 0.714306 0.871869
0.102647 0.365093 0.552138
0.288066 0.470722 0.492282
0.124108 0.358916 0.109589
0.140748 0.414043 0.668664
0.243231 0.405909 0.261589
0.295091 0.453778 0.154787
0.0979306 0.53325 0.215847
0.136662 0.673344 0.767985
0.308622 0.410974 0.167105
0.270257 0.346249 0.646071
0.0719656 0.0592512 0.592645
0.285066 0.316382 0.0848894
0.123205 0.397835 0.446282
0.123858 0.758014 0.753686
0.289399 0.533145 0.512232
0.0745413 0.315225 0.55132
0.161813 0.387173 0.171463
0.0999794 0.186605 0.060487
0.134295 0.685173 0.819099
0.125103 0.450753 0.318088
0.107187 0.789168 0.789023
0.300941 0.526235 0.596473
0.246152 0.402165 0.450569
0.259751 0.171358 0.0546513
0.255736 0.580977 0.465683
0.20714 0.664357 0.920032
0.102814 0.491482 0.377212
0.260102 0.503459 0.689081
0.261637 0.475777 0.315789
0.0809854 0.0504373 0.130913
0.112694 0.603794 0.622161
0.17232 0.73126 0.663102
0.297051 0.393379 0.225488
0.159178 0.614085 0.445947
0.0475266 0.265697 0.621185
0.255782 0.350152 0.560027
0.129492 0.849114 0.800728
0.125163 0.563616 0.294725
0.210442 0.620538 0.539434
0.275343 0.390019 0.246679
0.29716 0.323044 0.19441
0.0769478 0.226272 0.109496
0.108821 0.354008 0.569405
0.0872563 0.199482 0.585676
0.234672 0.76576 0.840348
0.141728 0.57418 0.210109
0.153233 0.581965 0.712686
0.177112 0.609902 0.381659
0.155683 0.444295 0.686948
0.307504 0.423271 0.617623
0.0549175 0.0300272 0.107359
0.106746 0.588182 0.614365
0.258858 0.233242 0.0322218
0.27594 0.437911 0.493023
0.149962 0.684477 0.931038
0.256167 0.47323 0.324571
0.0710746 0.460975 0.264531
0.0637159 0.333621 0.641118
0.255789 0.507623 0.352831
0.0646987 0.453897 0.251231
0.0774373 0.490201 0.679615
0.0559509 0.329353 0.142742
0.0999024 0.489146 0.38249
0.0579879 0.0258619 0.624862
0.278925 0.461285 0.28051
0.144015 0.615606 0.523381
0.113972 0.809068 0.778089
0.0553542 0.0312964 0.131409
0.304404 0.486698 0.248171
0.158092 0.557142 0.696865
0.291245 0.0327205 0.660961
0.196587 0.574545 0.153516
0.273516 0.352433 0.541367
0.0744659 0.515781 0.288851
0.0550252 0.432795 0.19038
0.0893297 0.308193 0.552029
0.162014 0.393645 0.14092
0.189363 0.404439 0.225612
0.158516 0.619585 0.514659
0.0801952 0.206651 0.0922977
0.0570463 0.461662 0.597023
0.0495518 0.391542 0.622462
0.23395 0.732367 0.764039
0.130864 0.569696 0.313274
0.241219 0.594833 0.471651
0.0420363 0.0267769 0.656839
0.0814627 0.352654 0.0896105
0.124922 0.750288 0.829683
0.165433 0.39919 0.213676
0.106556 0.563125 0.673496
0.264174 0.407382 0.522262
0.180948 0.384341 0.653462
0.0942569 0.575316 0.651954
0.264987 0.431644 0.436221
0.088355 0.567319 0.44285
0.0893092 0.38957 0.249144
0.076879 0.549744 0.553113
0.259811 0.475343 0.383423
0.304721 0.227273 0.579681
0.285463 0.510252 0.186471
0.276087 0.527825 0.278444
0.149422 0.413985 0.381664
0.228616 0.568307 0.246479
0.255432 0.502896 0.36488
0.0585259 0.412767 0.209427
0.284029 0.314622 0.64195
0.323833 0.0605251 0.629833
0.277122 0.374733 0.653538
0.127214 0.880555 0.800697
0.1744 0.608621 0.375025
0.254117 0.542238 0.326609
0.308847 0.40197 0.637352
0.228642 0.62663 0.612849
0.278426 0.111946 0.0796531
0.257388 0.537796 0.196499
0.175311 0.630336 0.548536
0.101166 0.441753 0.281089
0.086411 0.448365 0.432572
0.0692074 0.477955 0.273084
0.0744463 0.548209 0.49025
0.051744 0.438653 0.643929
0.126718 0.34611 0.183605
0.111075 0.628374 0.685994
0.0645035 0.482507 0.171397
0.185418 0.434772 0.68676
0.12417 0.347092 0.114305
0.155446 0.55779  0.155
0.225692 0.384832 0.469449
0.283593 0.514816 0.556306
0.22884 0.41773 0.0975372
0.075406 0.421653 0.574525
0.150533 0.586161 0.298209
0.0842763 0.0726563 0.5926
0.162051 0.615891 0.457325
0.0550457 0.462538 0.605746
0.285209 0.230359 0.0604979
0.20658 0.509565 0.119774
0.0771108 0.167875 0.0543903
0.215279 0.613314 0.500283
0.313772 0.05948 0.08641
0.194893 0.419681 0.678697
0.0877448 0.220443 0.591128
0.156241 0.587974 0.225971
0.080623 0.291466 0.180595
0.0842164 0.520417 0.677792
0.0857883 0.392794 0.248536
0.0431464 0.040497 0.0921784
0.278162 0.521838 0.432864
0.125054 0.531707 0.153836
0.26117 0.579535 0.618359
0.120799 0.664418 0.688705
0.295174 0.0259863 0.622778
0.0901792 0.28737 0.0644888
0.106092 0.52912 0.35914
0.304187 0.488505 0.246992
0.1447 0.371319 0.500294
0.196513 0.567466 0.132839
0.0962704 0.497901 0.141551
0.24075 0.343843 0.198036
0.243676 0.459266 0.331017
0.307726 0.0331647 0.137292
0.0741407 0.223136 0.560728
0.0602811 0.0561148 0.65993
0.252971 0.415445 0.429687
0.251373 0.301209 0.0822936
0.179761 0.603713 0.270355
0.30528 0.468142 0.218993
0.150049 0.608196 0.723875
0.0822735 0.360627 0.547642
0.183249 0.407644 0.128765
0.119388 0.645894 0.705903
0.222474 0.371778 0.198983
0.0561257 0.509454 0.620972
0.304511 0.480918 0.23402
0.278397 0.482969 0.416892
0.0515173 0.0332961 0.671771
0.0775264 0.350703 0.550326
0.261893 0.481369 0.316251
0.242311 0.454638 0.305358
0.122388 0.456815 0.684555
0.314538 0.263374 0.613607
0.116482 0.551804 0.301553
0.133216 0.433728 0.36668
0.131317 0.674901 0.646442
0.314471 0.263693 0.613904
0.0673025 0.408215 0.236001
0.142989 0.701368 0.655172
0.080307 0.187857 0.054533
0.192713 0.475865 0.691844
0.050813 0.419013 0.62553
0.225248 0.372371 0.208462
0.0796953 0.254268 0.137927
0.0714809 0.513576 0.572099
0.230807 0.364415 0.11873
0.0748664 0.542806 0.541386
0.180733 0.406268 0.240617
0.255483 0.51035 0.354873
0.0884779 0.397223 0.0990147
0.103582 0.0514701 0.115477
0.074155 0.493466 0.529368
0.103136 0.48922 0.330834
0.157105 0.660915 0.780296
0.148199 0.611476 0.461271
0.19839 0.417833 0.359541
0.251886 0.526263 0.154298
0.251001 0.548924 0.677321
0.237238 0.340225 0.134551
0.124193 0.872096 0.804504
0.292756 0.323726 0.101367
0.319314 0.0512355 0.604647
0.0745115 0.512966 0.199044
0.0533974 0.0533616 0.595482
0.0907681 0.555582 0.414726
0.120054 0.327261 0.132992
0.104924 0.361341 0.623887
0.108726 0.43713 0.28252
0.306758 0.233224 0.623054
0.0863931 0.173211 0.590813
0.179874 0.36325 0.614659
0.131214 0.871931 0.812195
0.128973 0.512416 0.689641
0.22075 0.81087 0.818881
0.304143 0.516921 0.61813
0.0770238 0.536105 0.563063
0.0556114 0.0637658 0.124995
0.0550666 0.453432 0.189314
0.279262 0.0480529 0.653232
0.156107 0.613499 0.452211
0.108223 0.54176 0.197126
0.293336 0.377762 0.57691
0.0511912 0.402933 0.162689
0.285877 0.162747 0.0726339
0.0861744 0.208912 0.594744
0.0770385 0.355541 0.0945478
0.282897 0.492592 0.163389
0.262849 0.430541 0.42538
0.128537 0.403904 0.652642
0.184643 0.82409 0.799538
0.103063 0.527806 0.166917
0.0729657 0.249885 0.560415
0.257244 0.814081 0.800929
0.178544 0.479236 0.69338
0.123531 0.720245 0.81177
0.287112 0.248711 0.0712059
0.0781118 0.464895 0.458337
0.183071 0.71767 0.945041
0.237834 0.745942 0.731795
0.182314 0.51873 0.69755
0.0984444 0.0363091 0.115979
0.0626652 0.267734 0.569203
0.100983 0.270137 0.0605576
0.303897 0.399876 0.198949
0.0537028 0.37465 0.182794
0.041159 0.0499962 0.662027
0.0779703 0.363873 0.0962383
0.0989895 0.534298 0.239318
0.289457 0.0397311 0.138673
0.266493 0.533342 0.255896
0.10239 0.325268 0.210836
0.0537888 0.421018 0.179305
0.107178 0.288522 0.162115
0.246816 0.301755 0.107026
0.130658 0.69877 0.779767
0.122107 0.557072 0.206547
0.236682 0.723791 0.775352
0.304708 0.47403 0.219286
0.147014 0.422825 0.369636
0.223589 0.817327 0.783882
0.203562 0.671789 0.946358
0.0706143 0.410805 0.117855
0.302513 0.487158 0.594699
0.0506539 0.42069 0.637893
0.302773 0.0699289 0.100656
0.237244 0.594776 0.50999
0.0652856 0.401071 0.123277
0.261195 0.519974 0.68259
0.146121 0.582512 0.28603
0.129112 0.706572 0.781153
0.220578 0.737471 0.861208
0.125316 0.825998 0.80091
0.262174 0.420766 0.469419
0.24094 0.684088 0.683219
0.172344 0.362227 0.508588
0.193188 0.438167 0.687497
0.315199 0.216859 0.599756
0.166736 0.59202 0.184476
0.278927 0.197214 0.0387045
0.119061 0.649998 0.643544
0.279201 0.221179 0.613232
0.229777 0.720398 0.822055
0.0793809 0.388819 0.243024
0.226925 0.57206 0.223397
0.0577786 0.131624 0.615134
0.053611 0.437955 0.180275
0.244489 0.580612 0.685489
0.30427 0.478886 0.220536
0.0987685 0.81812 0.795274
0.147971 0.556627 0.694682
0.237399 0.451749 0.315345
0.226941 0.694653 0.787965
0.141945 0.682445 0.860818
0.255985 0.214344 0.0489566
0.114105 0.620672 0.653388
0.112519 0.532172 0.159785
0.137903 0.675934 0.772959
0.30864 0.255905 0.588265
0.240498 0.555871 0.267928
0.190789 0.366517 0.61178
0.283876 0.503121 0.558302
0.116359 0.36614 0.597095
0.306411 0.438753 0.18645
0.104126 0.414355 0.671585
0.0463457 0.0829111 0.602221
0.161076 0.361738 0.522837
0.0438666 0.20403 0.607869
0.156732 0.419398 0.361382
0.0531737 0.222088 0.621071
0.280601 0.500485 0.165463
0.073437 0.529511 0.535871
0.238506 0.341011 0.149144
0.297289 0.0999597 0.58272
0.264424 0.580525 0.628701
0.0815323 0.29615 0.0726577
0.0809412 0.457693 0.678608
0.126499 0.734168 0.822697
0.233366 0.349813 0.122373
0.205835 0.717868 0.912307
0.168705 0.618914 0.467795
0.0268757 0.0523443 0.642795
0.298782 0.244406 0.627168
0.256759 0.540912 0.27136
0.303639 0.404121 0.146216
0.104615 0.442888 0.283553
0.203965 0.385212 0.182813
0.207066 0.777515 0.866669
0.251125 0.427227 0.404321
0.141056 0.379462 0.211397
0.235812 0.720553 0.781155
0.304007 0.440493 0.214496
0.182843 0.502392 0.115668
0.0942625 0.441676 0.41047
0.232996 0.363943 0.114441
0.273775 0.262371 0.612308
0.238987 0.633375 0.706824
0.22714 0.371004 0.120933
0.118276 0.641789 0.703984
0.296765 0.310493 0.568547
0.0714034 0.244965 0.0796123
0.271041 0.293684 0.624844
0.0961071 0.409896 0.516038
0.286438 0.471233 0.47612
0.152071 0.38176 0.196413
0.265146 0.464421 0.68274
0.180302 0.710782 0.956231
0.0448809 0.0783551 0.612152
0.0708387 0.252566 0.081137
0.210091 0.727353 0.672668
0.152221 0.467715 0.11064
0.116398 0.531022 0.15653
0.0894546 0.252441 0.583703
0.302261 0.451727 0.594521
0.201528 0.572165 0.707798
0.186806 0.823861 0.804198
0.0899969 0.296275 0.0669521
0.231418 0.377772 0.586804
0.148554 0.731248 0.878467
0.287869 0.544078 0.500385
0.239977 0.720682 0.719464
0.255309 0.585827 0.612354
0.307761 0.468624 0.639035
0.0541133 0.478281 0.655889
0.0597564 0.446328 0.590766
0.138937 0.605419 0.419843
0.256715 0.35698 0.62566
0.191498 0.747974 0.892393
0.0701391 0.520757 0.497763
0.0790226 0.451422 0.519076
0.0982729 0.466981 0.310617
0.0837153 0.033354 0.615276
0.185996 0.599453 0.202048
0.0745273 0.423551 0.672179
0.0797783 0.362402 0.231603
0.311166 0.370447 0.15209
0.094123 0.0423352 0.126594
0.165756 0.400334 0.215351
0.149344 0.380872 0.156275
0.21339 0.700181 0.887136
0.0598841 0.471642 0.178833
0.279503 0.0344074 0.632904
0.102567 0.19519 0.0508277
0.113972 0.605708 0.621426
0.033937 0.029443 0.649601
0.108276 0.351323 0.227684
0.203412 0.554406 0.144061
0.0482951 0.0270756 0.637643
0.165003 0.660508 0.854212
0.0785508 0.460899 0.125712
0.286493 0.0722756 0.101003
0.326521 0.0342016 0.660011
0.267119 0.428287 0.471588
0.121723 0.60852 0.577821
0.166248 0.566395 0.706316
0.150931 0.601541  0.375
0.0524767 0.346148 0.167513
0.296756 0.428495 0.239336
0.325064 0.0608706 0.642121
0.126254 0.772165 0.747019
0.199905 0.524207 0.695481
0.282945 0.141456 0.0781116
0.0843712 0.540058 0.429977
0.256416 0.0383358 0.0773745
0.240319 0.717217 0.718916
0.0470613 0.318021 0.618378
0.0639842 0.313036 0.187882
0.132355 0.623898 0.715994
0.0900352 0.262799 0.581626
0.0807779 0.308109 0.63649
0.120971 0.631953 0.705352
0.134992 0.367324 0.530551
0.182133 0.737824 0.666631
0.18556 0.679019 0.61047
0.0697712 0.354274 0.101691
0.199131 0.576474 0.145618
0.0946335 0.179445 0.0808023
0.201992 0.621882 0.526263
0.0541704 0.504399 0.644282
0.0894149 0.240422 0.0330137
0.227434 0.765579 0.724944
0.308098 0.275788 0.628468
0.175867 0.360472 0.512125
0.113533 0.621927 0.647848
0.153029 0.496633 0.691563
0.0945247 0.542223 0.39819
0.246791 0.307185 0.105909
0.0786045 0.146801 0.0785666
0.182365 0.393259 0.662759
0.054779 0.370122 0.190738
0.25924 0.540417 0.315381
0.161283 0.668149 0.606907
0.302348 0.353973 0.202161
0.254296 0.48835 0.339552
0.24074 0.70624 0.708218
0.156442 0.581223 0.71351
0.134115 0.361769 0.144098
0.286847 0.0933342 0.581644
0.0573357 0.0832158 0.588669
0.0451685 0.0594497 0.0916369
0.155896 0.663884 0.876386
0.117492 0.802594 0.802466
0.0878817 0.0953816 0.607392
0.250894 0.339249 0.211728
0.056168 0.481572 0.658806
0.223789 0.442454 0.0992616
0.215358 0.416617 0.672241
0.082357 0.447098 0.27525
0.0766898 0.338261 0.551221
0.167352 0.807132 0.755086
0.244166 0.608954 0.619542
0.22465 0.428216 0.373163
0.283118 0.196415 0.0780853
0.246828 0.376039 0.624331
0.29042 0.348284 0.560554
0.209285 0.660896 0.606464
0.123946 0.495361 0.687903
0.313263 0.28593 0.617091
0.129844 0.705744 0.679719
0.177732 0.422412 0.307231
0.259299 0.532999 0.37501
0.261019 0.562673 0.397988
0.275666 0.421524 0.564088
0.244837 0.382468 0.0876157
0.178574 0.355165 0.587755
0.295497 0.460874 0.159337
0.114897 0.382959 0.0876495
0.0802423 0.10975 0.609691
0.203298 0.381453 0.447981
0.0779606 0.179863 0.0590098
0.313627 0.0615283 0.0898774
0.12839 0.844937 0.789681
0.262967 0.21413 0.0291594
0.109492 0.412172 0.668794
0.260088 0.176004 0.0491808
0.194492 0.367045 0.495519
0.208864 0.691932 0.934169
0.161643 0.599367 0.342278
0.265355 0.435991 0.678034
0.27452 0.520594 0.320808
0.106442 0.332003 0.212254
0.088254 0.429287 0.552588
0.272739 0.0604103 0.624225
0.0960298 0.194847 0.084764
0.256212 0.393968 0.514678
0.163455 0.621645 0.516136
0.305852 0.0290535 0.127145
0.170263 0.77219 0.874568
0.12397 0.619034 0.705999
0.278523 0.0328782 0.629358
0.0956412 0.575711 0.430498
0.103764 0.0331163 0.0816652
0.219829 0.774673 0.865276
0.240599 0.32372 0.123048
0.137259 0.801144 0.82352
0.217554 0.789049 0.741029
0.0759748 0.183119 0.0710852
0.118282 0.58971 0.509227
0.261796 0.477011 0.315697
0.1076 0.281864 0.1397
0.0826417 0.0403866 0.0635885
0.284505 0.496221 0.680023
0.192239 0.652251 0.922335
0.276193 0.232429 0.117432
0.228309 0.748995 0.856032
0.236942 0.603754 0.553042
0.192598 0.426344 0.328596
0.100114 0.471969 0.385793
0.0822192 0.326028 0.211833
0.184729 0.485048 0.693746
0.26589 0.413668 0.513577
0.122002 0.453264 0.298349
0.308059 0.34138 0.160346
0.197077 0.362567 0.516158
0.246405 0.417224 0.271428
0.100425 0.145475 0.0587895
0.281353 0.447458 0.51158
0.114351 0.636769 0.680267
0.143578 0.437459 0.10746
0.152311 0.706473 0.916884
0.102235 0.361519 0.648102
0.143878 0.651234 0.609238
0.205259 0.414177 0.236201
0.250505 0.398959 0.260372
0.273683 0.471001 0.292368
0.0768005 0.371982 0.567404
0.283483 0.195077 0.616635
0.229344 0.668922 0.752303
0.225525 0.432911 0.36655
0.156389 0.590434 0.287247
0.213338 0.665029 0.860253
0.275729 0.171902 0.570117
0.235019 0.647559 0.632575
0.311866 0.0857302 0.598589
0.304449 0.202022 0.57966
0.0892328 0.506263 0.402321
0.186908 0.610778 0.393821
0.0898562 0.258822 0.593086
0.138487 0.615368 0.550229
0.25011 0.305127 0.169635
0.199573 0.383025 0.437956
0.272652 0.390428 0.561377
0.0467247 0.255303 0.618487
0.0343512 0.047431 0.655946
0.0569992 0.521194 0.646666
0.15999 0.657527 0.598476
0.195456 0.61701 0.458674
0.295523 0.479078 0.581198
0.236781 0.380016 0.512276
0.0809938 0.21376 0.0379688
0.181139 0.530062 0.119934
0.202405 0.591482 0.257523
0.237101 0.561688 0.289476
0.127792 0.711922 0.782346
0.182592 0.410139 0.675444
0.196475 0.656126 0.91001
0.290003 0.522387 0.496705
0.277662 0.440926 0.499015
0.117833 0.53465 0.683522
0.0531926 0.221168 0.584546
0.109529 0.35239 0.576004
0.282102 0.51628 0.448059
0.159394 0.658138 0.599349
0.0650434 0.301134 0.566555
0.117877 0.616997 0.626896
0.294415 0.175486 0.569588
0.181956 0.681598 0.611327
0.278511 0.558056 0.608585
0.217048 0.369463 0.564106
0.256842 0.541094 0.273313
0.186653 0.598428 0.189087
0.268477 0.283425 0.591064
0.24345 0.375528 0.615664
0.251065 0.344027 0.216268
0.227492 0.416018 0.394395
0.195786 0.583317 0.174031
0.0762377 0.14359 0.0447596
0.0774937 0.0852064 0.58579
0.231455 0.601361 0.705125
0.0907996 0.467923 0.40303
0.0505627 0.1643 0.613913
0.17783 0.372415 0.638742
0.0705394 0.246883 0.121225
0.196455 0.388042 0.179692
0.306062 0.342234 0.182506
0.102723 0.461403 0.113699
0.116043 0.369076 0.227048
0.275143 0.529512 0.277551
0.292152 0.149446 0.615769
0.156858 0.402181 0.134571
0.106648 0.593879 0.636831
0.137298 0.6725 0.84797
0.217584 0.386239 0.636351
0.0900329 0.470204 0.403376
0.286265 0.154743 0.073778
0.0635369 0.489841 0.185486
0.274785 0.171892 0.594052
0.195498 0.422532 0.348576
0.138526 0.381833 0.615668
0.302773 0.402302 0.142893
0.280543 0.0463815 0.599366
0.281375 0.539511 0.461177
0.228433 0.429176 0.677792
0.124675 0.757141 0.83954
0.123429 0.502435 0.688469
0.248444 0.543481 0.351955
0.084273 0.109201 0.578118
0.122445 0.5584 0.260382
0.163585 0.704034 0.954252
0.188671 0.472389 0.691881
0.290071 0.233933 0.562493
0.0836344 0.116461 0.570349
0.182677 0.649274 0.899155
0.233726 0.789294 0.828808
0.234752 0.750574 0.83571
0.200484 0.745695 0.886565
0.298802 0.283576 0.12965
0.0774973 0.244065 0.0574295
0.210777 0.390799 0.137325
0.215364 0.750108 0.699019
0.286678 0.519726 0.673759
0.0643545 0.285904 0.104038
0.235516 0.413568 0.0936364
0.289817 0.548698 0.631026
0.107093 0.58725 0.549812
0.0880785 0.528013 0.240109
0.127971 0.37729 0.585198
0.311183 0.189286 0.593657
0.276334 0.447254 0.46018
0.106763 0.284401 0.155334
0.180336 0.757461 0.687221
0.276094 0.396801 0.249066
0.243008 0.441594 0.285068
0.132066 0.447603 0.331424
0.0585336 0.0706012 0.0869812
0.261363 0.572593 0.488435
0.224632 0.707514 0.829004
0.236489 0.513559 0.133912
0.0636233 0.473664 0.169168
0.282608 0.265001 0.149056
0.127611 0.488763 0.115181
0.293148 0.492312 0.575723
0.250475 0.297567 0.15343
0.123604 0.372453 0.543839
0.120352 0.439479 0.682343
0.0646294 0.349256 0.113028
0.0493434 0.0859823 0.610171
0.25506 0.591554 0.599943
0.196722 0.39144 0.200692
0.235217 0.628521 0.711339
0.206198 0.66701 0.935682
0.228843 0.418808 0.669353
0.0837333 0.530446 0.432755
0.176813 0.370343 0.471391
0.112198 0.287514 0.109069
0.27327 0.307658 0.551029
0.114277 0.864651 0.802854
0.128248 0.397346 0.243069
0.170703 0.562861 0.130307
0.100683 0.176101 0.0541312
0.278448 0.347771 0.649355
0.200467 0.809303 0.829377
0.294799 0.504645 0.262334
0.0945909 0.412453 0.550033
0.0544402 0.142797 0.587492
0.21355 0.664556 0.843488
0.221457 0.652423 0.74981
0.094339 0.0420437 0.126385
0.29593 0.463178 0.585421
0.08511 0.131677 0.594578
0.253708 0.337221 0.0770028
0.119503 0.594493 0.422477
0.238549 0.459653 0.353812
0.0464043 0.164862 0.602079
0.184446 0.596058 0.124883
0.256278 0.0680166 0.085616
0.101638 0.189959 0.0490568
0.290529 0.368444 0.572041
0.0610638 0.0723481 0.0970078
0.109125 0.293018 0.153123
0.0793621 0.545246 0.593122
0.0648574 0.534695 0.59714
0.316626 0.0268209 0.624887
0.196217 0.570694 0.122788
0.174422 0.412757 0.124995
0.108407 0.2661 0.0783624
0.241848 0.371435 0.570739
0.297937 0.429563 0.147663
0.150568 0.455475 0.687674
0.0895427 0.247527 0.133297
0.0722736 0.492988 0.170166
0.292424 0.253392 0.563461
0.0493061 0.426534 0.634737
0.0565343 0.458378 0.235919
0.261659 0.430582 0.415735
0.163609 0.786153 0.85774
0.162976 0.403551 0.667734
0.214846 0.703998 0.876436
0.134799 0.573597 0.320698
0.167383 0.564641 0.133373
0.203003 0.719662 0.659392
0.222669 0.617929 0.719306
0.266113 0.567687 0.416158
0.113835 0.586031 0.502272
0.218781 0.829605 0.793176
0.237162 0.521947 0.141445
0.176956 0.400104 0.385781
0.291568 0.308379 0.188394
0.0665297 0.350044 0.10863
0.136435 0.382219 0.475413
0.0856242 0.228368 0.600608
0.242054 0.68268 0.691543
0.213498 0.663693 0.855741
0.238721 0.703031 0.69333
0.144563 0.762121 0.868067
0.305985 0.41175 0.185022
0.0633285 0.0658004 0.057589
0.0918391 0.428964 0.269584
0.115797 0.54869 0.239096
0.170472 0.549243 0.133511
0.201916 0.560368 0.149099
0.302521 0.131388 0.582053
0.0824043 0.549948 0.444224
0.110012 0.78702 0.776153
0.0940015 0.430133 0.456622
0.172434 0.600929 0.31691
0.269106 0.534548 0.407078
0.120833 0.656388 0.643687
0.143929 0.381414 0.623001
0.0458907 0.301817 0.612312
0.126704 0.567021 0.691868
0.262942 0.223991 0.110682
0.206432 0.390056 0.648887
0.219931 0.746442 0.700753
0.0535148 0.488581 0.649559
0.189942 0.476835 0.692252
0.153109 0.613247 0.462718
0.300894 0.354873 0.12493
0.254886 0.427612 0.275763
0.247555 0.78053 0.804021
0.0870296 0.232509 0.568125
0.0803206 0.565759 0.563919
0.0975978 0.197264 0.0815442
0.248226 0.356038 0.58453
0.210325 0.56194 0.166374
0.268399 0.477683 0.684458
0.273101 0.562644 0.445284
0.106327 0.357239 0.239161
0.0878113 0.293541 0.55695
0.257145 0.548063 0.377543
0.0721044 0.429755 0.122698
0.0578335 0.486302 0.216585
0.280179 0.235701 0.0465
0.185878 0.658134 0.949398
0.268013 0.0319905 0.119824
0.252877 0.368612 0.621943
0.306809 0.356357 0.181798
0.100137 0.517604 0.377019
0.099224 0.0310725 0.0936922
0.212901 0.681853 0.905955
0.308133 0.366151 0.174557
0.0544593 0.389159 0.186817
0.302605 0.322893 0.182515
0.118459 0.596786 0.543593
0.0571354 0.442819 0.599934
0.136628 0.624832 0.591922
0.216515 0.805953 0.766338
0.268804 0.565884 0.480202
0.10434 0.254065 0.0559784
0.118662 0.464974 0.339609
0.106292 0.291655 0.0723467
0.275755 0.26233 0.559752
0.100424 0.402733 0.511592
0.256834 0.459622 0.382169
0.167423 0.693626 0.960574
0.197934 0.533565 0.696028
0.117753 0.409321 0.417108
0.0822783 0.341124 0.537337
0.146846 0.667064 0.833725
0.0617417 0.290343 0.570942
0.211231 0.614969 0.504122
0.0604405 0.0731269 0.0830404
0.0977859 0.298713 0.187489
0.147539 0.611694 0.467353
0.307461 0.103663 0.605267
0.0713633 0.455943 0.262432
0.263728 0.307523 0.587952
0.264143 0.398841 0.546866
0.274072 0.25125 0.137109
0.21407 0.722028 0.872451
0.0948419 0.216489 0.104032
0.133169 0.712176 0.680711
0.20891 0.385225 0.154972
0.224831 0.428468 0.100708
0.169519 0.656657 0.94559
0.101563 0.208732 0.0738017
0.28284 0.119378 0.0787949
0.159059 0.671685 0.951821
0.0809314 0.404779 0.568701
0.134851 0.668733 0.759987
0.1361 0.636727 0.613364
0.300639 0.372388 0.644806
0.141945 0.730177 0.68493
0.227062 0.368482 0.530353
0.0925463 0.225128 0.110624
0.256305 0.253504 0.130284
0.168314 0.727279 0.925146
0.129134 0.710841 0.803214
0.0958905 0.415139 0.501412
0.275677 0.450099 0.442085
0.148478 0.432514 0.350419
0.261089 0.475753 0.316813
0.320845 0.0524142 0.0973685
0.0567988 0.440838 0.218029
0.231286 0.37328 0.113547
0.150993 0.784513 0.729839
0.0908864 0.565518 0.419374
0.16554 0.590375 0.179137
0.0897862 0.0689964 0.108453
0.26026 0.513946 0.34703
0.0627173 0.0590528 0.125293
0.216861 0.68081 0.872763
0.29452 0.333077 0.205565
0.293027 0.250125 0.0997653
0.104363 0.259957 0.133681
0.290697 0.487406 0.572209
0.287762 0.240808 0.0733575
0.122706 0.338282 0.181738
0.322611 0.0539377 0.609028
0.272718 0.418404 0.560917
0.0532017 0.135458 0.589095
0.11435 0.637031 0.681992
0.0893195 0.0504118 0.612586
0.131118 0.617061 0.581111
0.260464 0.222818 0.104327
0.0605735 0.496644 0.250703
0.0481129 0.293064 0.620528
0.268999 0.419216 0.555495
0.0494329 0.0269779 0.639646
0.126059 0.546354 0.685893
0.126866 0.56398 0.217616
0.0543587 0.0643609 0.124562
0.187383 0.423728 0.329768
0.27418 0.466451 0.289425
0.277374 0.190361 0.600347
0.100906 0.0375727 0.100263
0.247814 0.403234 0.45111
0.279762 0.447627 0.523677
0.0900846 0.559215 0.476197
0.19935 0.603361 0.365599
0.287938 0.176552 0.615967
0.0740197 0.370776 0.101968
0.280515 0.393511 0.569937
0.223183 0.574836 0.222003
0.313237 0.155655 0.604255
0.295781 0.266694 0.130225
0.208846 0.612014 0.452523
0.280474 0.41055 0.253384
0.260884 0.0839124 0.071427
0.0742555 0.497797 0.531957
0.108329 0.30746 0.0763006
0.0774701 0.150063 0.0425361
0.164588 0.594748 0.266483
0.227249 0.377021 0.498819
0.277013 0.510752 0.421569
0.277164 0.494447 0.157348
0.0725869 0.0562241 0.65404
0.095334 0.327606 0.632566
0.262538 0.331614 0.560909
0.294645 0.264515 0.131501
0.117216 0.676226 0.680359
0.283161 0.393865 0.243602
0.226121 0.370094 0.521118
0.0858644 0.0278464 0.123049
0.308246 0.343649 0.165494
0.099612 0.098174 0.0587209
0.182918 0.653993 0.934914
0.304258 0.460244 0.190276
0.0862993 0.0559515 0.636676
0.197739 0.729139 0.913284
0.055025 0.331862 0.181177
0.212716 0.594967 0.356779
0.0650939 0.334138 0.205309
0.197561 0.490891 0.113423
0.0965536 0.407084 0.544195
0.284232 0.266136 0.558026
0.102318 0.534998 0.331262
0.224791 0.839392 0.792624
0.0815034 0.35262 0.544517
0.288891 0.364835 0.648561
0.164839 0.39561 0.659713
0.079294 0.197685 0.614652
0.316328 0.209296 0.610098
0.109927 0.542723 0.344271
0.106574 0.260498 0.10559
0.208571 0.437292 0.309335
0.12064 0.454049 0.684216
0.167203 0.611848 0.411694
0.0944024 0.136425 0.0770189
0.249449 0.592474 0.552264
0.0728203 0.274941 0.559601
0.10074 0.573637 0.415114
0.0706598 0.447155 0.137009
0.0888865 0.435327 0.468487
0.0776136 0.53739 0.470064
0.246664 0.457515 0.314984
0.268463 0.503441 0.31027
0.0775248 0.508156 0.44491
0.0868711 0.0379175 0.622294
0.191118 0.596429 0.20748
0.286734 0.483865 0.52748
0.246367 0.547099 0.332774
0.0354167 0.0318111 0.639027
0.149982 0.489096 0.690511
0.0812953 0.403143 0.250225
0.214922 0.659725 0.612734
0.0633351 0.544243 0.617155
0.165495 0.415795 0.676854
0.240907 0.606793 0.609368
0.289928 0.473927 0.151934
0.295214 0.364596 0.57484
0.227234 0.362257 0.139968
0.280449 0.171652 0.040942
0.0938131 0.0775806 0.0906482
0.197583 0.594615 0.294235
0.212118 0.437307 0.323707
0.0821681 0.213973 0.562141
0.229324 0.855169 0.802909
0.126611 0.714146 0.805542
0.11475 0.548358 0.26157
0.112079 0.627097 0.667823
0.0808947 0.464508 0.553797
0.304081 0.441074 0.602675
0.10595 0.504264 0.361782
0.305574 0.428403 0.167194
0.27896 0.289484 0.0714103
0.310685 0.0347637 0.601722
0.0921811 0.530795 0.404646
0.0561193 0.497716 0.621364
0.315573 0.0537759 0.601393
0.304557 0.478268 0.227452
0.116519 0.59113 0.420145
0.269959 0.467389 0.292963
0.159565 0.360052 0.544659
0.0708842 0.486536 0.277919
0.235976 0.590836 0.697133
0.174293 0.689852 0.957735
0.286657 0.0364703 0.138635
0.119183 0.653066 0.644867
0.295968 0.0369386 0.665411
0.143552 0.436381 0.35085
0.30541 0.468342 0.611638
0.30082 0.311784 0.636555
0.0626437 0.141548 0.615799
0.0947163 0.229307 0.115331
0.292947 0.357028 0.570898
0.0773334 0.387638 0.2413
0.145359 0.669103 0.873525
0.278489 0.525567 0.249377
0.226371 0.762824 0.859943
0.14361 0.668258 0.8595
0.10757 0.290664 0.16371
0.0503913 0.323691 0.631604
0.283406 0.528208 0.466424
0.28905 0.445299 0.133172
0.149451 0.665343 0.789945
0.0795549 0.424651 0.11664
0.283941 0.0312383 0.135453
0.0690953 0.0268452 0.130073
0.260543 0.501575 0.334005
0.121658 0.657433 0.697015
0.0454679 0.239917 0.602185
0.293121 0.370071 0.110997
0.295105 0.0346176 0.603036
0.23466 0.775638 0.748957
0.260508 0.109726 0.0561615
0.288881 0.307503 0.640119
0.20333 0.661126 0.87751
0.172855 0.705026 0.636708
0.0610554 0.498756 0.24609
0.0872132 0.485287 0.297404
0.0562013 0.352044 0.129889
0.139046 0.445538 0.294813
0.0969974 0.05405 0.0582462
0.200173 0.657641 0.598371
0.235635 0.750803 0.75609
0.301288 0.486364 0.205841
0.286015 0.550196 0.501752
0.179946 0.399228 0.386179
0.272851 0.0758249   0.61
0.198783 0.421513 0.253372
0.223513 0.719703 0.680951
0.0846877 0.23439 0.0348154
0.209395 0.672618 0.922829
0.306825 0.401415 0.612472
0.2559 0.366643 0.639207
0.183595 0.556132 0.706684
0.116117 0.396824 0.0902805
0.259415 0.438055 0.404798
0.0892436 0.437267 0.45497
0.0496532 0.0666647 0.642486
0.279276 0.217142 0.561322
0.217613 0.613315 0.72122
0.11545 0.548277 0.234924
0.0876236 0.2172 0.584147
0.233665 0.646435 0.630142
0.286515 0.52951 0.540892
0.291275 0.50772 0.280399
0.242927 0.752542 0.768318
0.0680721 0.376637 0.648865
0.294494 0.25198 0.629635
0.272296 0.145446 0.035183
0.280635 0.559566 0.648799
0.246905 0.305885 0.13755
0.0613704 0.33364 0.572331
0.0883265 0.0738078 0.609441
0.161998 0.756212 0.879371
0.268011 0.231582 0.117758
0.193258 0.394643 0.205865
0.187748 0.39788 0.136562
0.0876752 0.209652 0.582176
0.0651487 0.265255 0.110196
0.092697 0.383036 0.654747
0.0920516 0.336265 0.0762211
0.280686 0.361395 0.0942733
0.147585 0.530692 0.135625
0.254547 0.548608 0.674913
0.180452 0.404203 0.235581
0.215011 0.672152 0.882887
0.257102 0.572833 0.666413
0.238968 0.656814 0.696584
0.123416 0.750183 0.73091
0.100066 0.144324 0.0610069
0.220359 0.377158 0.205888
0.276105 0.498776 0.158909
0.0617455 0.0346886 0.0685113
0.147907 0.583831 0.257945
0.289117 0.451293 0.260568
0.0610439 0.518808 0.665321
0.308156 0.0553813 0.595362
0.287046 0.44772 0.129312
0.257301 0.53322 0.676509
0.21847 0.579454 0.308801
0.145827 0.686847 0.883784
0.226151 0.847869 0.793502
0.0563696 0.0292719 0.665274
0.0744865 0.233861 0.0639989
0.277021 0.48489 0.414616
0.272634 0.0658372 0.602193
0.303621 0.201544 0.578168
0.124861 0.600231 0.474833
0.212046 0.601633 0.380207
0.218914 0.442288 0.282047
0.183905 0.776753 0.873912
0.305039 0.502838 0.628133
0.281416 0.515526 0.191582
0.109079 0.472505 0.368026
0.278557 0.553466 0.486688
0.100168 0.162955 0.0493088
0.0718988 0.3595 0.226087
0.0553179 0.456083 0.220634
0.0791519 0.468936 0.437609
0.071097 0.397243 0.113088
0.0861954 0.528279 0.424179
0.275309 0.134903 0.0362709
0.279128 0.259568 0.0634644
0.224249 0.661808 0.756116
0.276596 0.245694 0.559844
0.125031 0.369541 0.551922
0.197193 0.393812 0.204412
0.0976181 0.577855 0.620631
0.27503 0.434376 0.537534
0.296317 0.492428 0.189882
0.224005 0.642805 0.735177
0.27213 0.304441 0.552965
0.264824 0.310402 0.598548
0.18278 0.601403 0.21374
0.156233 0.42284 0.356056
0.234629 0.680191 0.736127
0.255622 0.244916 0.0938544
0.0672182 0.211341 0.565358
0.278714 0.51215 0.681717
0.284631 0.549484 0.540238
0.147203 0.704328 0.885042
0.0712963 0.401155 0.114756
0.213385 0.648028 0.600744
0.249854 0.544696 0.258697
0.260188 0.331188 0.594951
0.0887748 0.0595167 0.606814
0.231475 0.373987 0.216603
0.0775445 0.450216 0.67635
0.187824 0.497171 0.694427
0.23387 0.35397 0.116503
0.0648503 0.294297 0.168945
0.0811962 0.244753 0.0494112
0.0734205 0.351185 0.556014
0.292843 0.536016 0.595419
0.072997 0.512784 0.292178
0.162891 0.682529 0.959186
0.140203 0.577605 0.266292
0.0987622 0.136255 0.0685148
0.0894877 0.422239 0.264613
0.111981 0.635917 0.647086
0.236233 0.374419 0.574216
0.213002 0.583717 0.300199
0.114061 0.547721 0.307641
0.076647 0.537866 0.560961
0.304181 0.464976 0.242259
0.0989105 0.46426 0.29954
0.0556356 0.469837 0.607218
0.271939 0.287718 0.625828
0.275338 0.4716 0.681731
0.246288 0.589552 0.53171
0.145611 0.418365 0.673796
0.0750036 0.462309 0.496096
0.0760087 0.152745 0.567495
0.117522 0.644845 0.674469
0.233484 0.76519 0.730763
0.269255 0.385586 0.555938
0.304255 0.0662896 0.639556
0.301554 0.496997 0.231561
0.0673748 0.271286 0.147188
0.104251 0.206518 0.0590005
0.244096 0.824942 0.783318
0.291639 0.26247 0.0887454
0.229692 0.700985 0.673614
0.125797 0.405007 0.0919991
0.300675 0.35365 0.642252
0.0848702 0.297575 0.631581
0.281915 0.55213 0.571031
0.190132 0.595358 0.180405
0.238968 0.594986 0.419556
0.0548036 0.413448 0.186397
0.128046 0.693437 0.670691
0.215867 0.371586 0.57901
0.212773 0.598063 0.718551
0.067306 0.35916 0.10855
0.290578 0.550266 0.619442
0.0903369 0.292454 0.615664
0.15729 0.434342 0.306972
0.286432 0.520949 0.475201
0.0817472 0.526344 0.265017
0.160682 0.420081 0.356115
0.301679 0.391374 0.594293
0.171491 0.599496 0.276712
0.0973443 0.190493 0.0772757
0.0760803 0.430243 0.258586
0.0557203 0.0258098 0.634006
0.24397 0.551445 0.214609
0.261202 0.203456 0.0336561
0.300835 0.482583 0.196706
0.0581901 0.394551 0.208994
0.222448 0.382128 0.472768
0.0914565 0.44241 0.277378
0.154162 0.68078 0.9446
0.307647 0.0582603 0.0714851
0.309806 0.369373 0.613442
0.264915 0.44317 0.27946
0.0543954 0.498753 0.639831
0.195306 0.564628 0.704549
0.291012 0.110444 0.0638144
0.255125 0.568797 0.397035
0.175671 0.39017 0.16479
0.0725412 0.532061 0.663303
0.129489 0.715513 0.761663
0.0884323 0.0597143 0.620861
0.286959 0.534983 0.489742
0.204451 0.601697 0.723439
0.287645 0.539227 0.522374
0.111764 0.373183 0.557899
0.219073 0.604717 0.411094
0.312709 0.329326 0.612289
0.0657585 0.0883739 0.622441
0.245077 0.456277 0.300436
0.145687 0.440315 0.277257
0.16119 0.477662 0.112695
0.276679 0.435343 0.510872
0.172896 0.549403 0.700098
0.277543 0.357097 0.542755
0.0892628 0.242496 0.590103
0.126663 0.618341 0.612681
0.1089 0.393545 0.501093
0.0688731 0.369783 0.573325
0.110469 0.404881 0.265255
0.0898583 0.553081 0.659733
0.156976 0.434581 0.306395
0.275486 0.444132 0.560913
0.149822 0.380705 0.198663
0.0717931 0.461748 0.674144
0.201317 0.474807 0.690631
0.0597678 0.0609722 0.657318
0.106619 0.409682 0.452823
0.13304 0.5231 0.138366
0.300821 0.504378 0.587947
0.260245 0.174096 0.0501638
0.288411 0.551918 0.644828
0.236434 0.612966 0.603577
0.0683423 0.423892 0.1291
0.0608206 0.45802 0.664407
0.110116 0.276237 0.0883186
0.300237 0.292074 0.137168
0.256593 0.338978 0.581756
0.171329 0.651131 0.898698
0.0908508 0.561796 0.518165
0.107353 0.476507 0.33076
0.227953 0.65342 0.741116
0.0729359 0.479402 0.517695
0.273405 0.426775 0.528206
0.0798447 0.183419 0.0540537
0.0921136 0.341056 0.540882
0.221461 0.819053 0.783728
0.140109 0.489051 0.114925
0.250307 0.438421 0.283644
0.100309 0.168705 0.0446247
0.100976 0.303709 0.18744
0.0968639 0.569571 0.493164
0.284573 0.46076 0.492472
0.224021 0.572848 0.701342
0.123048 0.415704 0.0939606
0.1224 0.400223 0.25144
0.221581 0.368927 0.516072
0.328239 0.0333056 0.629291
0.204809 0.412262 0.233201
0.287755 0.503594 0.525243
0.290238 0.0896094 0.0493065
0.204411 0.59148 0.718555
0.120317 0.678579 0.670843
0.108366 0.595091 0.582613
0.103847 0.0374885 0.0775689
0.185035 0.486194 0.113158
0.239211 0.383547 0.505164
0.0915164 0.492831 0.305101
0.174751 0.618899 0.458682
0.202065 0.793882 0.846322
0.229849 0.748152 0.71154
0.309553 0.217879 0.61975
0.255286 0.296157 0.0713441
0.0750746 0.469516 0.522905
0.206553 0.813243 0.822623
0.0579068 0.512776 0.601771
0.107804 0.0595452 0.0844778
0.193244 0.366132 0.607675
0.0595116 0.3907 0.591986
0.14881 0.813745 0.775684
0.16316 0.431911 0.295579
0.0540803 0.335243 0.153313
0.0991875 0.40688 0.506492
0.143383 0.370535 0.156338
0.0932795 0.495636 0.687664
0.274565 0.142873 0.588522
0.114922 0.402303 0.448385
0.131567 0.558206 0.189901
0.0907006 0.283124 0.601393
0.0565632 0.241512 0.578651
0.297818 0.168828 0.617317
0.241396 0.48151 0.114327
0.283143 0.260883 0.557619
0.215839 0.429893 0.109536
0.30285 0.405774 0.145407
0.30124 0.537517 0.630864
0.116644 0.389377 0.245305
0.218951 0.610649 0.479841
0.261377 0.131931 0.0451973
0.27274 0.565806 0.623511
0.126457 0.703122 0.682485
0.261359 0.0479667 0.0635947
0.0760783 0.464318 0.477946
0.280942 0.485802 0.423684
0.201181 0.636859 0.57044
0.269782 0.528555 0.223461
0.209377 0.744833 0.872796
0.0593109 0.373079 0.211486
0.110147 0.610429 0.661698
0.103217 0.0317298 0.0815346
0.0620711 0.351835 0.642803
0.196433 0.741901 0.894487
0.15107 0.379986 0.4602
0.0871855 0.352272 0.541331
0.252547 0.3614 0.605724
0.0819675 0.443374 0.272968
0.0847552 0.438551 0.538952
0.252646 0.381616 0.649339
0.183584 0.633935 0.755681
0.116472 0.640108 0.670837
0.143191 0.76894 0.870039
0.268953 0.478437 0.125678
0.215737 0.379279 0.179793
0.277339 0.218217 0.0344748
0.121805 0.339283 0.148818
0.275705 0.555825 0.49334
0.138705 0.443554 0.334369
0.278658 0.445722 0.119279
0.258378 0.20355 0.0394986
0.293764 0.29948 0.0990572
0.100804 0.575294 0.481095
0.19801 0.802471 0.838087
0.123414 0.614159 0.703454
0.134556 0.45841 0.102611
0.0816464 0.52312 0.227523
0.0772249 0.524647 0.56167
0.11185 0.539336 0.180825
0.286381 0.323452 0.6434
0.130577 0.415173 0.261156
0.083145 0.236316 0.559988
0.303017 0.393381 0.204994
0.099768 0.564595 0.399984
0.0757173 0.471203 0.461474
0.0928102 0.524152 0.678099
0.125749 0.56421 0.299716
0.173902 0.358953 0.594776
0.0616569 0.393127 0.650355
0.0884345 0.241295 0.575613
0.150271 0.682939 0.62657
0.308662 0.315343 0.596162
0.20455 0.370689 0.490929
0.257081 0.234161 0.0987843
0.220692 0.671261 0.834934
0.276887 0.482726 0.413766
0.0704188 0.122247 0.0648023
0.175438 0.713518 0.643778
0.101474 0.536801 0.206506
0.246632 0.322981 0.180372
0.154339 0.726438 0.896508
0.218753 0.37204 0.575338
0.0871637 0.207744 0.589473
0.324738 0.044828 0.659963
0.300537 0.484877 0.197786
0.272283 0.561731 0.52263
0.140948 0.373676 0.583051
0.103897 0.576136 0.499213
0.0898241 0.287271 0.614129
0.177962 0.528552 0.120022
0.277475 0.471923 0.414366
0.2413 0.627184 0.700601
0.289411 0.31143 0.192895
0.117117 0.455457 0.313676
0.120644 0.621441 0.701146
0.0984919 0.156147 0.0709554
0.282762 0.465519 0.53288
0.0840451 0.214203 0.100832
0.0441073 0.0377134 0.0944755
0.239389 0.447445 0.288053
0.154912 0.589568 0.298696
0.134912 0.690153 0.786936
0.259801 0.0297606 0.0839509
0.165238 0.387279 0.189357
0.171214 0.552819 0.70083
0.276973 0.395823 0.659809
0.1483 0.783288 0.854504
0.25962 0.18671 0.0517253
0.0817244 0.317834 0.206049
0.0664463 0.386283 0.228128
0.0540226 0.458057 0.653687
0.142901 0.579703 0.236964
0.212308 0.808095 0.764064
0.223801 0.625524 0.595912
0.078093 0.335299 0.0873987
0.144645 0.628334 0.728322
0.247537 0.468949 0.334619
0.141455 0.502674 0.69043
0.195424 0.821571 0.808533
0.272279 0.0701852 0.604155
0.215513 0.443947 0.106195
0.119855 0.49029 0.120027
0.296565 0.0273163 0.659857
0.198005 0.394168 0.657123
0.172279 0.66328 0.596398
0.24308 0.334423 0.105225
0.100151 0.400272 0.52073
0.22885 0.74985 0.712074
0.159971 0.582673 0.191455
0.286466 0.179578 0.615656
0.210623 0.695249 0.918036
0.30044 0.402939 0.219274
0.291212 0.0319569 0.0731655
0.106856 0.812896 0.800859
0.254611 0.351118 0.590371
0.0915153 0.495811 0.687215
0.0848736 0.2138 0.56553
0.295451 0.0699551 0.05534
0.0816048 0.560443 0.621698
0.166708 0.590115 0.110064
0.245942 0.868507 0.80238
0.162521 0.593555 0.280953
0.110473 0.326277 0.0837336
0.308029 0.362397 0.138317
0.0790669 0.408457 0.252059
0.304229 0.480824 0.225114
0.138779 0.749835 0.861728
0.143087 0.613251 0.50942
0.18913 0.62271 0.743099
0.215129 0.391111 0.12855
0.243654 0.872968 0.803923
0.296688 0.231456 0.568139
0.199847 0.655074 0.772368
0.29696 0.359529 0.21613
0.10224 0.450492 0.390887
0.15557 0.642205 0.583219
0.195951 0.58827 0.178484
0.250688 0.279915 0.114765
0.23741 0.656923 0.711491
0.293135 0.339985 0.564134
0.198794 0.376268 0.630307
0.0636519 0.484462 0.582173
0.0443425 0.0310236 0.605804
0.0640428 0.431092 0.240892
0.199265 0.430097 0.278999
0.0509493 0.429457 0.623735
0.148408 0.383847 0.448235
0.0792055 0.350006 0.225289
0.218637 0.432998 0.359272
0.0495324 0.128624 0.602211
0.192681 0.395753 0.399715
0.237514 0.706258 0.723139
0.262374 0.252547 0.0454062
0.304686 0.479298 0.234489
0.248417 0.465804 0.328979
0.104866 0.828966 0.789428
0.255517 0.601177 0.666805
0.236531 0.634892 0.711463
0.0857569 0.525056 0.423979
0.0911021 0.388528 0.0928241
0.184889 0.771634 0.878002
0.188498 0.803569 0.841751
0.179387 0.815662 0.833123
0.0548171 0.518959 0.640652
0.0686821 0.478568 0.158996
0.0962842 0.537407 0.279106
0.226077 0.698862 0.797506
0.18998 0.436267 0.687004
0.114515 0.382487 0.529178
0.184936 0.400743 0.222418
0.080135 0.0358139 0.63681
0.260586 0.150391 0.0468104
0.0644165 0.269541 0.113903
0.195909 0.368552 0.490867
0.0884267 0.231711 0.574225
0.319152 0.0523565 0.0923789
0.211197 0.695233 0.640192
0.102489 0.525748 0.680734
0.143722 0.740272 0.865027
0.192691 0.597031 0.27091
0.140048 0.534992 0.143913
0.149355 0.665417 0.897848
0.244992 0.66766 0.672567
0.258194 0.53811 0.25487
0.0783841 0.166582 0.566012
0.0827994 0.239284 0.620267
0.286369 0.138167 0.0506846
0.244041 0.429634 0.391459
 0.204 0.590718 0.258566
0.218121 0.607383 0.429493
0.220933 0.799174 0.754081
0.0770018 0.216757 0.047959
0.0848911 0.0639656 0.630245
0.262555 0.18277 0.0359401
0.235159 0.625194 0.710287
0.17099 0.561649 0.133862
0.322562 0.0528266 0.608545
0.149862 0.676901 0.621788
0.235901 0.747847 0.826252
0.0880801 0.0702104 0.611286
0.087038 0.174891 0.57529
0.291354 0.342039 0.644242
0.0633073 0.343646 0.20725
0.274962 0.185759 0.570183
0.160003 0.709641 0.943859
0.12029 0.691509 0.688478
0.0852968 0.574233 0.585741
0.228365 0.850137 0.793037
0.288383 0.0419112 0.600071
0.0827312 0.298337 0.187859
0.26744 0.50852 0.321383
0.267949 0.172402 0.0820349
0.242409 0.647627 0.677022
0.288101 0.344059 0.645776
0.0486699 0.264122 0.624931
0.0624907 0.472878 0.171601
0.0661874 0.200892 0.620418
0.130978 0.548295 0.688159
0.107927 0.541906 0.230073
0.202417 0.754013 0.876311
0.20539 0.428403 0.261267
0.289688 0.149528 0.614348
0.205543 0.65082 0.595588
0.201731 0.618341 0.506128
0.307677 0.110155 0.606816
0.230951 0.693073 0.667972
0.198694 0.578438 0.118183
0.112368 0.37764 0.630722
0.287094 0.552094 0.627412
0.267296 0.418193 0.508361
0.241691 0.648053 0.687988
0.0785869 0.516687 0.678202
0.309999 0.0570146 0.656222
0.225739 0.663667 0.633287
0.2323 0.710766 0.746638
0.28193 0.417878 0.115551
0.176949 0.622746 0.487048
0.0702887 0.513807 0.222875
0.143813 0.610387 0.465817
0.135968 0.376426 0.495948
0.20039 0.620478 0.733649
0.253263 0.260518 0.0681503
0.114658 0.863901 0.798358
0.110311 0.621227 0.682814
0.117569 0.537609 0.681551
0.283182 0.267392 0.0690309
0.172961 0.574472 0.0999101
0.296148 0.510702 0.581927
0.229099 0.363347 0.127212
0.25013 0.599419 0.621425
0.226313 0.837089 0.815349
0.0939449 0.33437 0.220631
0.284892 0.509797 0.182019
0.230523 0.727511 0.825345
0.197562 0.424032 0.261197
0.28719 0.308379 0.553886
0.120725 0.591684 0.51427
0.0614497 0.297023 0.119163
0.288634 0.535766 0.516736
0.25381 0.493279 0.368013
0.218866 0.831704 0.798071
0.070534 0.232081 0.0895523
0.168565 0.388826 0.179483
0.284695 0.0273167 0.105853
0.19881 0.550535 0.1387
0.0679265 0.506156 0.27542
0.0854002 0.4062 0.66593
0.0702161 0.370184 0.648782
0.0780828 0.0839283 0.620829
0.267883 0.509464 0.394552
0.159177 0.434435 0.684995
0.0908366 0.313716 0.0710299
0.196066 0.389543 0.150196
0.0465533 0.281064 0.604973
0.303881 0.464412 0.658887
0.220576 0.489292 0.689112
0.0476231 0.341216 0.615715
0.124984 0.596357 0.515813
0.282127 0.197314 0.0557604
0.180964 0.471931 0.112353
0.0612207 0.415522 0.142866
0.145134 0.536555 0.141928
0.0706568 0.406791 0.240048
0.309839 0.0574961 0.12516
0.279126 0.278882 0.167525
0.198379 0.398031 0.137347
0.208979 0.436349 0.319163
0.234596 0.371452 0.540963
0.0606364 0.174013 0.576451
0.255051 0.609352 0.67218
0.0560486 0.348742 0.193979
0.0547382 0.48889 0.636102
0.275077 0.0592462 0.634651
0.0934736 0.431962 0.272048
0.302737 0.320028 0.137002
0.260204 0.453794 0.112643
0.188339 0.693995 0.97268
0.0650014 0.292979 0.566479
0.0838001 0.441028 0.118381
0.256589 0.588765 0.636746
0.312785 0.345392 0.616385
0.1675 0.362781 0.511218
0.103138 0.556987 0.384415
0.139497 0.690081 0.649662
0.249056 0.54144 0.188186
0.10102 0.577224 0.467596
0.170086 0.385933 0.651202
0.0657908 0.318023 0.194834
0.286747 0.507694 0.46693
0.13715 0.426693 0.104618
0.147005 0.38205 0.456852
0.0527313 0.35038 0.141974
0.29104 0.250747 0.0883347
0.233865 0.878998 0.79966
0.108708 0.595612 0.579245
0.167437 0.73405 0.910317
0.0731572 0.514992 0.212763
0.0527766 0.207393 0.585198
0.110977 0.590025 0.544794
0.181269 0.802581 0.743731
0.226143 0.489538 0.114984
0.245349 0.549997 0.286213
0.154378 0.394538 0.409657
0.0671262 0.509441 0.226305
0.118645 0.551621 0.23049
0.110064 0.478797 0.335619
0.310484 0.0493964 0.127595
0.23329 0.60168 0.455311
0.0974142 0.319053 0.598364
0.0763229 0.279497 0.0725297
0.110031 0.626122 0.674443
0.0979232 0.274746 0.16246
0.0774415 0.0356091 0.606367
0.269958 0.423073 0.555541
0.309751 0.139177 0.596663
0.165772 0.360605 0.524394
0.276364 0.239787 0.608788
0.207509 0.705954 0.926806
0.0742058 0.479111 0.279549
0.196614 0.589775 0.132083
0.126605 0.696839 0.729395
0.30074 0.497477 0.228715
0.0695806 0.435192 0.25118
0.0960941 0.579595 0.629831
0.063559 0.306564 0.568733
0.289143 0.320492 0.558204
0.307781 0.21465 0.585227
0.0609945 0.487907 0.58612
0.0878522 0.433478 0.486862
0.151452 0.692178 0.933431
0.0759813 0.553311 0.650176
0.181714 0.657273 0.94917
0.0740204 0.302859 0.186903
0.147024 0.678687 0.890419
0.260081 0.127351 0.0558718
0.200353 0.573929 0.136669
0.119562 0.335098 0.159902
0.0861593 0.255658 0.141496
0.10831 0.807789 0.799291
0.188863 0.424421 0.330621
0.248786 0.616063 0.636064
0.27463 0.529184 0.291181
0.294208 0.25548 0.117825
0.287275 0.534198 0.533047
0.121247 0.384771 0.500414
0.151771 0.618812 0.52295
0.280809 0.510354 0.43557
0.124517 0.735002 0.747313
0.0562719 0.482285 0.229877
0.107921 0.27276 0.118219
0.11191 0.563316 0.37414
0.0886493 0.0280175 0.0986869
0.257294 0.581051 0.424271
0.265529 0.396128 0.549326
0.235829 0.563101 0.278585
0.24298 0.552923 0.324833
0.199741 0.517569 0.12147
0.125187 0.371306 0.56002
0.102353 0.232154 0.108282
0.193642 0.429754 0.292718
0.246567 0.425314 0.399673
0.269718 0.272202 0.16037
0.180632 0.615968 0.42738
0.253956 0.377134 0.0865015
0.300974 0.269042 0.57376
0.119894 0.626778 0.630257
0.174759 0.757588 0.886464
0.0499273 0.0449404 0.129856
0.174195 0.821101 0.782731
0.287189 0.491555 0.462225
0.213739 0.371385 0.591717
0.2001 0.611841 0.729947
0.157937 0.382788 0.442084
0.0906728 0.263304 0.588866
0.291139 0.245183 0.628676
0.314201 0.0262821 0.619335
0.215308 0.416944 0.382652
0.0800808 0.0895168 0.0408254
0.099443 0.414626 0.266291
0.0815637 0.441276 0.511036
0.251408 0.387133 0.526252
0.235116 0.57761 0.368505
0.306148 0.461449 0.655227
0.145384 0.386433 0.214718
0.294998 0.446989 0.667944
0.0724766 0.0851289 0.0448309
0.26772 0.563158 0.519016
0.110423 0.603257 0.626142
0.296592 0.41387 0.134951
0.124227 0.792078 0.75925
0.232198 0.604855 0.539815
0.125834 0.533304 0.155752
0.275298 0.248979 0.0484415
0.145436 0.376201 0.145931
0.185897 0.358265 0.529086
0.255769 0.539215 0.368869
0.0716779 0.5487 0.507675
0.0894381 0.398828 0.559175
0.122595 0.432224 0.379113
0.268558 0.388487 0.0923765
0.0671861 0.0661993 0.645237
0.0919507 0.490764 0.399038
0.0945931 0.57334 0.444708
0.128638 0.622774 0.615205
0.0900502 0.286167 0.610802
0.0881629 0.249343 0.0436999
0.0873743 0.510547 0.310397
0.102742 0.333993 0.577151
0.222349 0.608051 0.458371
0.123418 0.80605 0.807007
0.104023 0.294679 0.173306
0.102197 0.348143 0.622207
0.227863 0.779236 0.737975
0.0695691 0.513457 0.504953
0.312108 0.30702 0.622849
0.100605 0.158439 0.0582877
0.177996 0.717556 0.646532
0.0918462 0.556606 0.412142
0.0824027 0.552591 0.473809
0.0708105 0.038675 0.662702
0.258411 0.320342 0.0723318
0.236553 0.794016 0.816167
0.271756 0.252536 0.0472137
0.0515694 0.423525 0.641211
0.114931 0.53017 0.155951
0.273442 0.448129 0.42707
0.0883691 0.423792 0.520798
0.296749 0.373577 0.221047
0.18446 0.509298 0.696224
0.0594818 0.0254161 0.655562
0.184607 0.356442 0.577051
0.187325 0.692425 0.624307
0.271045 0.527443 0.675193
0.16427 0.365915 0.602972
0.287769 0.489844 0.5674
0.309132 0.3076 0.595786
0.0734682 0.427796 0.671981
0.286358 0.0354454 0.604674
0.0476126 0.283842 0.619209
0.0656764 0.495736 0.19213
0.27919 0.427723 0.116171
0.292372 0.477798 0.271664
0.24976 0.540368 0.350573
0.271928 0.442348 0.433748
0.0627914 0.46595 0.256365
0.261818 0.268721 0.15402
0.219158 0.826309 0.790684
0.0795078 0.136418 0.607105
0.250444 0.564531 0.67628
0.184378 0.654109 0.776143
0.160972 0.376105 0.464482
0.0762502 0.347306 0.0927549
0.179203 0.677735 0.964956
0.191022 0.597213 0.242576
